hhid,pid,wave,year,p_age,p_edu,p_employ_type,p_ind2017,p_job_begin,p_job_status,p_jobfam2017,p_jobtype,p_married,p_region,p_sex,p_wage,p0317,p4321,p6615,pa5322,extract_date
1,101,25,2022,81,2,,,,,,,3,8,2,,,,5,,2024-04-17 20:11
1,102,25,2022,54,3,1,423,2010m2,1,762,1,3,8,1,420,1,3,5,,2024-04-17 20:11
6034,201,25,2022,71,3,1,742,2020m5,2,941,1,3,1,1,140,2,3,6,,2024-04-17 20:11
2,202,25,2022,68,3,1,682,2002m3,2,941,1,3,1,2,130,2,3,6,,2024-04-17 20:11
8589,203,25,2022,43,5,,,,,,,2,5,2,,,,5,,2024-04-17 20:11
4,401,25,2022,52,6,1,620,1996m4,1,223,1,2,1,1,500,1,2,4,,2024-04-17 20:11
4,402,25,2022,53,5,,,,,,,2,1,2,,,,4,,2024-04-17 20:11
4,403,25,2022,23,4,,,,,,,1,1,1,,,,4,,2024-04-17 20:11
6,602,25,2022,87,2,,,,,,,3,1,2,,,,4,,2024-04-17 20:11
10294,603,25,2022,55,6,,,,,,,2,1,2,,,,4,,2024-04-17 20:11
6056,903,25,2022,50,6,,,,,,,2,1,2,,,,3,,2024-04-17 20:11
11,1101,25,2022,65,2,1,682,2001m1,1,941,1,2,1,1,170,2,3,5,,2024-04-17 20:11
11,1102,25,2022,73,2,,,,,,,2,1,2,,,,5,,2024-04-17 20:11
11,1103,25,2022,35,4,1,562,2020m7,1,441,1,1,1,1,250,1,3,5,,2024-04-17 20:11
12,1201,25,2022,46,6,1,872,2010m11,1,247,1,2,8,2,290,1,2,3,,2024-04-17 20:11
12,1203,25,2022,52,6,1,466,2020m1,1,510,1,2,8,1,320,1,2,3,,2024-04-17 20:11
12,1204,25,2022,18,2,,,,,,,1,8,1,,,,3,,2024-04-17 20:11
14,1402,25,2022,85,1,,,,,,,3,1,2,,,,5,,2024-04-17 20:11
15,1502,25,2022,67,2,,,,,,,3,8,2,,,,5,,2024-04-17 20:11
16,1601,25,2022,74,2,,,,,,,3,1,2,,,,6,,2024-04-17 20:11
18,1801,25,2022,77,2,,,,,,,2,1,1,,,,5,,2024-04-17 20:11
18,1802,25,2022,72,2,1,902,2017m7,1,941,1,2,1,2,160,1,3,5,,2024-04-17 20:11
9457,1803,25,2022,50,4,1,465,2002m3,1,313,1,1,1,2,310,1,3,3,,2024-04-17 20:11
18,1804,25,2022,47,6,1,712,2010m8,1,313,1,1,1,2,260,1,2,5,,2024-04-17 20:11
18,1805,25,2022,45,3,,,,,,,1,1,1,,,,6,,2024-04-17 20:11
20,2002,25,2022,64,3,,,,,,,2,1,2,,,,4,,2024-04-17 20:11
20,2003,25,2022,30,3,2,471,2021m8,4,521,2,1,1,1,180,,5,6,,2024-04-17 20:11
22,2201,25,2022,49,2,,,,,,,2,8,2,,,,4,,2024-04-17 20:11
22,2202,25,2022,55,3,2,463,2007m10,4,521,2,2,8,1,500,,3,4,,2024-04-17 20:11
22,2204,25,2022,19,4,,,,,,,1,8,2,,,,4,,2024-04-17 20:11
24,2402,25,2022,89,2,,,,,,,3,12,2,,,,4,,2024-04-17 20:11
27,2702,25,2022,84,2,,,,,,,3,1,2,,,,5,,2024-04-17 20:11
8815,3103,25,2022,49,3,2,473,2010m10,4,531,2,2,5,1,250,,3,5,,2024-04-17 20:11
32,3201,25,2022,83,3,,,,,,,2,1,1,,,,4,,2024-04-17 20:11
32,3202,25,2022,76,2,,,,,,,2,1,2,,,,4,,2024-04-17 20:11
8295,3204,25,2022,50,3,2,464,2015m4,4,521,2,2,1,1,150,,3,5,,2024-04-17 20:11
33,3301,25,2022,66,3,1,477,2006m10,1,875,1,2,1,1,220,2,3,4,,2024-04-17 20:11
33,3302,25,2022,59,2,1,141,1995m11,1,721,1,2,1,2,200,2,3,5,,2024-04-17 20:11
33,3303,25,2022,32,5,1,582,2012m6,1,223,1,1,1,2,200,1,3,4,,2024-04-17 20:11
34,3401,25,2022,61,2,2,493,2018m5,4,873,2,2,12,1,200,,3,4,,2024-04-17 20:11
34,3402,25,2022,63,2,,,,,,,2,12,2,,,,5,,2024-04-17 20:11
8720,3403,25,2022,38,3,,,,,,,3,12,1,,,,6,,2024-04-17 20:11
10397,3404,25,2022,34,2,1,107,2022m2,1,819,1,3,12,2,215,1,3,5,,2024-04-17 20:11
38,3802,25,2022,77,1,,,,,,,3,1,2,,,,4,,2024-04-17 20:11
38,3803,25,2022,51,2,1,562,2022m4,2,442,1,1,1,1,200,2,3,4,,2024-04-17 20:11
39,3901,25,2022,58,2,,,,,,,2,1,1,,,,4,,2024-04-17 20:11
39,3902,25,2022,58,2,,,,,,,2,1,2,,,,5,,2024-04-17 20:11
40,4001,25,2022,71,3,1,949,1995m3,1,159,1,2,1,1,250,2,3,2,,2024-04-17 20:11
7781,4004,25,2022,43,6,2,102,2018m6,4,811,2,2,1,1,600,,3,3,,2024-04-17 20:11
41,4101,25,2022,61,2,1,141,2000m3,1,721,1,2,1,1,150,2,4,4,,2024-04-17 20:11
41,4102,25,2022,58,2,,,,,,,2,1,2,,,,4,,2024-04-17 20:11
8722,4103,25,2022,38,3,,,,,,,2,16,2,,,,4,,2024-04-17 20:11
9946,4104,25,2022,33,3,1,649,2007m10,1,531,1,2,1,2,220,1,3,4,,2024-04-17 20:11
42,4201,25,2022,82,2,2,474,1983m3,4,521,2,3,1,2,100,,3,5,,2024-04-17 20:11
5994,4202,25,2022,50,5,,,,,,,2,1,2,,,,3,,2024-04-17 20:11
7782,4203,25,2022,48,5,,,,,,,1,1,2,,,,4,,2024-04-17 20:11
6834,4204,25,2022,45,6,1,12,2005m7,1,312,1,2,11,1,550,1,2,4,,2024-04-17 20:11
5994,4205,25,2022,54,6,2,320,2015m1,4,730,2,2,1,1,400,,3,3,,2024-04-17 20:11
5994,4206,25,2022,23,4,,,,,,,1,1,2,,,,3,,2024-04-17 20:11
44,4401,25,2022,68,2,,,,,,,2,1,1,,,,5,,2024-04-17 20:11
44,4402,25,2022,62,3,1,107,1997m7,1,521,1,2,1,2,120,1,3,5,,2024-04-17 20:11
44,4403,25,2022,27,6,,,,,,,1,1,1,,,,5,,2024-04-17 20:11
44,4404,25,2022,27,6,1,851,2019m4,1,253,1,1,1,2,250,1,3,5,,2024-04-17 20:11
47,4701,25,2022,58,6,,,,,,,2,1,1,,,,3,,2024-04-17 20:11
47,4702,25,2022,58,5,,,,,,,2,1,2,,,,3,,2024-04-17 20:11
49,4901,25,2022,79,3,,,,,,,2,1,1,,,,4,,2024-04-17 20:11
49,4902,25,2022,73,2,,,,,,,2,1,2,,,,4,,2024-04-17 20:11
5648,5003,25,2022,54,6,,,,,,,3,8,2,,,,5,,2024-04-17 20:11
51,5101,25,2022,66,4,1,561,2019m5,1,441,1,2,1,2,220,1,3,3,,2024-04-17 20:11
7279,5102,25,2022,45,6,1,872,2021m11,1,247,1,2,1,2,200,1,2,5,,2024-04-17 20:11
7422,5103,25,2022,43,6,,,,,,,2,1,2,,,,4,,2024-04-17 20:11
8297,5104,25,2022,40,6,2,855,2012m8,4,254,2,1,1,2,250,,2,3,,2024-04-17 20:11
7517,5105,25,2022,34,6,1,856,2018m1,2,254,1,3,1,2,190,2,3,4,,2024-04-17 20:11
51,5106,25,2022,72,6,1,242,2020m3,1,942,1,2,1,1,200,1,3,3,,2024-04-17 20:11
54,5401,25,2022,59,2,,,,,,,2,9,1,,,,4,,2024-04-17 20:11
54,5402,25,2022,59,3,,,,,,,2,9,2,,,,4,,2024-04-17 20:11
9947,5403,25,2022,33,5,1,259,2019m8,1,841,1,1,8,1,230,1,3,5,,2024-04-17 20:11
9459,5404,25,2022,30,6,1,759,2018m1,2,285,1,1,1,2,800,2,1,5,,2024-04-17 20:11
55,5503,25,2022,67,5,,,,,,,1,10,1,,,,6,,2024-04-17 20:11
59,5901,25,2022,92,3,1,162,1968m2,1,721,1,2,1,1,70,1,3,3,,2024-04-17 20:11
60,6002,25,2022,69,2,,,,,,,2,8,2,,,,5,,2024-04-17 20:11
61,6102,25,2022,86,2,,,,,,,3,1,2,,,,4,,2024-04-17 20:11
61,6103,25,2022,57,5,,,,,,,1,1,2,,,,4,,2024-04-17 20:11
61,6104,25,2022,53,3,,,,,,,1,1,2,,,,4,,2024-04-17 20:11
63,6301,25,2022,55,3,3,952,2003m8,5,314,2,2,8,2,,,3,4,,2024-04-17 20:11
63,6302,25,2022,56,3,2,952,1999m10,4,751,2,2,8,1,400,,3,4,,2024-04-17 20:11
10295,6303,25,2022,31,5,1,302,2022m4,1,854,1,1,11,1,360,1,3,5,,2024-04-17 20:11
63,6304,25,2022,26,6,1,841,2021m3,1,311,1,1,8,2,195,1,3,4,,2024-04-17 20:11
64,6402,25,2022,88,2,,,,,,,3,8,2,,,,5,,2024-04-17 20:11
64,6403,25,2022,54,5,1,969,2016m2,2,875,1,1,8,1,100,2,4,5,,2024-04-17 20:11
65,6502,25,2022,81,2,,,,,,,3,1,2,,,,3,,2024-04-17 20:11
65,6504,25,2022,49,5,,,,,,,1,1,2,,,,3,,2024-04-17 20:11
66,6603,25,2022,43,6,1,582,2020m11,1,222,1,1,1,1,608,1,3,4,,2024-04-17 20:11
66,6604,25,2022,66,3,2,476,2013m6,4,532,2,1,1,2,150,,3,4,,2024-04-17 20:11
67,6703,25,2022,58,3,1,471,2020m11,1,521,1,3,8,2,200,1,3,5,,2024-04-17 20:11
68,6801,25,2022,80,3,,,,,,,2,1,1,,,,4,,2024-04-17 20:11
68,6802,25,2022,75,2,,,,,,,2,1,2,,,,4,,2024-04-17 20:11
7423,6804,25,2022,41,5,1,651,2003m5,1,312,1,2,1,2,350,1,3,4,,2024-04-17 20:11
68,6805,25,2022,26,3,,,,,,,1,1,1,,,,4,,2024-04-17 20:11
72,7201,25,2022,78,3,,,,,,,2,1,1,,,,4,,2024-04-17 20:11
72,7202,25,2022,73,3,1,969,2007m8,2,421,1,2,1,2,100,2,2,4,,2024-04-17 20:11
10296,7205,25,2022,42,6,1,861,2010m5,1,243,1,1,1,2,300,1,2,4,,2024-04-17 20:11
73,7301,25,2022,72,2,1,492,2013m4,2,875,1,2,1,1,120,2,3,4,,2024-04-17 20:11
73,7302,25,2022,71,2,,,,,,,2,1,2,,,,4,,2024-04-17 20:11
9598,7303,25,2022,45,6,1,582,2011m1,1,224,1,2,1,1,200,1,3,4,,2024-04-17 20:11
8816,7304,25,2022,43,6,,,,,,,2,1,2,,,,4,,2024-04-17 20:11
75,7501,25,2022,51,3,,,,,,,2,1,1,,,,6,,2024-04-17 20:11
75,7502,25,2022,51,3,1,872,2017m9,2,421,1,2,1,2,200,2,3,6,,2024-04-17 20:11
75,7503,25,2022,23,4,1,911,2021m10,2,286,1,1,1,1,200,2,2,6,,2024-04-17 20:11
75,7504,25,2022,20,4,,,,,,,1,1,2,,,,5,,2024-04-17 20:11
5535,7601,25,2022,51,2,1,561,2021m11,1,521,1,2,13,2,200,1,2,4,,2024-04-17 20:11
7424,7602,25,2022,49,3,,,,,,,2,1,2,,,,5,,2024-04-17 20:11
76,7603,25,2022,55,3,1,561,2018m1,2,442,1,2,1,2,100,2,3,4,,2024-04-17 20:11
76,7605,25,2022,60,3,,,,,,,2,1,1,,,,4,,2024-04-17 20:11
79,7901,25,2022,73,6,,,,,,,2,1,1,,,,3,,2024-04-17 20:11
79,7902,25,2022,70,6,,,,,,,2,1,2,,,,4,,2024-04-17 20:11
7281,7904,25,2022,44,6,1,681,2004m4,1,231,1,2,1,1,630,1,2,4,,2024-04-17 20:11
79,7905,25,2022,40,5,1,851,2010m3,1,253,1,1,1,2,400,1,2,3,,2024-04-17 20:11
80,8001,25,2022,77,3,,,,,,,2,1,1,,,,4,,2024-04-17 20:11
80,8002,25,2022,71,3,,,,,,,2,1,2,,,,4,,2024-04-17 20:11
80,8004,25,2022,42,6,,,,,,,1,1,1,,,,4,,2024-04-17 20:11
82,8201,25,2022,50,6,1,292,2022m4,1,141,1,2,1,1,400,1,2,4,,2024-04-17 20:11
6288,8202,25,2022,74,3,,,,,,,2,1,1,,,,4,,2024-04-17 20:11
6288,8203,25,2022,73,3,,,,,,,2,1,2,,,,4,,2024-04-17 20:11
82,8204,25,2022,44,6,1,581,2002m10,1,285,1,2,1,2,250,1,3,4,,2024-04-17 20:11
82,8205,25,2022,17,2,,,,,,,1,1,2,,,,4,,2024-04-17 20:11
83,8301,25,2022,74,6,,,,,,,2,5,1,,,,4,,2024-04-17 20:11
83,8302,25,2022,68,3,,,,,,,2,5,2,,,,4,,2024-04-17 20:11
8591,8303,25,2022,42,6,1,856,2020m1,2,254,1,2,5,2,78,2,2,3,,2024-04-17 20:11
8592,8304,25,2022,41,6,,,,,,,2,5,2,,,,4,,2024-04-17 20:11
85,8501,25,2022,83,2,,,,,,,2,8,1,,,,4,,2024-04-17 20:11
85,8502,25,2022,78,2,,,,,,,2,8,2,,,,5,,2024-04-17 20:11
5788,8503,25,2022,48,3,2,181,2018m1,4,892,2,2,1,1,200,,2,4,,2024-04-17 20:11
6400,8504,25,2022,45,3,3,,,,,,2,1,2,,,,5,,2024-04-17 20:11
8021,8603,25,2022,45,6,1,201,2012m5,1,232,1,2,8,1,480,1,3,5,,2024-04-17 20:11
9067,8604,25,2022,43,6,2,422,2022m1,4,792,2,1,8,1,250,,3,5,,2024-04-17 20:11
87,8701,25,2022,62,3,1,682,2012m8,2,274,1,1,1,1,200,2,3,5,,2024-04-17 20:11
88,8801,25,2022,62,2,1,861,2018m3,1,392,1,2,1,1,240,1,2,4,,2024-04-17 20:11
88,8802,25,2022,57,2,1,141,2021m1,1,721,1,2,1,2,250,1,2,4,,2024-04-17 20:11
9068,8803,25,2022,33,3,,,,,,,3,8,2,,,,5,,2024-04-17 20:11
88,8804,25,2022,31,4,1,463,2020m9,1,521,1,1,1,1,230,1,3,4,,2024-04-17 20:11
89,8902,25,2022,86,2,,,,,,,3,1,2,,,,6,,2024-04-17 20:11
91,9101,25,2022,75,3,1,682,2019m2,2,941,1,2,1,1,100,2,2,3,,2024-04-17 20:11
91,9102,25,2022,70,2,,,,,,,2,1,2,,,,3,,2024-04-17 20:11
6426,9103,25,2022,47,6,2,721,2021m10,4,231,2,2,8,1,300,,2,4,,2024-04-17 20:11
8565,9104,25,2022,45,6,1,715,2012m2,1,273,1,2,1,1,530,1,2,4,,2024-04-17 20:11
8566,9105,25,2022,40,6,,,,,,,2,1,2,,,,3,,2024-04-17 20:11
92,9201,25,2022,65,3,,,,,,,3,1,2,,,,4,,2024-04-17 20:11
6633,9202,25,2022,43,5,1,474,2017m6,1,521,1,1,1,1,400,1,3,4,,2024-04-17 20:11
92,9203,25,2022,31,6,1,949,2020m6,1,312,1,1,1,2,250,1,3,4,,2024-04-17 20:11
10297,9204,25,2022,30,6,1,841,2015m10,1,311,1,1,19,2,260,1,2,4,,2024-04-17 20:11
93,9301,25,2022,71,2,,,,,,,2,1,1,,,,4,,2024-04-17 20:11
93,9302,25,2022,38,3,1,472,2020m8,2,521,1,1,1,1,270,2,2,3,,2024-04-17 20:11
93,9303,25,2022,63,2,1,561,2002m12,1,441,1,2,1,2,270,2,2,3,,2024-04-17 20:11
97,9701,25,2022,53,3,1,411,2021m7,3,792,1,2,8,1,470,2,3,4,,2024-04-17 20:11
97,9702,25,2022,56,3,,,,,,,2,8,2,,,,5,,2024-04-17 20:11
98,9801,25,2022,64,2,2,492,2004m2,4,875,2,2,1,1,300,,2,4,,2024-04-17 20:11
98,9802,25,2022,63,2,1,561,2021m9,1,952,1,2,1,2,280,1,3,4,,2024-04-17 20:11
9460,9803,25,2022,38,6,,,,,,,2,1,2,,,,4,,2024-04-17 20:11
98,9804,25,2022,36,5,1,582,2021m6,2,222,1,1,1,1,530,2,3,3,,2024-04-17 20:11
101,10101,25,2022,68,6,1,872,2022m6,2,873,1,2,11,1,97,2,3,3,,2024-04-17 20:11
101,10102,25,2022,66,6,,,,,,,2,11,2,,,,4,,2024-04-17 20:11
103,10301,25,2022,76,2,,,,,,,2,8,1,,,,5,,2024-04-17 20:11
103,10302,25,2022,71,2,,,,,,,2,8,2,,,,5,,2024-04-17 20:11
103,10304,25,2022,46,6,1,855,2019m3,2,254,1,1,8,2,190,2,3,5,,2024-04-17 20:11
104,10402,25,2022,75,2,,,,,,,3,1,2,,,,5,,2024-04-17 20:11
5134,10404,25,2022,50,6,1,241,1998m3,1,312,1,2,5,1,920,1,2,5,,2024-04-17 20:11
106,10601,25,2022,66,3,1,141,2012m1,1,721,1,2,1,1,250,1,4,5,,2024-04-17 20:11
106,10602,25,2022,65,3,,,,,,,2,1,2,,,,5,,2024-04-17 20:11
9461,10604,25,2022,36,3,,,,,,,2,1,2,,,,4,,2024-04-17 20:11
8169,10704,25,2022,62,2,2,132,1988m6,4,521,2,3,8,2,200,,3,4,,2024-04-17 20:11
9164,10705,25,2022,37,6,1,853,2016m3,2,251,1,2,1,2,50,2,2,4,,2024-04-17 20:11
8169,10706,25,2022,34,6,2,478,2020m1,4,242,2,1,8,1,300,,3,5,,2024-04-17 20:11
108,10803,25,2022,61,6,1,949,2016m7,1,248,1,2,5,1,370,1,2,4,,2024-04-17 20:11
108,10804,25,2022,56,3,,,,,,,2,5,2,,,,4,,2024-04-17 20:11
108,10805,25,2022,20,4,,,,,,,1,5,2,,,,4,,2024-04-17 20:11
109,10902,25,2022,83,2,,,,,,,3,1,2,,,,5,,2024-04-17 20:11
112,11202,25,2022,75,2,2,961,2013m10,4,422,2,3,1,2,100,,2,5,,2024-04-17 20:11
7121,11204,25,2022,48,6,,,,,,,2,1,2,,,,4,,2024-04-17 20:11
8583,11206,25,2022,42,6,1,222,2014m11,1,312,1,1,1,2,400,1,4,3,,2024-04-17 20:11
113,11302,25,2022,63,3,1,611,2022m3,3,,1,2,1,1,70,2,2,3,,2024-04-17 20:11
113,11303,25,2022,60,3,,,,,,,2,1,2,,,,3,,2024-04-17 20:11
9350,11304,25,2022,34,6,2,582,2022m1,4,222,2,1,1,1,300,,2,4,,2024-04-17 20:11
10034,11305,25,2022,31,6,1,620,2020m4,1,312,1,2,8,1,300,1,3,4,,2024-04-17 20:11
114,11401,25,2022,66,6,,,,,,,3,8,1,,,,5,,2024-04-17 20:11
115,11502,25,2022,62,3,2,561,2002m4,4,441,2,3,1,2,300,,3,4,,2024-04-17 20:11
9069,11503,25,2022,33,5,,,,,,,2,1,2,,,,4,,2024-04-17 20:11
115,11504,25,2022,30,3,1,872,2015m1,1,312,1,1,1,2,230,1,2,4,,2024-04-17 20:11
119,11901,25,2022,70,2,,,,,,,3,10,1,,,,6,,2024-04-17 20:11
120,12001,25,2022,72,2,1,851,2011m10,2,875,1,2,1,1,270,2,2,4,,2024-04-17 20:11
120,12002,25,2022,66,2,,,,,,,2,1,2,,,,4,,2024-04-17 20:11
120,12004,25,2022,38,6,,,,,,,1,1,1,,,,3,,2024-04-17 20:11
123,12301,25,2022,64,2,2,561,2007m9,4,441,2,2,8,1,300,,3,4,,2024-04-17 20:11
123,12302,25,2022,61,2,3,561,2007m9,5,441,2,2,8,2,,,3,4,,2024-04-17 20:11
123,12303,25,2022,40,5,1,561,2017m1,2,922,1,1,8,1,200,2,3,4,,2024-04-17 20:11
123,12304,25,2022,38,3,1,561,2018m2,2,952,1,1,8,1,190,2,3,4,,2024-04-17 20:11
124,12401,25,2022,55,3,2,474,1992m3,4,521,2,2,1,1,1200,,2,3,,2024-04-17 20:11
124,12402,25,2022,53,5,2,474,2013m1,4,521,2,2,1,2,500,,2,4,,2024-04-17 20:11
125,12501,25,2022,50,5,1,662,2020m5,1,510,1,2,11,2,530,2,2,4,,2024-04-17 20:11
125,12502,25,2022,55,5,1,493,2018m1,1,873,1,2,11,1,540,2,2,4,,2024-04-17 20:11
125,12504,25,2022,19,3,,,,,,,1,11,1,,,,4,,2024-04-17 20:11
126,12601,25,2022,70,2,,,,,,,2,1,1,,,,3,,2024-04-17 20:11
126,12602,25,2022,67,2,,,,,,,2,1,2,,,,3,,2024-04-17 20:11
7282,12603,25,2022,42,6,,,,,,,2,1,2,,,,3,,2024-04-17 20:11
8909,12604,25,2022,41,6,1,729,2007m5,1,236,1,2,1,1,370,1,2,3,,2024-04-17 20:11
127,12702,25,2022,92,2,,,,,,,3,1,2,,,,4,,2024-04-17 20:11
128,12802,25,2022,85,2,,,,,,,3,1,2,,,,5,,2024-04-17 20:11
128,12803,25,2022,55,3,1,261,2022m4,1,312,1,2,1,1,400,2,3,5,,2024-04-17 20:11
128,12804,25,2022,52,3,1,474,2010m1,2,521,1,2,1,2,200,2,3,4,,2024-04-17 20:11
128,12806,25,2022,21,4,1,855,2021m9,3,254,1,1,1,1,60,2,3,4,,2024-04-17 20:11
128,12807,25,2022,16,2,,,,,,,1,1,1,,,,4,,2024-04-17 20:11
131,13101,25,2022,67,2,2,492,2007m7,4,875,2,2,1,1,300,,2,3,,2024-04-17 20:11
131,13102,25,2022,67,2,1,561,2014m2,3,952,1,2,1,2,300,2,2,4,,2024-04-17 20:11
7917,13103,25,2022,43,6,1,853,2006m4,1,312,1,2,1,2,400,1,2,4,,2024-04-17 20:11
133,13301,25,2022,76,2,,,,,,,2,1,1,,,,4,,2024-04-17 20:11
133,13302,25,2022,74,2,,,,,,,2,1,2,,,,4,,2024-04-17 20:11
9851,13304,25,2022,47,4,1,861,2017m7,1,246,1,3,8,2,200,1,2,3,,2024-04-17 20:11
134,13401,25,2022,66,3,,,,,,,3,1,2,,,,3,,2024-04-17 20:11
134,13403,25,2022,39,6,1,841,2011m1,1,311,1,1,1,2,350,1,2,3,,2024-04-17 20:11
134,13404,25,2022,36,6,,,,,,,1,1,1,,,,4,,2024-04-17 20:11
135,13501,25,2022,65,3,,,,,,,3,8,2,,,,4,,2024-04-17 20:11
5991,13603,25,2022,46,5,,,,,,,2,8,2,,,,4,,2024-04-17 20:11
137,13701,25,2022,75,3,,,,,,,2,1,1,,,,4,,2024-04-17 20:11
137,13702,25,2022,69,2,,,,,,,2,1,2,,,,4,,2024-04-17 20:11
137,13703,25,2022,44,6,,,,,,,1,1,2,,,,4,,2024-04-17 20:11
9166,13704,25,2022,40,3,1,473,2008m8,2,531,1,1,1,1,250,2,3,5,,2024-04-17 20:11
138,13803,25,2022,71,3,,,,,,,3,8,2,,,,6,,2024-04-17 20:11
139,13901,25,2022,63,3,2,492,2014m5,4,875,2,2,1,1,350,,2,4,,2024-04-17 20:11
139,13902,25,2022,61,3,1,969,2007m7,1,429,1,2,1,2,280,1,2,3,,2024-04-17 20:11
9070,13903,25,2022,33,6,1,872,2013m3,1,247,1,1,1,2,300,2,2,3,,2024-04-17 20:11
9265,13904,25,2022,31,5,1,872,2017m1,1,312,1,1,1,2,320,1,2,3,,2024-04-17 20:11
139,13905,25,2022,22,4,,,,,,,1,1,1,,,,3,,2024-04-17 20:11
141,14101,25,2022,73,1,,,,,,,3,1,2,,,,5,,2024-04-17 20:11
141,14102,25,2022,50,5,1,464,2014m5,2,922,1,1,1,1,300,2,3,4,,2024-04-17 20:11
142,14202,25,2022,52,6,1,853,2011m8,1,251,1,2,1,1,416,1,2,3,,2024-04-17 20:11
142,14203,25,2022,45,3,1,641,1997m3,1,320,1,2,1,2,680,1,2,3,,2024-04-17 20:11
142,14204,25,2022,22,4,,,,,,,1,1,1,,,,3,,2024-04-17 20:11
142,14205,25,2022,21,4,,,,,,,1,1,2,,,,2,,2024-04-17 20:11
145,14501,25,2022,68,3,1,492,2005m11,1,875,1,2,1,1,350,1,2,4,,2024-04-17 20:11
145,14502,25,2022,66,2,,,,,,,2,1,2,,,,3,,2024-04-17 20:11
145,14503,25,2022,38,6,1,861,2016m4,1,281,1,1,1,2,350,1,2,3,,2024-04-17 20:11
145,14504,25,2022,35,5,,,,,,,1,1,1,,,,3,,2024-04-17 20:11
146,14601,25,2022,70,2,2,493,2018m8,4,873,2,2,1,1,150,,3,4,,2024-04-17 20:11
146,14602,25,2022,72,2,,,,,,,2,1,2,,,,4,,2024-04-17 20:11
148,14802,25,2022,83,3,,,,,,,3,1,2,,,,6,,2024-04-17 20:11
148,14804,25,2022,48,6,,,,,,,1,1,1,,,,6,,2024-04-17 20:11
8910,14807,25,2022,56,3,,,,,,,3,1,2,,,,6,,2024-04-17 20:11
148,14809,25,2022,53,6,1,471,2019m1,1,521,1,1,1,2,200,1,2,6,,2024-04-17 20:11
8910,14810,25,2022,24,4,,,,,,,1,1,2,,,,6,,2024-04-17 20:11
149,14901,25,2022,64,3,1,411,2006m4,2,910,1,2,1,1,360,2,2,3,,2024-04-17 20:11
149,14902,25,2022,65,3,,,,,,,2,1,2,,,,3,,2024-04-17 20:11
9167,14903,25,2022,37,5,1,952,2009m1,1,751,1,2,8,1,330,2,3,5,,2024-04-17 20:11
149,14904,25,2022,33,6,1,351,2013m11,1,311,1,1,1,1,738,1,2,3,,2024-04-17 20:11
150,15001,25,2022,76,2,,,,,,,2,5,1,,,,4,,2024-04-17 20:11
150,15002,25,2022,74,2,,,,,,,2,5,2,,,,4,,2024-04-17 20:11
7523,15003,25,2022,50,6,2,582,2009m4,4,223,2,2,8,1,300,,3,5,,2024-04-17 20:11
7785,15005,25,2022,42,5,,,,,,,2,5,2,,,,4,,2024-04-17 20:11
6023,15301,25,2022,54,6,1,841,1997m4,1,311,1,2,1,1,600,1,2,3,,2024-04-17 20:11
154,15402,25,2022,77,2,,,,,,,3,1,2,,,,4,,2024-04-17 20:11
155,15501,25,2022,54,3,2,463,2011m10,4,922,2,2,1,1,350,,3,4,,2024-04-17 20:11
155,15502,25,2022,52,6,1,139,2009m10,1,285,1,2,1,2,210,1,3,4,,2024-04-17 20:11
155,15503,25,2022,26,6,,,,,,,1,1,1,,,,4,,2024-04-17 20:11
155,15504,25,2022,23,5,1,732,2020m1,1,285,1,1,1,2,240,1,3,4,,2024-04-17 20:11
155,15505,25,2022,84,1,,,,,,,3,1,2,,,,4,,2024-04-17 20:11
156,15601,25,2022,56,6,1,466,2014m5,1,510,1,2,1,1,440,1,3,4,,2024-04-17 20:11
156,15602,25,2022,54,5,,,,,,,2,1,2,,,,4,,2024-04-17 20:11
156,15603,25,2022,23,6,1,861,2022m5,1,243,1,1,1,2,300,1,2,3,,2024-04-17 20:11
156,15604,25,2022,19,3,,,,,,,1,1,1,,,,4,,2024-04-17 20:11
157,15701,25,2022,75,3,,,,,,,2,1,1,,,,3,,2024-04-17 20:11
157,15702,25,2022,73,3,,,,,,,2,1,2,,,,3,,2024-04-17 20:11
6051,15703,25,2022,48,6,1,855,2011m9,2,254,1,1,1,2,218,2,3,3,,2024-04-17 20:11
5780,15705,25,2022,46,5,,,,,,,2,1,2,,,,3,,2024-04-17 20:11
6673,15706,25,2022,43,5,3,561,2022m5,5,441,2,2,9,2,,,3,5,,2024-04-17 20:11
164,16401,25,2022,73,6,,,,,,,2,1,1,,,,3,,2024-04-17 20:11
164,16402,25,2022,69,3,,,,,,,2,1,2,,,,3,,2024-04-17 20:11
8022,16403,25,2022,43,6,1,701,2004m10,1,235,1,2,1,1,380,1,3,4,,2024-04-17 20:11
164,16404,25,2022,41,6,1,211,2010m3,1,237,1,3,1,1,300,1,3,3,,2024-04-17 20:11
9690,16502,25,2022,63,3,,,,,,,2,9,2,,,,4,,2024-04-17 20:11
165,16503,25,2022,41,5,2,479,2015m1,4,531,2,1,8,2,600,,2,4,,2024-04-17 20:11
8723,16504,25,2022,40,3,2,562,2018m4,4,441,2,2,8,2,300,,3,5,,2024-04-17 20:11
166,16601,25,2022,68,3,,,,,,,2,8,1,,,,5,,2024-04-17 20:11
166,16602,25,2022,65,3,,,,,,,2,8,2,,,,5,,2024-04-17 20:11
9599,16603,25,2022,39,6,1,311,2019m8,1,312,1,1,1,1,500,1,3,4,,2024-04-17 20:11
9071,16604,25,2022,35,5,,,,,,,2,1,2,,,,2,,2024-04-17 20:11
167,16702,25,2022,57,5,,,,,,,2,1,2,,,,4,,2024-04-17 20:11
167,16703,25,2022,54,6,1,702,2015m3,1,131,1,2,1,1,500,1,2,4,,2024-04-17 20:11
168,16801,25,2022,66,3,,,,,,,2,8,1,,,,5,,2024-04-17 20:11
168,16802,25,2022,64,3,,,,,,,2,8,2,,,,5,,2024-04-17 20:11
7918,16803,25,2022,41,6,,,,,,,2,8,2,,,,5,,2024-04-17 20:11
9525,16804,25,2022,38,5,,,,,,,2,8,2,,,,4,,2024-04-17 20:11
9948,16805,25,2022,33,5,1,861,2017m2,1,243,1,2,1,2,300,1,3,3,,2024-04-17 20:11
169,16901,25,2022,73,2,,,,,,,2,1,1,,,,5,,2024-04-17 20:11
169,16902,25,2022,72,2,,,,,,,2,1,2,,,,5,,2024-04-17 20:11
170,17001,25,2022,61,2,2,492,1993m11,4,875,2,2,1,1,300,,3,4,,2024-04-17 20:11
170,17002,25,2022,56,3,1,478,2022m6,2,521,1,2,1,2,80,2,3,4,,2024-04-17 20:11
170,17004,25,2022,25,5,,,,,,,1,1,2,,,,5,,2024-04-17 20:11
171,17102,25,2022,56,3,1,682,2021m10,2,922,1,2,1,1,200,2,3,5,,2024-04-17 20:11
173,17301,25,2022,62,3,2,259,1990m6,4,854,2,2,1,1,400,,2,3,,2024-04-17 20:11
173,17302,25,2022,56,2,1,561,2008m11,1,441,1,2,1,2,250,1,2,3,,2024-04-17 20:11
173,17303,25,2022,31,5,1,479,2016m7,2,399,1,1,1,2,300,2,2,3,,2024-04-17 20:11
173,17304,25,2022,28,6,,,,,,,1,1,2,,,,3,,2024-04-17 20:11
173,17305,25,2022,19,3,,,,,,,1,1,1,,,,3,,2024-04-17 20:11
6045,17402,25,2022,59,3,,,,,,,3,8,2,,,,5,,2024-04-17 20:11
6045,17403,25,2022,34,4,1,582,2014m12,1,223,1,1,8,1,235,1,3,5,,2024-04-17 20:11
10190,17404,25,2022,27,5,1,582,2021m9,1,222,1,1,8,1,235,2,3,5,,2024-04-17 20:11
175,17502,25,2022,66,2,1,141,2021m1,2,721,1,3,1,2,100,2,3,5,,2024-04-17 20:11
9526,17503,25,2022,42,6,1,612,2019m7,1,221,1,2,1,1,600,1,2,2,,2024-04-17 20:11
9072,17504,25,2022,40,6,,,,,,,2,8,2,,,,3,,2024-04-17 20:11
176,17601,25,2022,56,3,,,,,,,1,8,1,,,,5,,2024-04-17 20:11
176,17602,25,2022,87,2,,,,,,,2,8,1,,,,5,,2024-04-17 20:11
176,17603,25,2022,84,2,,,,,,,2,8,2,,,,5,,2024-04-17 20:11
5354,17604,25,2022,51,3,1,262,2016m10,2,864,1,3,8,2,180,2,3,6,,2024-04-17 20:11
178,17802,25,2022,82,2,,,,,,,3,1,2,,,,4,,2024-04-17 20:11
179,17901,25,2022,63,2,2,141,2013m8,4,721,2,1,8,2,150,,3,5,,2024-04-17 20:11
179,17910,25,2022,91,2,,,,,,,3,8,2,,,,5,,2024-04-17 20:11
180,18001,25,2022,91,2,,,,,,,2,1,1,,,,3,,2024-04-17 20:11
180,18002,25,2022,85,2,,,,,,,2,1,2,,,,4,,2024-04-17 20:11
181,18101,25,2022,68,2,1,872,2021m6,1,873,1,2,1,1,130,2,3,5,,2024-04-17 20:11
181,18102,25,2022,62,2,1,969,2015m2,1,429,1,2,1,2,120,2,3,5,,2024-04-17 20:11
182,18201,25,2022,67,2,1,222,2009m8,3,832,1,2,8,1,300,2,3,5,,2024-04-17 20:11
182,18202,25,2022,64,2,,,,,,,2,8,2,,,,5,,2024-04-17 20:11
5849,18303,25,2022,51,6,1,465,2018m8,1,521,1,2,7,1,400,1,2,5,,2024-04-17 20:11
5849,18304,25,2022,48,6,,,,,,,2,7,2,,,,5,,2024-04-17 20:11
187,18702,25,2022,61,3,,,,,,,2,8,2,,,,5,,2024-04-17 20:11
9073,18704,25,2022,32,6,1,479,2020m1,1,312,1,2,1,2,420,1,4,4,,2024-04-17 20:11
188,18802,25,2022,56,2,,,,,,,3,1,2,,,,5,,2024-04-17 20:11
188,18806,25,2022,22,5,1,856,2022m6,1,314,1,1,1,2,190,1,3,5,,2024-04-17 20:11
188,18807,25,2022,15,2,,,,,,,1,1,2,,,,5,,2024-04-17 20:11
189,18901,25,2022,68,6,,,,,,,2,8,1,,,,4,,2024-04-17 20:11
189,18902,25,2022,64,5,,,,,,,2,8,2,,,,4,,2024-04-17 20:11
9074,18903,25,2022,36,6,1,411,2013m1,1,235,1,2,1,1,550,1,2,4,,2024-04-17 20:11
191,19102,25,2022,66,3,,,,,,,2,9,2,,,,5,,2024-04-17 20:11
7284,19104,25,2022,41,6,,,,,,,2,1,2,,,,4,,2024-04-17 20:11
6699,19105,25,2022,46,3,1,620,2019m9,2,274,1,2,8,1,600,2,2,4,,2024-04-17 20:11
192,19202,25,2022,62,3,,,,,,,1,1,1,,,,6,,2024-04-17 20:11
192,19203,25,2022,60,3,,,,,,,3,1,2,,,,6,,2024-04-17 20:11
193,19301,25,2022,77,4,,,,,,,3,16,1,,,,3,,2024-04-17 20:11
194,19401,25,2022,56,3,1,424,1999m7,3,782,1,2,1,1,220,2,4,5,,2024-04-17 20:11
194,19402,25,2022,54,3,1,872,2022m7,2,441,1,2,1,2,195,2,3,5,,2024-04-17 20:11
194,19405,25,2022,20,4,1,961,2022m9,2,422,1,1,1,2,190,2,4,5,,2024-04-17 20:11
7285,19606,25,2022,43,3,1,423,2013m4,1,762,1,2,8,1,370,1,3,4,,2024-04-17 20:11
5638,19607,25,2022,50,3,,,,,,,2,1,2,,,,4,,2024-04-17 20:11
197,19701,25,2022,57,3,2,466,1997m6,4,521,2,2,8,1,500,,3,5,,2024-04-17 20:11
197,19702,25,2022,56,3,1,611,2017m7,2,311,1,2,8,2,120,2,3,5,,2024-04-17 20:11
200,20001,25,2022,77,2,,,,,,,2,1,1,,,,4,,2024-04-17 20:11
200,20002,25,2022,72,2,,,,,,,2,1,2,,,,4,,2024-04-17 20:11
201,20101,25,2022,64,2,1,411,2021m9,3,941,1,2,1,1,312,2,4,3,,2024-04-17 20:11
201,20102,25,2022,60,2,,,,,,,2,1,2,,,,3,,2024-04-17 20:11
201,20104,25,2022,39,6,,,,,,,1,1,2,,,,5,,2024-04-17 20:11
201,20105,25,2022,41,3,,,,,,,3,1,2,,,,4,,2024-04-17 20:11
202,20201,25,2022,71,3,,,,,,,2,1,1,,,,3,,2024-04-17 20:11
202,20202,25,2022,67,2,,,,,,,2,1,2,,,,4,,2024-04-17 20:11
7526,20203,25,2022,43,5,1,111,1996m10,1,312,1,2,1,2,400,1,3,4,,2024-04-17 20:11
9075,20204,25,2022,39,5,1,471,2021m8,1,313,1,2,1,2,200,1,3,3,,2024-04-17 20:11
202,20205,25,2022,38,6,1,581,2007m1,1,312,1,2,1,2,400,1,2,2,,2024-04-17 20:11
203,20301,25,2022,56,6,1,465,2015m5,1,312,1,2,1,1,400,1,2,3,,2024-04-17 20:11
203,20302,25,2022,53,6,1,473,2015m1,2,254,1,2,1,2,300,2,2,3,,2024-04-17 20:11
203,20303,25,2022,23,3,,,,,,,1,1,1,,,,3,,2024-04-17 20:11
203,20304,25,2022,20,4,,,,,,,1,1,2,,,,3,,2024-04-17 20:11
204,20401,25,2022,80,6,,,,,,,2,1,1,,,,2,,2024-04-17 20:11
204,20402,25,2022,78,6,,,,,,,2,1,2,,,,2,,2024-04-17 20:11
7527,20403,25,2022,42,6,1,271,2020m6,1,312,1,2,1,2,200,1,2,3,,2024-04-17 20:11
8499,20404,25,2022,41,6,,,,,,,2,7,2,,,,4,,2024-04-17 20:11
206,20601,25,2022,73,2,,,,,,,3,9,1,,,,6,,2024-04-17 20:11
5355,20603,25,2022,49,6,2,872,2016m11,4,254,2,2,9,2,300,,3,5,,2024-04-17 20:11
7287,20604,25,2022,44,6,1,264,2010m5,1,221,1,2,8,1,450,1,4,4,,2024-04-17 20:11
7786,20605,25,2022,34,6,1,681,2022m10,1,274,1,1,1,2,250,1,3,5,,2024-04-17 20:11
208,20802,25,2022,68,2,,,,,,,3,1,2,,,,3,,2024-04-17 20:11
210,21001,25,2022,59,3,2,424,1987m5,4,783,2,2,8,1,300,,3,5,,2024-04-17 20:11
210,21002,25,2022,58,3,1,852,2014m3,1,314,1,2,8,2,200,2,2,4,,2024-04-17 20:11
210,21004,25,2022,27,6,1,241,2019m3,1,224,1,1,8,2,230,1,2,4,,2024-04-17 20:11
210,21005,25,2022,24,4,,,,,,,1,8,1,,,,5,,2024-04-17 20:11
211,21101,25,2022,62,3,,,,,,,3,5,2,,,,5,,2024-04-17 20:11
212,21202,25,2022,67,2,1,970,2019m3,3,951,1,3,1,2,120,2,3,4,,2024-04-17 20:11
9462,21203,25,2022,42,6,1,620,2008m3,1,223,1,2,16,1,600,1,2,3,,2024-04-17 20:11
212,21204,25,2022,38,5,1,465,2020m3,2,922,1,1,1,1,200,2,3,5,,2024-04-17 20:11
214,21401,25,2022,56,2,1,424,2000m4,1,783,1,2,8,1,350,-1,2,4,,2024-04-17 20:11
214,21402,25,2022,53,2,1,861,2014m5,1,429,1,2,8,2,250,1,2,4,,2024-04-17 20:11
214,21403,25,2022,25,4,,,,,,,1,8,2,,,,4,,2024-04-17 20:11
214,21404,25,2022,23,6,,,,,,,1,8,2,,,,4,,2024-04-17 20:11
6432,21601,25,2022,68,3,,,,,,,3,8,1,,,,6,,2024-04-17 20:11
216,21602,25,2022,64,2,1,759,2019m4,2,930,1,3,1,2,60,2,4,6,,2024-04-17 20:11
216,21603,25,2022,41,5,1,464,2006m2,1,521,1,1,1,1,260,2,3,6,,2024-04-17 20:11
219,21901,25,2022,54,2,3,,,,,,2,8,1,,,,5,,2024-04-17 20:11
219,21902,25,2022,53,3,,,,,,,3,8,2,,,,6,,2024-04-17 20:11
9600,21903,25,2022,29,3,,,,,,,2,8,2,,,,5,,2024-04-17 20:11
220,22001,25,2022,69,3,1,682,2012m6,2,942,1,2,1,1,180,2,3,4,,2024-04-17 20:11
220,22002,25,2022,67,2,,,,,,,2,1,2,,,,4,,2024-04-17 20:11
7529,22003,25,2022,44,3,1,492,2019m6,1,873,1,2,1,1,270,1,3,5,,2024-04-17 20:11
7427,22004,25,2022,42,3,1,759,2012m3,1,312,1,2,1,2,350,2,3,5,,2024-04-17 20:11
9791,22005,25,2022,88,2,,,,,,,3,1,2,,,,5,,2024-04-17 20:11
221,22101,25,2022,68,2,2,494,2013m6,4,922,2,2,1,1,180,,4,4,,2024-04-17 20:11
221,22102,25,2022,69,2,,,,,,,2,1,2,,,,4,,2024-04-17 20:11
8298,22103,25,2022,42,6,1,265,2010m3,1,223,1,2,8,1,500,1,2,3,,2024-04-17 20:11
231,23101,25,2022,90,2,,,,,,,2,1,1,,,,5,,2024-04-17 20:11
231,23102,25,2022,86,2,,,,,,,2,1,2,,,,4,,2024-04-17 20:11
232,23201,25,2022,69,6,,,,,,,2,1,1,,,,4,,2024-04-17 20:11
232,23202,25,2022,67,3,,,,,,,2,1,2,,,,4,,2024-04-17 20:11
234,23401,25,2022,83,3,,,,,,,2,1,1,,,,4,,2024-04-17 20:11
234,23402,25,2022,79,3,,,,,,,2,1,2,,,,3,,2024-04-17 20:11
235,23501,25,2022,82,2,,,,,,,3,8,2,,,,5,,2024-04-17 20:11
7923,23502,25,2022,42,5,2,451,2019m6,4,510,2,3,1,1,300,,2,5,,2024-04-17 20:11
237,23701,25,2022,77,2,,,,,,,2,1,1,,,,6,,2024-04-17 20:11
237,23702,25,2022,75,2,,,,,,,2,1,2,,,,4,,2024-04-17 20:11
5263,23703,25,2022,54,2,2,953,1993m11,4,722,2,2,1,1,100,,3,5,,2024-04-17 20:11
5263,23704,25,2022,50,3,2,472,2021m7,4,521,2,2,1,2,100,,3,4,,2024-04-17 20:11
5524,23705,25,2022,48,3,1,412,2007m11,1,910,1,3,1,1,350,1,2,4,,2024-04-17 20:11
239,23901,25,2022,58,3,1,381,2022m1,1,941,1,2,1,1,340,1,3,6,,2024-04-17 20:11
239,23902,25,2022,53,3,1,681,2018m12,1,313,1,2,1,2,200,1,2,6,,2024-04-17 20:11
239,23903,25,2022,19,3,,,,,,,1,1,1,,,,6,,2024-04-17 20:11
240,24001,25,2022,54,3,,,,,,,1,8,1,,,,5,,2024-04-17 20:11
241,24101,25,2022,60,3,1,412,2021m11,3,782,1,2,13,1,250,2,2,4,,2024-04-17 20:11
241,24102,25,2022,54,2,1,311,2022m8,1,743,1,2,13,2,190,1,2,4,,2024-04-17 20:11
243,24301,25,2022,68,4,1,411,2018m8,3,782,1,2,1,1,170,2,3,5,,2024-04-17 20:11
243,24302,25,2022,75,1,,,,,,,2,1,2,,,,5,,2024-04-17 20:11
244,24401,25,2022,65,6,1,410,2016m1,3,141,1,2,8,1,200,1,3,5,,2024-04-17 20:11
244,24402,25,2022,61,2,1,561,2018m1,2,952,1,2,8,2,190,2,3,5,,2024-04-17 20:11
244,24404,25,2022,32,5,1,474,2022m12,1,521,1,1,8,1,185,2,3,6,,2024-04-17 20:11
245,24501,25,2022,67,2,2,424,1983m4,4,792,2,1,1,1,150,,2,5,,2024-04-17 20:11
247,24701,25,2022,74,6,,,,,,,2,1,1,,,,5,,2024-04-17 20:11
247,24702,25,2022,71,5,,,,,,,2,1,2,,,,5,,2024-04-17 20:11
247,24705,25,2022,41,6,2,732,2020m2,4,285,2,1,1,2,200,,3,5,,2024-04-17 20:11
248,24801,25,2022,57,6,1,551,2014m7,1,312,1,2,1,1,400,1,3,4,,2024-04-17 20:11
248,24802,25,2022,57,4,1,682,2013m11,1,274,1,2,1,2,200,1,2,4,,2024-04-17 20:11
248,24804,25,2022,25,6,1,620,2022m3,1,223,1,1,1,2,270,1,2,4,,2024-04-17 20:11
249,24901,25,2022,78,4,,,,,,,3,1,1,,,,5,,2024-04-17 20:11
249,24903,25,2022,51,6,,,,,,,1,1,1,,,,5,,2024-04-17 20:11
250,25001,25,2022,77,3,,,,,,,3,1,1,,,,3,,2024-04-17 20:11
250,25003,25,2022,50,6,2,642,2021m4,4,272,2,1,1,1,3000,,2,3,,2024-04-17 20:11
251,25102,25,2022,62,2,1,742,2020m5,2,941,1,3,1,2,195,2,3,5,,2024-04-17 20:11
8724,25103,25,2022,37,3,1,478,2019m4,1,521,1,3,1,2,250,1,2,5,,2024-04-17 20:11
251,25104,25,2022,29,6,1,853,2021m9,2,286,1,1,1,1,238,2,2,5,,2024-04-17 20:11
252,25201,25,2022,55,6,1,651,1994m8,1,510,1,2,8,1,450,1,2,4,,2024-04-17 20:11
252,25202,25,2022,49,6,1,855,2006m8,1,312,1,2,8,2,250,1,2,4,,2024-04-17 20:11
252,25203,25,2022,24,6,,,,,,,1,8,1,,,,4,,2024-04-17 20:11
5838,25204,25,2022,80,2,1,682,2021m1,2,942,1,2,1,1,100,2,3,5,,2024-04-17 20:11
5838,25205,25,2022,80,2,,,,,,,2,1,2,,,,5,,2024-04-17 20:11
252,25206,25,2022,22,4,,,,,,,1,8,2,,,,4,,2024-04-17 20:11
256,25601,25,2022,63,3,,,,,,,2,1,2,,,,4,,2024-04-17 20:11
256,25602,25,2022,69,4,,,,,,,2,1,1,,,,3,,2024-04-17 20:11
8407,25603,25,2022,41,3,,,,,,,2,1,2,,,,6,,2024-04-17 20:11
9169,25604,25,2022,40,6,1,641,2007m4,1,320,1,2,1,2,480,1,2,4,,2024-04-17 20:11
257,25701,25,2022,71,2,,,,,,,3,8,2,,,,4,,2024-04-17 20:11
258,25803,25,2022,57,6,,,,,,,1,1,1,,,,5,,2024-04-17 20:11
259,25901,25,2022,64,3,,,,,,,1,8,1,,,,5,,2024-04-17 20:11
260,26001,25,2022,82,2,,,,,,,2,1,1,,,,4,,2024-04-17 20:11
260,26002,25,2022,74,2,,,,,,,2,1,2,,,,4,,2024-04-17 20:11
6058,26004,25,2022,48,6,1,661,2000m6,1,224,1,2,1,1,1000,1,2,3,,2024-04-17 20:11
261,26101,25,2022,71,2,1,424,2021m7,3,782,1,2,8,1,250,2,3,4,,2024-04-17 20:11
261,26102,25,2022,63,2,1,682,2022m3,1,941,1,2,8,2,100,2,2,4,,2024-04-17 20:11
8410,26103,25,2022,41,6,1,620,2007m4,1,223,1,2,8,2,600,1,2,3,,2024-04-17 20:11
261,26104,25,2022,39,6,1,479,2008m4,1,312,1,1,8,2,640,1,2,4,,2024-04-17 20:11
261,26105,25,2022,36,5,1,851,2011m3,1,253,1,1,8,2,250,1,2,4,,2024-04-17 20:11
264,26401,25,2022,54,5,1,582,1994m8,1,221,1,2,1,1,520,1,2,4,,2024-04-17 20:11
264,26402,25,2022,53,3,,,,,,,2,1,2,,,,4,,2024-04-17 20:11
265,26501,25,2022,65,2,1,410,2016m2,3,783,1,2,1,1,250,2,3,5,,2024-04-17 20:11
265,26502,25,2022,61,2,1,141,2022m2,2,930,1,2,1,2,80,2,3,4,,2024-04-17 20:11
8911,26503,25,2022,35,5,1,582,2022m7,1,312,1,2,1,1,600,1,3,4,,2024-04-17 20:11
266,26601,25,2022,61,6,1,412,2009m12,1,274,1,2,1,1,650,2,2,3,,2024-04-17 20:11
266,26602,25,2022,57,3,,,,,,,2,1,2,,,,3,,2024-04-17 20:11
266,26603,25,2022,30,5,1,620,2021m2,1,222,1,1,1,1,300,1,3,4,,2024-04-17 20:11
270,27001,25,2022,52,3,1,251,2011m3,1,313,1,2,8,2,213,1,2,3,,2024-04-17 20:11
270,27003,25,2022,52,3,2,422,2011m12,4,510,2,2,8,1,800,,2,3,,2024-04-17 20:11
270,27004,25,2022,22,4,,,,,,,1,8,1,,,,3,,2024-04-17 20:11
271,27102,25,2022,82,2,,,,,,,3,1,2,,,,5,,2024-04-17 20:11
271,27103,25,2022,53,6,2,739,2000m11,4,281,2,1,1,2,150,,3,5,,2024-04-17 20:11
272,27201,25,2022,60,2,1,411,2013m9,3,743,1,2,1,1,300,2,3,5,,2024-04-17 20:11
272,27202,25,2022,59,2,1,151,2020m6,3,721,1,2,1,2,40,2,3,5,,2024-04-17 20:11
8025,27203,25,2022,33,3,1,731,2015m1,1,312,1,3,1,2,250,1,2,5,,2024-04-17 20:11
5264,27305,25,2022,91,2,,,,,,,3,1,1,,,,5,,2024-04-17 20:11
5264,27306,25,2022,41,5,1,264,2018m1,1,772,1,1,1,1,300,1,3,5,,2024-04-17 20:11
275,27501,25,2022,66,3,2,141,2002m2,4,312,2,2,1,1,150,,4,5,,2024-04-17 20:11
275,27502,25,2022,63,3,,,,,,,2,1,2,,,,5,,2024-04-17 20:11
8412,27504,25,2022,38,5,1,464,2010m1,1,274,1,2,8,1,380,1,3,5,,2024-04-17 20:11
276,27601,25,2022,72,2,2,493,1998m9,4,875,2,2,8,1,200,,3,5,,2024-04-17 20:11
276,27602,25,2022,72,2,,,,,,,2,8,2,,,,5,,2024-04-17 20:11
277,27702,25,2022,71,2,1,841,2021m5,2,,1,3,8,2,70,2,2,5,,2024-04-17 20:11
277,27704,25,2022,45,3,1,423,2019m8,3,762,1,1,8,1,240,2,3,5,,2024-04-17 20:11
278,27802,25,2022,53,3,3,422,2016m1,5,783,2,2,8,2,,,3,5,,2024-04-17 20:11
278,27805,25,2022,26,3,1,262,2021m9,1,864,1,1,8,2,195,2,3,5,,2024-04-17 20:11
279,27901,25,2022,56,3,1,107,2019m3,1,441,1,2,5,2,246,1,2,5,,2024-04-17 20:11
279,27902,25,2022,65,6,1,492,2007m12,1,312,1,2,5,1,295,1,3,4,,2024-04-17 20:11
279,27903,25,2022,19,4,,,,,,,1,5,2,,,,4,,2024-04-17 20:11
280,28003,25,2022,47,6,1,721,2015m11,1,236,1,2,8,1,600,1,2,4,,2024-04-17 20:11
280,28005,25,2022,44,5,1,561,2022m5,2,441,1,2,8,2,85,2,2,4,,2024-04-17 20:11
280,28006,25,2022,15,2,,,,,,,1,8,1,,,,4,,2024-04-17 20:11
281,28102,25,2022,61,2,1,410,2018m11,3,783,1,3,1,1,130,2,4,6,,2024-04-17 20:11
282,28201,25,2022,81,3,1,682,2003m2,1,942,1,2,1,1,130,1,3,5,,2024-04-17 20:11
282,28202,25,2022,72,2,,,,,,,2,1,2,,,,5,,2024-04-17 20:11
282,28203,25,2022,49,5,1,479,2018m4,1,274,1,1,1,1,350,2,3,4,,2024-04-17 20:11
284,28401,25,2022,64,5,,,,,,,3,11,1,,,,5,,2024-04-17 20:11
9266,28602,25,2022,69,2,1,861,2007m11,1,,1,3,1,2,180,2,3,5,,2024-04-17 20:11
9266,28603,25,2022,47,3,1,561,2021m12,2,441,1,3,1,1,200,1,3,5,,2024-04-17 20:11
6900,28801,25,2022,49,4,1,649,2002m9,1,320,1,2,1,1,450,1,3,4,,2024-04-17 20:11
288,28802,25,2022,75,2,2,12,2013m9,4,613,2,3,8,2,70,,3,5,,2024-04-17 20:11
291,29104,25,2022,31,2,1,471,2021m10,2,521,1,1,8,1,148,2,3,5,,2024-04-17 20:11
292,29201,25,2022,62,6,,,,,,,2,5,1,,,,5,,2024-04-17 20:11
292,29202,25,2022,57,6,1,855,2013m6,1,254,1,2,5,2,200,2,3,5,,2024-04-17 20:11
292,29203,25,2022,24,5,1,911,2021m10,1,432,1,1,5,1,225,2,3,5,,2024-04-17 20:11
292,29204,25,2022,22,4,,,,,,,1,5,2,,,,5,,2024-04-17 20:11
8981,29205,25,2022,92,1,,,,,,,3,8,2,,,,5,,2024-04-17 20:11
293,29301,25,2022,92,2,,,,,,,3,1,2,,,,6,,2024-04-17 20:11
294,29401,25,2022,83,5,,,,,,,2,1,1,,,,4,,2024-04-17 20:11
294,29402,25,2022,81,2,,,,,,,2,1,2,,,,4,,2024-04-17 20:11
295,29501,25,2022,58,6,,,,,,,2,1,1,,,,5,,2024-04-17 20:11
295,29502,25,2022,53,6,,,,,,,2,1,2,,,,4,,2024-04-17 20:11
295,29503,25,2022,21,4,,,,,,,1,1,2,,,,4,,2024-04-17 20:11
295,29504,25,2022,19,3,,,,,,,1,1,2,,,,4,,2024-04-17 20:11
296,29601,25,2022,66,6,1,721,2020m6,1,271,1,2,1,1,700,1,1,3,,2024-04-17 20:11
296,29602,25,2022,66,6,,,,,,,2,1,2,,,,3,,2024-04-17 20:11
9792,29603,25,2022,88,2,,,,,,,3,1,2,,,,4,,2024-04-17 20:11
9076,29605,25,2022,38,6,1,212,2018m6,1,399,1,2,1,2,375,1,2,3,,2024-04-17 20:11
297,29701,25,2022,68,2,,,,,,,2,1,2,,,,4,,2024-04-17 20:11
297,29702,25,2022,69,3,2,953,1984m6,4,771,2,2,1,1,,,3,4,,2024-04-17 20:11
9793,29704,25,2022,41,6,1,701,2014m6,1,312,1,2,1,1,620,1,2,4,,2024-04-17 20:11
298,29801,25,2022,85,2,,,,,,,2,1,1,,,,5,,2024-04-17 20:11
298,29802,25,2022,79,2,,,,,,,2,1,2,,,,5,,2024-04-17 20:11
301,30101,25,2022,70,3,2,466,1984m10,4,521,2,2,1,1,400,,2,3,,2024-04-17 20:11
301,30102,25,2022,67,3,,,,,,,2,1,2,,,,3,,2024-04-17 20:11
301,30103,25,2022,36,3,1,422,2021m10,2,753,1,1,1,1,200,2,3,4,,2024-04-17 20:11
301,30104,25,2022,32,2,2,493,2021m12,4,873,2,1,1,1,200,,3,4,,2024-04-17 20:11
303,30301,25,2022,80,2,,,,,,,3,1,2,,,,4,,2024-04-17 20:11
303,30302,25,2022,49,6,1,855,2000m3,1,254,1,2,1,1,500,1,2,4,,2024-04-17 20:11
303,30303,25,2022,48,6,,,,,,,2,1,2,,,,4,,2024-04-17 20:11
304,30402,25,2022,81,2,,,,,,,3,8,2,,,,4,,2024-04-17 20:11
305,30501,25,2022,52,5,1,641,1989m2,1,320,1,2,1,1,760,1,2,4,,2024-04-17 20:11
305,30502,25,2022,52,3,1,641,2011m4,1,320,1,2,1,2,250,1,2,4,,2024-04-17 20:11
305,30504,25,2022,25,4,,,,,,,1,1,1,,,,4,,2024-04-17 20:11
306,30601,25,2022,80,2,,,,,,,2,8,1,,,,4,,2024-04-17 20:11
306,30602,25,2022,75,2,,,,,,,2,8,2,,,,4,,2024-04-17 20:11
7924,30604,25,2022,44,5,,,,,,,2,8,2,,,,5,,2024-04-17 20:11
306,30605,25,2022,40,5,2,426,2016m7,4,875,2,1,8,1,300,,4,4,,2024-04-17 20:11
307,30702,25,2022,66,2,1,561,2017m7,2,941,1,2,8,2,180,2,3,4,,2024-04-17 20:11
308,30802,25,2022,57,3,1,181,2004m2,1,312,1,2,5,1,315,1,3,5,,2024-04-17 20:11
309,30901,25,2022,63,2,1,424,1978m2,3,782,1,2,1,1,100,2,3,4,,2024-04-17 20:11
309,30902,25,2022,58,2,,,,,,,2,1,2,,,,4,,2024-04-17 20:11
9463,30903,25,2022,37,5,1,861,2008m6,1,243,1,2,1,2,270,1,3,4,,2024-04-17 20:11
310,31001,25,2022,82,2,,,,,,,3,8,2,,,,5,,2024-04-17 20:11
310,31002,25,2022,50,2,1,423,2020m6,3,762,1,1,8,1,200,2,4,5,,2024-04-17 20:11
311,31101,25,2022,54,3,2,141,1992m5,4,721,2,2,1,1,300,,3,5,,2024-04-17 20:11
311,31102,25,2022,54,2,3,141,1992m5,5,721,2,2,1,2,,,4,5,,2024-04-17 20:11
311,31103,25,2022,26,6,,,,,,,1,1,1,,,,4,,2024-04-17 20:11
313,31302,25,2022,62,6,1,759,2004m10,1,313,1,2,1,2,270,1,3,5,,2024-04-17 20:11
5538,31304,25,2022,85,2,1,872,2019m2,2,941,1,3,1,2,27,2,2,6,,2024-04-17 20:11
313,31305,25,2022,34,4,1,620,2022m2,2,222,1,1,1,2,200,2,3,5,,2024-04-17 20:11
313,31306,25,2022,31,6,1,14,2018m12,1,311,1,1,1,1,300,1,2,5,,2024-04-17 20:11
316,31602,25,2022,52,3,1,949,2010m2,2,441,1,1,1,2,80,2,2,6,,2024-04-17 20:11
5861,31603,25,2022,49,3,1,320,2019m1,1,510,1,2,1,1,480,1,3,4,,2024-04-17 20:11
317,31701,25,2022,83,3,,,,,,,2,1,1,,,,6,,2024-04-17 20:11
317,31702,25,2022,69,2,,,,,,,2,1,2,,,,6,,2024-04-17 20:11
8172,31901,25,2022,62,3,,,,,,,3,1,1,,,,6,,2024-04-17 20:11
319,31902,25,2022,59,2,1,561,2020m2,3,442,1,3,1,2,100,2,3,6,,2024-04-17 20:11
319,31903,25,2022,28,4,1,844,2019m4,1,411,1,1,1,1,200,1,2,5,,2024-04-17 20:11
319,31904,25,2022,25,3,,,,,,,1,1,1,,,,6,,2024-04-17 20:11
319,31905,25,2022,19,3,,,,,,,1,1,1,,,,6,,2024-04-17 20:11
322,32201,25,2022,73,2,,,,,,,2,1,1,,,,4,,2024-04-17 20:11
322,32202,25,2022,67,2,,,,,,,2,1,2,,,,4,,2024-04-17 20:11
5986,32301,25,2022,55,3,1,424,2008m5,3,783,1,3,1,1,340,2,3,5,,2024-04-17 20:11
324,32402,25,2022,54,3,1,872,2006m2,1,941,1,3,1,2,78,1,2,5,,2024-04-17 20:11
324,32403,25,2022,33,4,,,,,,,1,1,1,,,,5,,2024-04-17 20:11
326,32602,25,2022,52,3,1,844,1996m8,1,411,1,2,1,1,500,1,2,4,,2024-04-17 20:11
326,32603,25,2022,48,5,,,,,,,2,1,2,,,,4,,2024-04-17 20:11
326,32604,25,2022,22,4,,,,,,,1,1,1,,,,4,,2024-04-17 20:11
326,32605,25,2022,19,4,,,,,,,1,1,1,,,,4,,2024-04-17 20:11
5504,32801,25,2022,51,3,1,949,2020m5,1,313,1,2,8,2,340,1,2,4,,2024-04-17 20:11
328,32802,25,2022,62,3,1,212,1983m6,1,312,1,2,8,1,330,1,2,4,,2024-04-17 20:11
328,32803,25,2022,59,3,1,651,2021m6,1,510,1,2,8,2,350,2,3,3,,2024-04-17 20:11
7532,32804,25,2022,34,5,1,715,2021m10,1,312,1,2,1,1,380,1,2,5,,2024-04-17 20:11
328,32805,25,2022,29,6,1,141,2018m4,1,312,1,1,8,1,300,2,2,3,,2024-04-17 20:11
8567,33001,25,2022,66,3,1,141,2017m8,1,141,1,2,1,1,180,1,2,5,,2024-04-17 20:11
330,33002,25,2022,65,2,1,862,2021m2,2,941,1,3,1,2,198,2,3,4,,2024-04-17 20:11
8299,33003,25,2022,39,3,1,141,2018m3,1,721,1,1,1,1,150,1,4,5,,2024-04-17 20:11
330,33004,25,2022,38,6,1,852,2021m3,2,252,1,1,1,1,243,2,2,3,,2024-04-17 20:11
331,33101,25,2022,71,2,,,,,,,2,1,1,,,,4,,2024-04-17 20:11
331,33102,25,2022,72,2,,,,,,,2,1,2,,,,3,,2024-04-17 20:11
6700,33103,25,2022,46,3,,,,,,,2,1,1,,,,4,,2024-04-17 20:11
8173,33104,25,2022,43,6,1,853,2015m3,1,251,1,2,1,1,500,1,2,3,,2024-04-17 20:11
6433,33105,25,2022,44,4,1,474,2012m1,1,521,1,2,1,1,180,1,4,5,,2024-04-17 20:11
332,33201,25,2022,54,2,,,,,,,2,13,1,,,,4,,2024-04-17 20:11
6133,33202,25,2022,53,3,1,662,2020m8,1,510,1,2,8,2,195,2,3,6,,2024-04-17 20:11
332,33204,25,2022,59,2,1,861,2020m10,1,421,1,2,13,2,190,2,3,4,,2024-04-17 20:11
334,33401,25,2022,72,3,,,,,,,2,1,1,,,,4,,2024-04-17 20:11
334,33402,25,2022,70,2,,,,,,,2,1,2,,,,4,,2024-04-17 20:11
334,33403,25,2022,47,3,2,561,2021m10,4,442,2,1,1,1,150,,2,4,,2024-04-17 20:11
6978,33404,25,2022,45,5,2,479,2013m10,4,531,2,2,1,1,150,,3,4,,2024-04-17 20:11
336,33602,25,2022,80,2,,,,,,,3,1,2,,,,6,,2024-04-17 20:11
7291,33603,25,2022,63,3,3,141,2018m2,5,312,2,2,1,1,,,3,4,,2024-04-17 20:11
7291,33604,25,2022,60,3,2,141,2006m10,4,721,2,2,1,2,250,,3,4,,2024-04-17 20:11
5980,33605,25,2022,64,2,2,561,2004m5,4,521,2,2,8,2,500,,3,5,,2024-04-17 20:11
5357,33606,25,2022,54,3,,,,,,,3,1,2,,,,5,,2024-04-17 20:11
7910,33607,25,2022,40,3,,,,,,,2,1,2,,,,3,,2024-04-17 20:11
7291,33608,25,2022,33,6,1,464,2018m5,1,521,1,1,1,1,260,1,2,4,,2024-04-17 20:11
5357,33609,25,2022,30,5,1,141,2020m3,1,510,1,1,1,1,230,1,2,5,,2024-04-17 20:11
337,33701,25,2022,61,3,1,411,1985m6,3,783,1,2,1,1,200,2,3,5,,2024-04-17 20:11
337,33702,25,2022,65,2,,,,,,,2,1,2,,,,5,,2024-04-17 20:11
9077,33703,25,2022,36,6,,,,,,,2,8,2,,,,3,,2024-04-17 20:11
337,33704,25,2022,27,5,,,,,,,1,1,2,,,,5,,2024-04-17 20:11
337,33705,25,2022,27,6,1,259,2021m7,1,274,1,1,1,2,280,1,3,5,,2024-04-17 20:11
340,34001,25,2022,72,3,2,222,2001m10,4,832,2,2,1,1,1000,,2,4,,2024-04-17 20:11
340,34002,25,2022,67,2,,,,,,,2,1,2,,,,4,,2024-04-17 20:11
340,34003,25,2022,41,6,1,581,2003m12,1,254,1,1,1,2,400,1,2,4,,2024-04-17 20:11
341,34102,25,2022,85,2,,,,,,,3,8,2,,,,4,,2024-04-17 20:11
342,34201,25,2022,62,5,1,682,2019m4,2,992,1,1,1,1,240,2,2,5,,2024-04-17 20:11
8174,34301,25,2022,51,2,1,682,2018m5,1,782,1,1,4,1,195,1,2,5,,2024-04-17 20:11
343,34302,25,2022,82,2,,,,,,,2,1,1,,,,6,,2024-04-17 20:11
343,34303,25,2022,80,1,,,,,,,2,1,2,,,,6,,2024-04-17 20:11
346,34601,25,2022,53,3,2,651,1999m8,4,510,2,2,1,1,800,,2,4,,2024-04-17 20:11
346,34602,25,2022,55,3,,,,,,,2,1,2,,,,4,,2024-04-17 20:11
346,34603,25,2022,28,6,1,852,2021m3,1,252,1,1,1,1,250,1,2,4,,2024-04-17 20:11
346,34604,25,2022,26,6,,,,,,,1,1,2,,,,4,,2024-04-17 20:11
348,34802,25,2022,60,2,,,,,,,2,1,2,,,,4,,2024-04-17 20:11
348,34803,25,2022,33,6,1,843,2020m11,1,224,1,1,1,1,220,1,3,4,,2024-04-17 20:11
352,35201,25,2022,47,3,1,411,2004m1,3,783,1,3,1,1,220,2,3,5,,2024-04-17 20:11
353,35301,25,2022,77,2,,,,,,,2,1,1,,,,4,,2024-04-17 20:11
353,35302,25,2022,74,3,,,,,,,2,1,2,,,,4,,2024-04-17 20:11
353,35304,25,2022,47,6,1,411,2016m4,1,239,1,1,1,1,310,1,2,4,,2024-04-17 20:11
354,35401,25,2022,75,2,,,,,,,3,1,2,,,,5,,2024-04-17 20:11
354,35403,25,2022,45,3,1,451,2002m1,1,510,1,2,1,1,400,1,2,4,,2024-04-17 20:11
355,35501,25,2022,59,3,2,494,2016m8,4,922,2,2,1,1,200,,3,4,,2024-04-17 20:11
355,35502,25,2022,55,3,1,759,2018m4,1,531,1,2,1,2,230,1,2,4,,2024-04-17 20:11
355,35503,25,2022,28,4,1,731,2018m12,1,429,1,1,1,1,230,1,3,5,,2024-04-17 20:11
356,35601,25,2022,87,2,,,,,,,2,8,1,,,,4,,2024-04-17 20:11
356,35602,25,2022,84,2,,,,,,,2,8,2,,,,4,,2024-04-17 20:11
7533,35603,25,2022,49,6,1,949,2017m1,1,248,1,2,8,1,200,1,2,4,,2024-04-17 20:11
358,35801,25,2022,62,2,1,492,2020m9,2,873,1,1,1,1,210,2,3,4,,2024-04-17 20:11
9683,36001,25,2022,88,1,,,,,,,3,1,2,,,,5,,2024-04-17 20:11
5792,36002,25,2022,49,5,2,493,2014m7,4,875,2,1,8,1,250,,3,6,,2024-04-17 20:11
361,36101,25,2022,73,3,,,,,,,2,1,1,,,,4,,2024-04-17 20:11
361,36102,25,2022,68,3,,,,,,,2,1,2,,,,4,,2024-04-17 20:11
7789,36103,25,2022,41,6,1,852,2008m3,1,252,1,2,1,2,350,1,2,3,,2024-04-17 20:11
9078,36104,25,2022,40,6,2,561,2017m1,4,441,2,2,8,1,800,,3,4,,2024-04-17 20:11
362,36201,25,2022,62,5,1,682,2009m11,2,783,1,2,1,1,360,2,2,4,,2024-04-17 20:11
362,36202,25,2022,56,6,1,682,2009m11,2,139,1,2,1,2,360,2,2,4,,2024-04-17 20:11
362,36204,25,2022,26,6,1,856,2021m1,1,254,1,1,1,1,280,1,2,4,,2024-04-17 20:11
7790,36301,25,2022,63,3,2,222,1987m6,4,312,2,2,8,1,1500,,2,4,,2024-04-17 20:11
7790,36302,25,2022,59,2,1,202,,1,314,1,2,8,2,350,1,2,4,,2024-04-17 20:11
363,36304,25,2022,82,2,,,,,,,3,8,2,,,,5,,2024-04-17 20:11
9940,36306,25,2022,35,6,1,383,2013m10,1,312,1,1,8,1,390,1,3,5,,2024-04-17 20:11
365,36501,25,2022,79,3,,,,,,,2,11,1,,,,5,,2024-04-17 20:11
365,36502,25,2022,74,2,1,872,2020m2,2,399,1,2,11,2,27,2,3,5,,2024-04-17 20:11
5863,36504,25,2022,47,5,1,492,2020m2,1,873,1,2,8,1,320,1,3,5,,2024-04-17 20:11
8984,36505,25,2022,43,2,1,751,2020m8,2,399,1,3,8,1,120,2,3,6,,2024-04-17 20:11
366,36601,25,2022,75,2,1,682,2021m3,1,942,1,2,5,1,149,2,3,5,,2024-04-17 20:11
366,36602,25,2022,70,2,1,841,2022m2,2,941,1,2,5,2,68,2,2,5,,2024-04-17 20:11
367,36702,25,2022,53,3,2,682,2006m8,4,274,2,3,8,2,350,,2,5,,2024-04-17 20:11
367,36704,25,2022,28,5,,,,,,,1,8,1,,,,5,,2024-04-17 20:11
370,37001,25,2022,80,2,,,,,,,2,8,1,,,,3,,2024-04-17 20:11
5775,37003,25,2022,53,6,2,451,2018m1,4,510,2,2,8,1,500,,2,3,,2024-04-17 20:11
370,37004,25,2022,78,1,,,,,,,2,8,2,,,,3,,2024-04-17 20:11
5782,37005,25,2022,49,5,,,,,,,2,1,2,,,,4,,2024-04-17 20:11
7534,37101,25,2022,75,3,1,424,2001m11,3,782,1,3,1,1,300,2,3,6,,2024-04-17 20:11
371,37102,25,2022,70,2,1,970,2022m4,2,951,1,3,1,2,100,2,3,6,,2024-04-17 20:11
371,37103,25,2022,47,2,1,471,2014m2,1,922,1,1,1,1,240,1,3,5,,2024-04-17 20:11
371,37105,25,2022,43,4,,,,,,,1,1,1,,,,6,,2024-04-17 20:11
372,37202,25,2022,82,2,,,,,,,3,1,2,,,,4,,2024-04-17 20:11
6701,37203,25,2022,54,3,,,,,,,2,8,1,,,,5,,2024-04-17 20:11
7535,37205,25,2022,50,6,1,901,2015m8,1,399,1,2,1,1,270,1,2,5,,2024-04-17 20:11
374,37401,25,2022,70,2,1,682,2022m1,2,941,1,3,1,2,155,2,2,6,,2024-04-17 20:11
6254,37402,25,2022,47,3,1,912,2021m5,1,432,1,3,14,1,200,2,2,4,,2024-04-17 20:11
10388,37406,25,2022,23,5,1,561,2021m9,1,441,1,1,14,1,264,1,2,4,,2024-04-17 20:11
375,37501,25,2022,82,2,,,,,,,3,1,2,,,,4,,2024-04-17 20:11
7178,37502,25,2022,46,6,1,411,2003m3,1,312,1,2,1,1,520,1,2,4,,2024-04-17 20:11
376,37602,25,2022,57,3,1,475,2017m9,3,521,1,3,1,2,100,2,2,5,,2024-04-17 20:11
377,37701,25,2022,75,2,2,11,2010m3,4,611,2,2,11,1,80,,3,5,,2024-04-17 20:11
377,37702,25,2022,71,2,1,872,2018m6,1,421,1,2,11,2,148,2,3,5,,2024-04-17 20:11
7792,37705,25,2022,42,6,1,261,1997m9,1,863,1,2,5,1,790,1,2,4,,2024-04-17 20:11
378,37802,25,2022,85,3,,,,,,,3,4,2,,,,4,,2024-04-17 20:11
380,38001,25,2022,84,2,,,,,,,3,1,2,,,,6,,2024-04-17 20:11
381,38101,25,2022,82,6,,,,,,,2,8,1,,,,5,,2024-04-17 20:11
381,38102,25,2022,77,2,1,872,2021m3,2,421,1,2,8,2,35,2,1,5,,2024-04-17 20:11
7179,38103,25,2022,51,6,,,,,,,2,16,1,,,,5,,2024-04-17 20:11
6979,38104,25,2022,48,6,1,851,1999m2,1,252,1,2,1,2,430,1,2,4,,2024-04-17 20:11
7793,38105,25,2022,45,6,2,751,2020m2,4,510,2,2,8,1,300,,3,4,,2024-04-17 20:11
382,38201,25,2022,80,2,,,,,,,2,1,1,,,,4,,2024-04-17 20:11
382,38202,25,2022,74,2,,,,,,,2,1,2,,,,4,,2024-04-17 20:11
8415,38303,25,2022,40,6,1,855,2021m6,2,254,1,2,1,2,100,2,2,5,,2024-04-17 20:11
383,38305,25,2022,70,3,,,,,,,3,1,2,,,,5,,2024-04-17 20:11
384,38401,25,2022,80,2,,,,,,,2,8,1,,,,5,,2024-04-17 20:11
384,38402,25,2022,74,2,,,,,,,2,8,2,,,,5,,2024-04-17 20:11
8026,38403,25,2022,53,3,1,12,2022m1,1,613,1,1,8,1,335,1,2,5,,2024-04-17 20:11
384,38404,25,2022,50,3,,,,,,,1,8,1,,,,5,,2024-04-17 20:11
5358,38405,25,2022,48,3,1,641,2018m10,2,510,1,2,1,2,1000,2,2,2,,2024-04-17 20:11
385,38501,25,2022,74,2,,,,,,,2,1,1,,,,5,,2024-04-17 20:11
385,38502,25,2022,72,2,1,561,2016m10,3,952,1,2,1,2,100,2,4,5,,2024-04-17 20:11
388,38801,25,2022,76,2,,,,,,,2,1,2,,,,4,,2024-04-17 20:11
6980,38802,25,2022,49,6,,,,,,,2,1,2,,,,4,,2024-04-17 20:11
388,38806,25,2022,78,6,,,,,,,2,1,1,,,,4,,2024-04-17 20:11
389,38901,25,2022,83,3,,,,,,,2,1,1,,,,4,,2024-04-17 20:11
389,38902,25,2022,76,3,,,,,,,2,1,2,,,,4,,2024-04-17 20:11
392,39201,25,2022,61,2,3,561,2012m10,5,442,2,2,1,1,,,2,4,,2024-04-17 20:11
392,39202,25,2022,57,2,2,561,2012m10,4,441,2,2,1,2,600,,2,4,,2024-04-17 20:11
9267,39204,25,2022,35,5,1,582,2021m6,1,222,1,1,8,1,460,1,3,4,,2024-04-17 20:11
393,39301,25,2022,57,3,1,292,2008m11,1,741,1,2,1,1,220,1,3,5,,2024-04-17 20:11
393,39302,25,2022,54,2,1,152,2022m5,2,721,1,2,1,2,100,2,2,4,,2024-04-17 20:11
393,39304,25,2022,79,2,,,,,,,3,1,2,,,,5,,2024-04-17 20:11
393,39307,25,2022,28,4,1,841,2020m1,1,311,1,1,1,2,210,1,3,4,,2024-04-17 20:11
394,39402,25,2022,76,2,,,,,,,2,10,2,,,,4,,2024-04-17 20:11
394,39403,25,2022,51,5,1,222,1996m4,1,753,1,1,10,1,470,1,2,3,,2024-04-17 20:11
394,39405,25,2022,47,6,2,467,2019m2,4,521,2,3,10,2,350,,2,4,,2024-04-17 20:11
395,39501,25,2022,72,3,,,,,,,2,1,1,,,,5,,2024-04-17 20:11
395,39502,25,2022,68,2,,,,,,,2,1,2,,,,4,,2024-04-17 20:11
397,39701,25,2022,68,6,1,492,2020m5,1,862,1,2,1,1,240,1,2,4,,2024-04-17 20:11
397,39702,25,2022,64,3,,,,,,,2,1,2,,,,4,,2024-04-17 20:11
399,39901,25,2022,68,2,,,,,,,2,1,1,,,,5,,2024-04-17 20:11
399,39902,25,2022,69,2,,,,,,,2,1,2,,,,5,,2024-04-17 20:11
6536,39903,25,2022,48,5,1,941,2000m7,1,892,1,2,2,1,460,1,3,4,,2024-04-17 20:11
400,40001,25,2022,62,6,2,464,1999m10,4,274,2,2,1,1,3000,,1,4,,2024-04-17 20:11
400,40002,25,2022,62,3,,,,,,,2,1,2,,,,4,,2024-04-17 20:11
400,40004,25,2022,36,6,1,107,2013m2,1,239,1,1,1,1,500,1,2,4,,2024-04-17 20:11
401,40101,25,2022,72,3,2,492,2017m10,4,873,2,2,5,1,300,,3,5,,2024-04-17 20:11
401,40102,25,2022,64,2,,,,,,,2,5,2,,,,5,,2024-04-17 20:11
7177,40103,25,2022,44,6,,,,,,,2,1,2,,,,4,,2024-04-17 20:11
8028,40104,25,2022,43,5,,,,,,,2,1,2,,,,4,,2024-04-17 20:11
402,40201,25,2022,78,2,,,,,,,2,8,1,,,,5,,2024-04-17 20:11
402,40202,25,2022,72,2,1,682,2014m10,1,941,1,2,8,2,135,2,3,5,,2024-04-17 20:11
5864,40203,25,2022,48,5,1,851,2017m12,1,941,1,2,1,2,200,1,3,4,,2024-04-17 20:11
403,40301,25,2022,74,4,,,,,,,2,8,1,,,,5,,2024-04-17 20:11
403,40302,25,2022,73,6,,,,,,,2,8,2,,,,5,,2024-04-17 20:11
7794,40303,25,2022,47,6,2,855,2012m3,4,254,2,1,1,2,350,,2,5,,2024-04-17 20:11
6982,40304,25,2022,45,6,,,,,,,2,1,2,,,,4,,2024-04-17 20:11
404,40401,25,2022,65,2,,,,,,,2,1,1,,,,5,,2024-04-17 20:11
404,40402,25,2022,64,2,,,,,,,2,1,2,,,,5,,2024-04-17 20:11
8726,40403,25,2022,41,6,1,713,2007m3,1,273,1,2,1,1,500,1,2,4,,2024-04-17 20:11
410,41001,25,2022,78,6,2,12,2003m9,4,613,2,2,1,1,200,,2,4,,2024-04-17 20:11
410,41002,25,2022,78,6,,,,,,,2,1,2,,,,4,,2024-04-17 20:11
410,41004,25,2022,48,6,2,855,2013m2,4,254,2,1,1,2,250,,2,4,,2024-04-17 20:11
411,41101,25,2022,68,6,,,,,,,2,13,2,,,,3,,2024-04-17 20:11
411,41102,25,2022,91,1,,,,,,,3,13,2,,,,4,,2024-04-17 20:11
411,41103,25,2022,68,6,,,,,,,2,13,1,,,,3,,2024-04-17 20:11
412,41202,25,2022,56,3,1,471,2010m4,1,953,1,1,1,2,250,1,2,5,,2024-04-17 20:11
5562,41203,25,2022,52,5,2,855,2007m10,4,254,2,2,1,2,100,,4,5,,2024-04-17 20:11
413,41302,25,2022,86,2,,,,,,,3,1,2,,,,6,,2024-04-17 20:11
414,41402,25,2022,66,6,,,,,,,3,1,2,,,,5,,2024-04-17 20:11
7541,41404,25,2022,35,6,1,204,2014m1,1,753,1,1,19,1,350,1,2,4,,2024-04-17 20:11
415,41501,25,2022,56,6,1,701,2001m11,1,235,1,2,1,1,850,1,2,3,,2024-04-17 20:11
415,41502,25,2022,53,6,1,612,1992m5,1,312,1,2,1,2,900,1,3,3,,2024-04-17 20:11
415,41503,25,2022,25,6,1,472,2021m5,1,521,1,1,1,2,255,1,2,3,,2024-04-17 20:11
415,41504,25,2022,23,6,,,,,,,1,1,2,,,,4,,2024-04-17 20:11
415,41506,25,2022,79,2,,,,,,,3,1,2,,,,4,,2024-04-17 20:11
415,41507,25,2022,19,4,1,562,2021m10,2,442,1,1,1,2,40,2,3,3,,2024-04-17 20:11
416,41601,25,2022,60,3,2,492,2016m4,4,875,2,2,8,1,200,,3,3,,2024-04-17 20:11
416,41602,25,2022,55,3,1,471,2018m9,1,441,1,2,8,2,210,1,3,5,,2024-04-17 20:11
416,41604,25,2022,22,3,,,,,,,1,8,1,,,,5,,2024-04-17 20:11
418,41801,25,2022,60,3,1,423,2005m3,3,772,1,2,1,1,300,2,3,5,,2024-04-17 20:11
418,41802,25,2022,61,3,1,561,2021m7,2,441,1,2,1,2,300,2,3,5,,2024-04-17 20:11
419,41903,25,2022,47,3,2,463,2021m10,4,521,2,3,1,2,400,,2,4,,2024-04-17 20:11
419,41904,25,2022,18,2,,,,,,,1,1,2,,,,5,,2024-04-17 20:11
420,42002,25,2022,53,3,1,472,2011m12,1,521,1,3,1,2,220,1,2,4,,2024-04-17 20:11
420,42003,25,2022,34,3,1,473,2014m7,1,521,1,1,1,1,270,1,2,4,,2024-04-17 20:11
420,42004,25,2022,30,6,1,473,2022m6,1,521,1,1,1,1,240,1,2,4,,2024-04-17 20:11
422,42201,25,2022,62,3,1,742,2015m9,3,941,1,2,8,2,100,2,4,5,,2024-04-17 20:11
422,42202,25,2022,67,3,1,742,2015m9,3,941,1,2,8,1,200,2,4,5,,2024-04-17 20:11
422,42203,25,2022,36,4,1,682,2021m10,2,762,1,1,8,1,250,2,2,5,,2024-04-17 20:11
423,42301,25,2022,68,6,,,,,,,2,8,1,,,,3,,2024-04-17 20:11
423,42302,25,2022,63,6,,,,,,,2,8,2,,,,3,,2024-04-17 20:11
424,42401,25,2022,67,3,1,712,2001m1,1,313,1,2,1,1,500,1,2,4,,2024-04-17 20:11
424,42402,25,2022,60,3,,,,,,,2,1,2,,,,4,,2024-04-17 20:11
424,42403,25,2022,34,4,1,712,2021m2,1,313,1,1,1,1,250,1,3,4,,2024-04-17 20:11
424,42404,25,2022,31,6,,,,,,,1,1,1,,,,4,,2024-04-17 20:11
426,42601,25,2022,59,6,1,478,2020m5,1,521,1,2,1,1,500,2,1,4,,2024-04-17 20:11
426,42602,25,2022,53,3,,,,,,,2,1,2,,,,4,,2024-04-17 20:11
426,42604,25,2022,26,6,,,,,,,1,1,1,,,,4,,2024-04-17 20:11
427,42701,25,2022,66,5,,,,,,,2,11,1,,,,4,,2024-04-17 20:11
427,42702,25,2022,63,3,1,742,2021m8,2,941,1,2,11,2,200,2,3,4,,2024-04-17 20:11
427,42704,25,2022,31,6,1,872,2018m3,1,247,1,1,11,2,310,1,2,4,,2024-04-17 20:11
427,42705,25,2022,28,6,1,949,2017m9,1,248,1,1,11,1,80,1,2,4,,2024-04-17 20:11
428,42801,25,2022,76,3,,,,,,,2,8,1,,,,4,,2024-04-17 20:11
428,42802,25,2022,76,2,,,,,,,2,8,2,,,,4,,2024-04-17 20:11
428,42804,25,2022,46,2,,,,,,,1,8,1,,,,4,,2024-04-17 20:11
429,42901,25,2022,71,2,,,,,,,3,8,1,,,,5,,2024-04-17 20:11
8416,42904,25,2022,43,6,1,582,2005m5,1,223,1,2,1,1,330,1,3,5,,2024-04-17 20:11
430,43002,25,2022,56,5,2,271,2001m1,4,245,2,2,1,1,250,,4,4,,2024-04-17 20:11
430,43003,25,2022,52,3,1,561,2010m3,1,441,1,2,1,2,190,1,3,4,,2024-04-17 20:11
430,43004,25,2022,25,4,1,855,2022m1,2,254,1,1,1,1,30,2,3,4,,2024-04-17 20:11
430,43005,25,2022,21,4,,,,,,,1,1,2,,,,4,,2024-04-17 20:11
432,43201,25,2022,89,2,,,,,,,2,1,1,,,,5,,2024-04-17 20:11
432,43202,25,2022,89,2,,,,,,,2,1,2,,,,5,,2024-04-17 20:11
5627,43203,25,2022,47,5,1,641,1997m10,1,320,1,2,1,1,1000,1,2,4,,2024-04-17 20:11
433,43302,25,2022,79,2,1,851,2022m3,2,952,1,3,8,2,60,2,2,6,,2024-04-17 20:11
434,43402,25,2022,59,5,1,841,2014m5,1,412,1,3,1,2,250,1,2,5,,2024-04-17 20:11
434,43406,25,2022,24,3,,,,,,,1,1,1,,,,5,,2024-04-17 20:11
435,43501,25,2022,53,3,2,426,2001m4,4,875,2,2,10,1,300,,3,4,,2024-04-17 20:11
435,43502,25,2022,51,3,1,265,2013m1,1,743,1,2,10,2,,2,3,4,,2024-04-17 20:11
435,43503,25,2022,27,3,,,,,,,1,10,2,,,,4,,2024-04-17 20:11
436,43601,25,2022,72,3,,,,,,,2,5,1,,,,6,,2024-04-17 20:11
436,43602,25,2022,70,2,1,741,2021m6,1,941,1,2,5,2,180,2,3,5,,2024-04-17 20:11
6570,43603,25,2022,43,5,,,,,,,2,1,2,,,,4,,2024-04-17 20:11
8418,43604,25,2022,41,6,,,,,,,2,1,2,,,,4,,2024-04-17 20:11
436,43607,25,2022,101,1,,,,,,,3,5,2,,,,6,,2024-04-17 20:11
437,43701,25,2022,66,3,1,142,2021m10,2,822,1,3,1,2,200,2,3,4,,2024-04-17 20:11
439,43901,25,2022,54,6,1,360,1993m3,1,881,1,2,1,1,520,1,2,4,,2024-04-17 20:11
439,43902,25,2022,53,3,1,871,2018m3,1,247,1,2,1,2,280,1,2,4,,2024-04-17 20:11
439,43904,25,2022,23,6,,,,,,,1,1,2,,,,4,,2024-04-17 20:11
440,44001,25,2022,81,2,,,,,,,3,1,1,,,,5,,2024-04-17 20:11
6054,44002,25,2022,80,2,,,,,,,3,1,2,,,,6,,2024-04-17 20:11
441,44101,25,2022,68,2,2,474,2009m10,4,521,2,3,8,2,100,,3,5,,2024-04-17 20:11
9794,44104,25,2022,42,3,1,422,2022m8,2,792,1,1,1,1,450,2,2,5,,2024-04-17 20:11
442,44201,25,2022,65,5,,,,,,,1,8,2,,,,4,,2024-04-17 20:11
443,44301,25,2022,65,2,,,,,,,3,1,1,,,,4,,2024-04-17 20:11
6138,44302,25,2022,61,3,2,562,2013m3,4,441,2,3,1,2,300,,2,5,,2024-04-17 20:11
9079,44304,25,2022,33,4,1,475,2018m3,1,521,1,1,1,1,380,1,2,5,,2024-04-17 20:11
444,44402,25,2022,83,2,,,,,,,3,1,2,,,,6,,2024-04-17 20:11
445,44501,25,2022,72,6,,,,,,,2,8,1,,,,4,,2024-04-17 20:11
445,44502,25,2022,68,3,,,,,,,2,8,2,,,,4,,2024-04-17 20:11
9080,44504,25,2022,40,5,2,729,2020m1,4,239,2,2,8,2,100,,2,4,,2024-04-17 20:11
8419,44505,25,2022,39,5,,,,,,,2,8,2,,,,4,,2024-04-17 20:11
447,44702,25,2022,77,2,,,,,,,3,1,2,,,,4,,2024-04-17 20:11
5141,44703,25,2022,51,5,1,872,2021m5,1,247,1,2,1,2,250,1,3,4,,2024-04-17 20:11
448,44801,25,2022,86,2,,,,,,,2,1,1,,,,6,,2024-04-17 20:11
448,44802,25,2022,77,3,,,,,,,2,1,2,,,,6,,2024-04-17 20:11
451,45101,25,2022,74,3,,,,,,,2,1,1,,,,4,,2024-04-17 20:11
451,45102,25,2022,67,3,,,,,,,2,1,2,,,,4,,2024-04-17 20:11
452,45201,25,2022,51,6,,,,,,,2,8,2,,,,2,,2024-04-17 20:11
452,45202,25,2022,56,6,2,582,1999m10,4,223,2,2,8,1,900,,2,2,,2024-04-17 20:11
452,45203,25,2022,22,4,,,,,,,1,8,2,,,,3,,2024-04-17 20:11
452,45204,25,2022,20,4,,,,,,,1,8,2,,,,3,,2024-04-17 20:11
452,45205,25,2022,17,2,,,,,,,1,8,1,,,,3,,2024-04-17 20:11
454,45401,25,2022,83,3,1,851,2021m3,2,952,1,3,1,2,30,2,2,4,,2024-04-17 20:11
457,45701,25,2022,68,6,2,451,1999m5,4,510,2,2,1,1,1000,,2,3,,2024-04-17 20:11
457,45702,25,2022,64,6,,,,,,,2,1,2,,,,3,,2024-04-17 20:11
458,45801,25,2022,70,6,1,492,2013m7,1,875,1,2,1,1,150,1,3,5,,2024-04-17 20:11
458,45802,25,2022,67,5,1,970,2019m3,2,951,1,2,1,2,120,2,2,5,,2024-04-17 20:11
7795,45803,25,2022,40,6,1,262,2009m1,1,235,1,2,8,1,500,1,3,2,,2024-04-17 20:11
459,45901,25,2022,69,6,2,911,2014m1,4,432,2,2,8,1,200,,2,4,,2024-04-17 20:11
459,45902,25,2022,66,3,,,,,,,2,8,2,,,,4,,2024-04-17 20:11
7797,46004,25,2022,46,3,1,467,2018m6,2,392,1,2,8,2,195,2,3,5,,2024-04-17 20:11
461,46101,25,2022,75,3,,,,,,,2,8,1,,,,5,,2024-04-17 20:11
461,46102,25,2022,71,3,,,,,,,2,8,2,,,,5,,2024-04-17 20:11
6705,46103,25,2022,46,5,1,551,1999m4,1,441,1,2,1,1,500,1,2,4,,2024-04-17 20:11
462,46201,25,2022,70,3,2,951,2016m6,4,753,2,2,8,1,150,,3,5,,2024-04-17 20:11
462,46202,25,2022,64,3,,,,,,,2,8,2,,,,5,,2024-04-17 20:11
463,46301,25,2022,67,5,2,451,1979m6,4,510,2,2,1,1,500,,2,3,,2024-04-17 20:11
463,46302,25,2022,63,3,,,,,,,2,1,2,,,,4,,2024-04-17 20:11
8597,46303,25,2022,39,6,1,451,2010m2,1,510,1,2,1,1,450,1,3,4,,2024-04-17 20:11
9268,46304,25,2022,38,6,1,451,2016m7,1,510,1,2,1,1,250,1,3,4,,2024-04-17 20:11
464,46401,25,2022,71,3,,,,,,,3,1,2,,,,5,,2024-04-17 20:11
464,46402,25,2022,49,3,1,651,2019m1,2,510,1,2,1,1,400,2,2,4,,2024-04-17 20:11
464,46404,25,2022,41,3,,,,,,,2,1,2,,,,5,,2024-04-17 20:11
464,46405,25,2022,19,4,1,855,2022m1,2,254,1,1,1,2,40,2,2,4,,2024-04-17 20:11
6156,46503,25,2022,53,3,1,464,1994m6,1,312,1,2,8,1,570,1,2,4,,2024-04-17 20:11
465,46504,25,2022,49,6,1,291,2002m4,1,312,1,1,8,1,670,1,2,4,,2024-04-17 20:11
467,46701,25,2022,68,2,,,,,,,2,8,1,,,,6,,2024-04-17 20:11
467,46702,25,2022,63,2,1,861,2019m2,1,952,1,2,8,2,190,1,3,5,,2024-04-17 20:11
8598,46703,25,2022,42,6,,,,,,,2,1,2,,,,5,,2024-04-17 20:11
9464,46704,25,2022,40,6,1,252,2022m1,1,234,1,2,8,1,450,1,2,4,,2024-04-17 20:11
468,46803,25,2022,67,3,2,281,1997m4,4,864,2,2,1,1,200,,4,4,,2024-04-17 20:11
468,46804,25,2022,64,2,,,,,,,2,1,2,,,,4,,2024-04-17 20:11
470,47001,25,2022,68,6,1,851,2022m3,2,952,1,1,8,2,70,2,2,5,,2024-04-17 20:11
471,47101,25,2022,63,5,,,,,,,2,1,1,,,,4,,2024-04-17 20:11
471,47102,25,2022,59,3,,,,,,,2,1,2,,,,4,,2024-04-17 20:11
471,47103,25,2022,25,6,1,479,2020m11,1,314,1,1,1,1,200,1,1,4,,2024-04-17 20:11
472,47201,25,2022,96,2,,,,,,,3,1,2,,,,5,,2024-04-17 20:11
473,47302,25,2022,61,6,1,872,2022m2,2,247,1,2,1,2,100,2,2,4,,2024-04-17 20:11
473,47304,25,2022,30,6,1,856,2021m1,1,312,1,1,1,1,260,1,2,4,,2024-04-17 20:11
474,47401,25,2022,61,3,1,492,1995m6,1,875,1,2,8,1,280,1,2,5,,2024-04-17 20:11
474,47402,25,2022,61,2,1,682,2016m7,1,941,1,2,8,2,145,2,3,5,,2024-04-17 20:11
476,47601,25,2022,74,6,,,,,,,2,1,1,,,,4,,2024-04-17 20:11
476,47602,25,2022,69,3,,,,,,,2,1,2,,,,3,,2024-04-17 20:11
6706,47603,25,2022,44,6,,,,,,,2,8,2,,,,5,,2024-04-17 20:11
8420,47604,25,2022,42,6,1,841,2008m11,1,311,1,3,8,2,250,1,2,3,,2024-04-17 20:11
8029,47605,25,2022,39,6,1,411,2007m7,1,782,1,2,1,1,600,1,2,4,,2024-04-17 20:11
478,47801,25,2022,54,6,2,472,2019m6,4,521,2,2,1,1,400,,3,4,,2024-04-17 20:11
7544,47803,25,2022,51,3,1,339,2009m9,1,224,1,1,1,1,300,1,2,4,,2024-04-17 20:11
478,47804,25,2022,23,4,,,,,,,1,1,2,,,,4,,2024-04-17 20:11
481,48102,25,2022,61,3,1,841,2022m1,2,421,1,3,11,2,129,2,2,4,,2024-04-17 20:11
9269,48103,25,2022,34,6,1,682,2022m3,1,274,1,1,1,1,300,1,3,5,,2024-04-17 20:11
9795,48104,25,2022,24,3,,,,,,,1,4,2,,,,5,,2024-04-17 20:11
483,48302,25,2022,61,5,1,861,2022m10,1,243,1,3,1,2,280,1,3,6,,2024-04-17 20:11
483,48303,25,2022,32,4,,,,,,,1,1,1,,,,6,,2024-04-17 20:11
483,48304,25,2022,28,4,1,471,2021m2,2,521,1,1,1,1,50,2,4,6,,2024-04-17 20:11
484,48401,25,2022,60,5,1,423,1989m1,1,274,1,2,1,1,450,1,2,2,,2024-04-17 20:11
484,48402,25,2022,55,5,1,682,2018m5,1,941,1,2,1,2,100,2,2,3,,2024-04-17 20:11
484,48403,25,2022,29,6,1,739,2018m6,1,235,1,1,1,1,200,1,2,3,,2024-04-17 20:11
486,48601,25,2022,77,3,,,,,,,2,1,1,,,,6,,2024-04-17 20:11
486,48602,25,2022,69,6,,,,,,,2,1,2,,,,6,,2024-04-17 20:11
491,49101,25,2022,82,3,,,,,,,2,1,1,,,,5,,2024-04-17 20:11
491,49102,25,2022,76,3,,,,,,,2,1,2,,,,5,,2024-04-17 20:11
5525,49104,25,2022,52,3,1,421,2002m5,1,312,1,2,8,1,340,1,3,5,,2024-04-17 20:11
5142,49105,25,2022,50,3,,,,,,,2,1,2,,,,5,,2024-04-17 20:11
492,49201,25,2022,79,6,,,,,,,2,1,1,,,,2,,2024-04-17 20:11
492,49202,25,2022,72,3,,,,,,,2,1,2,,,,2,,2024-04-17 20:11
5626,49301,25,2022,79,2,,,,,,,2,8,1,,,,5,,2024-04-17 20:11
5626,49302,25,2022,79,2,,,,,,,2,8,2,,,,5,,2024-04-17 20:11
5626,49304,25,2022,52,5,2,493,2018m2,4,873,2,2,8,1,500,,3,5,,2024-04-17 20:11
7545,49305,25,2022,50,6,1,493,2020m1,1,873,1,2,8,1,600,1,3,5,,2024-04-17 20:11
494,49401,25,2022,72,3,,,,,,,2,1,1,,,,6,,2024-04-17 20:11
494,49402,25,2022,69,2,,,,,,,2,1,2,,,,6,,2024-04-17 20:11
494,49403,25,2022,49,3,1,471,2021m6,2,521,1,1,1,2,150,2,3,6,,2024-04-17 20:11
494,49404,25,2022,47,5,1,471,2019m3,2,521,1,1,1,1,153,2,3,6,,2024-04-17 20:11
6438,49405,25,2022,45,3,1,466,2022m1,2,930,1,2,1,2,40,2,3,5,,2024-04-17 20:11
495,49501,25,2022,51,3,1,410,1999m2,3,782,1,2,1,1,500,2,2,4,,2024-04-17 20:11
495,49504,25,2022,46,5,1,842,2020m9,1,441,1,2,1,2,200,1,3,4,,2024-04-17 20:11
497,49701,25,2022,58,2,1,281,1996m5,1,274,1,2,1,1,350,1,3,4,,2024-04-17 20:11
497,49702,25,2022,57,2,,,,,,,2,1,2,,,,4,,2024-04-17 20:11
501,50101,25,2022,65,5,,,,,,,2,1,1,,,,4,,2024-04-17 20:11
501,50102,25,2022,63,3,1,871,2022m3,1,133,1,2,1,2,190,1,3,4,,2024-04-17 20:11
502,50201,25,2022,67,3,1,493,2017m10,3,873,1,2,1,1,150,2,4,4,,2024-04-17 20:11
502,50202,25,2022,61,3,1,651,1993m9,1,510,1,2,1,2,200,2,3,4,,2024-04-17 20:11
502,50204,25,2022,32,6,1,271,2015m12,1,245,1,1,1,1,350,1,2,4,,2024-04-17 20:11
504,50401,25,2022,63,6,,,,,,,2,1,1,,,,3,,2024-04-17 20:11
504,50402,25,2022,60,3,,,,,,,2,1,2,,,,4,,2024-04-17 20:11
506,50601,25,2022,62,3,,,,,,,3,8,2,,,,5,,2024-04-17 20:11
506,50602,25,2022,34,6,1,582,2014m5,1,223,1,1,8,1,390,1,2,5,,2024-04-17 20:11
506,50603,25,2022,32,5,1,841,2014m6,1,311,1,1,8,2,320,1,2,5,,2024-04-17 20:11
507,50701,25,2022,73,2,,,,,,,3,8,2,,,,5,,2024-04-17 20:11
507,50702,25,2022,47,5,1,,2017m9,1,312,1,2,8,1,240,1,3,5,,2024-04-17 20:11
8030,50703,25,2022,42,6,1,662,2009m3,1,273,1,2,8,1,510,1,2,4,,2024-04-17 20:11
507,50705,25,2022,26,5,,,,,,,2,8,2,,,,5,,2024-04-17 20:11
508,50801,25,2022,70,2,1,561,2021m2,3,441,1,3,1,2,60,2,3,6,,2024-04-17 20:11
7297,50802,25,2022,42,3,1,612,2013m11,1,399,1,2,1,2,180,1,2,4,,2024-04-17 20:11
510,51001,25,2022,72,2,,,,,,,2,1,1,,,,6,,2024-04-17 20:11
510,51002,25,2022,65,2,,,,,,,2,1,2,,,,6,,2024-04-17 20:11
511,51101,25,2022,60,3,2,492,2004m8,4,875,2,2,1,1,150,,3,4,,2024-04-17 20:11
511,51102,25,2022,57,3,1,360,2016m1,1,941,1,2,1,2,260,1,2,4,,2024-04-17 20:11
511,51103,25,2022,33,5,1,861,2021m9,1,441,1,1,1,1,300,1,2,4,,2024-04-17 20:11
511,51104,25,2022,30,6,1,853,2021m8,2,312,1,1,1,2,200,2,3,4,,2024-04-17 20:11
512,51201,25,2022,67,3,2,465,2001m10,4,521,2,2,8,1,300,,3,4,,2024-04-17 20:11
512,51202,25,2022,61,3,,,,,,,2,8,2,,,,4,,2024-04-17 20:11
8300,51203,25,2022,40,6,,,,,,,2,8,2,,,,3,,2024-04-17 20:11
514,51401,25,2022,84,2,,,,,,,3,1,1,,,,5,,2024-04-17 20:11
514,51404,25,2022,53,1,,,,,,,1,1,1,,,,6,,2024-04-17 20:11
8824,51501,25,2022,62,3,2,493,2020m9,4,922,2,3,8,1,330,,3,4,,2024-04-17 20:11
515,51502,25,2022,63,3,1,561,2020m7,2,442,1,3,1,2,170,2,4,4,,2024-04-17 20:11
515,51504,25,2022,34,3,1,474,2021m6,2,521,1,1,1,2,180,2,3,5,,2024-04-17 20:11
518,51802,25,2022,70,2,,,,,,,3,8,2,,,,4,,2024-04-17 20:11
6347,51805,25,2022,41,3,1,742,2022m1,2,941,1,3,1,2,240,2,3,5,,2024-04-17 20:11
519,51901,25,2022,76,3,,,,,,,2,1,1,,,,5,,2024-04-17 20:11
519,51902,25,2022,74,2,1,682,2019m10,2,941,1,2,1,2,145,2,3,5,,2024-04-17 20:11
5710,51903,25,2022,48,3,1,452,2008m10,1,274,1,2,8,1,250,1,3,4,,2024-04-17 20:11
520,52001,25,2022,80,1,,,,,,,3,1,1,,,,6,,2024-04-17 20:11
522,52201,25,2022,67,3,2,461,2006m12,4,274,2,3,1,1,100,,5,6,,2024-04-17 20:11
523,52301,25,2022,64,6,2,862,1989m2,4,241,2,2,8,1,1500,,2,5,,2024-04-17 20:11
523,52302,25,2022,63,5,1,862,2017m1,2,312,1,2,8,2,190,1,2,5,,2024-04-17 20:11
525,52501,25,2022,74,4,,,,,,,2,9,1,,,,3,,2024-04-17 20:11
525,52502,25,2022,69,3,,,,,,,2,9,2,,,,3,,2024-04-17 20:11
7798,52503,25,2022,46,5,1,851,2019m3,2,421,1,2,8,2,115,2,3,4,,2024-04-17 20:11
7799,52504,25,2022,46,5,,,,,,,2,8,2,,,,4,,2024-04-17 20:11
526,52601,25,2022,68,3,1,872,2018m5,2,873,1,2,1,1,140,2,1,5,,2024-04-17 20:11
526,52602,25,2022,67,3,,,,,,,2,1,2,,,,4,,2024-04-17 20:11
8975,52604,25,2022,41,6,1,261,2014m3,1,235,1,2,8,1,850,1,3,3,,2024-04-17 20:11
8728,52803,25,2022,56,5,1,453,2019m7,2,314,1,3,1,1,150,2,3,5,,2024-04-17 20:11
528,52804,25,2022,52,5,1,872,2021m8,1,247,1,2,15,2,210,1,2,3,,2024-04-17 20:11
8728,52806,25,2022,20,4,,,,,,,1,1,2,,,,5,,2024-04-17 20:11
529,52902,25,2022,53,3,,,,,,,2,1,2,,,,4,,2024-04-17 20:11
529,52904,25,2022,26,6,,,,,,,1,1,2,,,,4,,2024-04-17 20:11
530,53002,25,2022,67,3,1,412,2019m7,3,782,1,2,4,1,300,2,2,3,,2024-04-17 20:11
530,53003,25,2022,66,3,1,969,2020m7,1,951,1,2,4,2,230,2,2,3,,2024-04-17 20:11
531,53101,25,2022,59,5,1,492,2016m3,1,875,1,2,1,1,290,1,3,4,,2024-04-17 20:11
531,53102,25,2022,59,3,1,561,2015m7,1,441,1,2,1,2,120,1,3,4,,2024-04-17 20:11
531,53104,25,2022,31,4,1,561,2021m11,1,441,1,1,1,1,230,1,2,4,,2024-04-17 20:11
532,53201,25,2022,68,3,2,682,1989m12,4,274,2,2,1,1,300,,3,4,,2024-04-17 20:11
532,53202,25,2022,64,3,3,682,1989m12,5,274,2,2,1,2,,,3,4,,2024-04-17 20:11
533,53301,25,2022,67,6,,,,,,,2,1,1,,,,4,,2024-04-17 20:11
533,53302,25,2022,64,3,2,474,2019m12,4,521,2,2,1,2,100,,3,4,,2024-04-17 20:11
534,53402,25,2022,68,3,,,,,,,2,8,1,,,,4,,2024-04-17 20:11
534,53403,25,2022,65,3,,,,,,,2,8,2,,,,4,,2024-04-17 20:11
535,53501,25,2022,82,6,,,,,,,3,1,1,,,,6,,2024-04-17 20:11
536,53601,25,2022,62,6,,,,,,,2,1,1,,,,4,,2024-04-17 20:11
536,53602,25,2022,62,6,,,,,,,2,1,2,,,,4,,2024-04-17 20:11
537,53701,25,2022,54,6,1,582,2021m10,1,222,1,2,1,1,730,1,3,4,,2024-04-17 20:11
537,53702,25,2022,51,6,,,,,,,2,1,2,,,,4,,2024-04-17 20:11
537,53703,25,2022,24,4,,,,,,,1,1,1,,,,4,,2024-04-17 20:11
537,53704,25,2022,21,4,,,,,,,1,1,1,,,,4,,2024-04-17 20:11
539,53901,25,2022,67,3,,,,,,,2,1,1,,,,4,,2024-04-17 20:11
6322,53902,25,2022,65,3,1,841,2022m4,2,,1,3,1,2,27,2,3,5,,2024-04-17 20:11
542,54201,25,2022,56,6,1,941,2020m2,1,133,1,2,8,1,390,1,3,2,,2024-04-17 20:11
542,54202,25,2022,52,6,,,,,,,2,8,2,,,,3,,2024-04-17 20:11
542,54203,25,2022,27,6,1,464,2020m9,1,312,1,1,8,2,190,1,3,3,,2024-04-17 20:11
542,54204,25,2022,24,4,,,,,,,1,8,1,,,,3,,2024-04-17 20:11
6011,54402,25,2022,94,2,,,,,,,3,8,2,,,,3,,2024-04-17 20:11
545,54502,25,2022,83,2,,,,,,,3,1,2,,,,4,,2024-04-17 20:11
549,54902,25,2022,71,2,2,132,1980m6,4,721,2,3,1,2,300,,3,5,,2024-04-17 20:11
8301,54904,25,2022,44,3,2,464,2007m8,4,521,2,1,1,1,200,,3,5,,2024-04-17 20:11
550,55001,25,2022,67,3,,,,,,,2,1,1,,,,4,,2024-04-17 20:11
550,55002,25,2022,63,3,1,463,2007m5,2,521,1,2,1,2,130,2,3,4,,2024-04-17 20:11
9270,55003,25,2022,41,6,,,,,,,2,1,2,,,,4,,2024-04-17 20:11
9796,55004,25,2022,38,6,1,651,2012m1,1,320,1,2,8,1,330,1,3,3,,2024-04-17 20:11
551,55101,25,2022,78,2,,,,,,,3,1,2,,,,5,,2024-04-17 20:11
551,55102,25,2022,54,6,,,,,,,1,1,1,,,,5,,2024-04-17 20:11
5018,55103,25,2022,53,3,1,411,2016m4,3,783,1,2,8,1,400,2,3,5,,2024-04-17 20:11
552,55201,25,2022,62,4,2,492,2005m1,4,875,2,2,1,1,100,,3,4,,2024-04-17 20:11
552,55202,25,2022,56,3,1,561,2008m3,1,952,1,2,1,2,180,2,3,4,,2024-04-17 20:11
9797,55203,25,2022,33,5,,,,,,,1,1,1,,,,5,,2024-04-17 20:11
9798,55204,25,2022,29,5,1,562,2018m3,1,441,1,1,1,2,200,1,3,5,,2024-04-17 20:11
553,55302,25,2022,70,3,,,,,,,3,1,2,,,,4,,2024-04-17 20:11
553,55303,25,2022,41,3,,,,,,,2,1,2,,,,4,,2024-04-17 20:11
554,55401,25,2022,89,6,,,,,,,2,11,1,,,,4,,2024-04-17 20:11
554,55402,25,2022,79,3,,,,,,,2,11,2,,,,5,,2024-04-17 20:11
555,55501,25,2022,68,2,1,411,1995m4,3,783,1,2,1,1,160,2,3,5,,2024-04-17 20:11
555,55502,25,2022,69,2,,,,,,,2,1,2,,,,5,,2024-04-17 20:11
9799,55503,25,2022,41,2,1,411,2018m10,3,910,1,1,1,1,160,2,3,5,,2024-04-17 20:11
557,55701,25,2022,77,3,2,479,2001m8,4,992,2,2,8,1,100,,2,5,,2024-04-17 20:11
557,55702,25,2022,68,2,2,11,2017m9,4,611,2,2,8,2,50,,4,5,,2024-04-17 20:11
5625,55703,25,2022,50,5,,,,,,,2,14,2,,,,5,,2024-04-17 20:11
8302,55704,25,2022,46,6,1,479,2021m9,2,992,1,1,8,1,50,2,3,6,,2024-04-17 20:11
558,55801,25,2022,80,6,,,,,,,3,1,1,,,,6,,2024-04-17 20:11
7147,55805,25,2022,49,6,1,612,2000m9,1,274,1,1,8,1,500,1,2,3,,2024-04-17 20:11
6622,56101,25,2022,80,3,,,,,,,3,1,1,,,,4,,2024-04-17 20:11
5010,56102,25,2022,76,3,,,,,,,3,8,2,,,,5,,2024-04-17 20:11
9263,56104,25,2022,42,6,1,262,2014m2,1,274,1,1,8,1,340,1,3,5,,2024-04-17 20:11
561,56105,25,2022,51,6,,,,,,,2,8,2,,,,4,,2024-04-17 20:11
563,56301,25,2022,61,6,2,424,2021m8,4,783,2,2,8,1,,,4,4,,2024-04-17 20:11
563,56302,25,2022,64,3,,,,,,,2,8,2,,,,3,,2024-04-17 20:11
8303,56303,25,2022,34,5,1,479,2010m3,1,285,1,1,1,2,150,2,3,5,,2024-04-17 20:11
564,56401,25,2022,79,3,1,841,2022m3,2,941,1,2,8,1,30,2,3,4,,2024-04-17 20:11
564,56402,25,2022,65,3,,,,,,,2,8,2,,,,4,,2024-04-17 20:11
7300,56404,25,2022,47,5,,,,,,,2,11,2,,,,4,,2024-04-17 20:11
566,56601,25,2022,57,3,2,494,2010m12,4,922,2,3,1,1,150,,3,6,,2024-04-17 20:11
566,56603,25,2022,30,3,,,,,,,1,1,1,,,,6,,2024-04-17 20:11
566,56604,25,2022,28,5,1,872,2020m3,1,247,1,1,1,2,200,1,3,6,,2024-04-17 20:11
567,56701,25,2022,80,2,,,,,,,2,8,1,,,,4,,2024-04-17 20:11
567,56702,25,2022,77,2,,,,,,,2,8,2,,,,4,,2024-04-17 20:11
5143,56703,25,2022,53,6,1,841,2022m3,2,314,1,2,8,2,40,2,3,3,,2024-04-17 20:11
5988,56704,25,2022,50,3,2,651,2013m7,4,510,2,3,8,2,200,,3,5,,2024-04-17 20:11
6881,56705,25,2022,47,6,,,,,,,2,8,2,,,,4,,2024-04-17 20:11
6987,57203,25,2022,52,6,1,424,2012m9,1,231,1,2,8,1,630,1,3,3,,2024-04-17 20:11
5753,57204,25,2022,50,5,1,872,2020m8,1,421,1,2,8,2,120,1,3,3,,2024-04-17 20:11
575,57501,25,2022,51,5,2,855,2013m11,4,254,2,2,8,2,250,,2,4,,2024-04-17 20:11
576,57601,25,2022,68,2,,,,,,,3,1,1,,,,5,,2024-04-17 20:11
576,57603,25,2022,41,3,1,494,2014m1,2,921,1,1,1,1,100,2,4,5,,2024-04-17 20:11
10119,57604,25,2022,36,5,,,,,,,1,1,1,,,,5,,2024-04-17 20:11
578,57803,25,2022,82,1,,,,,,,3,1,2,,,,5,,2024-04-17 20:11
579,57901,25,2022,68,2,,,,,,,3,9,2,,,,4,,2024-04-17 20:11
580,58001,25,2022,54,3,2,463,2005m10,4,922,2,2,1,1,250,,3,5,,2024-04-17 20:11
580,58002,25,2022,42,3,,,,,,,2,1,2,,,,5,,2024-04-17 20:11
8031,58302,25,2022,54,3,1,861,2001m10,1,441,1,3,1,2,450,1,2,4,,2024-04-17 20:11
5869,58304,25,2022,55,3,1,422,2022m1,3,792,1,2,1,1,450,2,2,5,,2024-04-17 20:11
8031,58305,25,2022,31,6,1,911,2019m10,3,286,1,1,1,1,250,2,3,4,,2024-04-17 20:11
584,58401,25,2022,59,2,1,529,2010m5,1,992,1,2,1,1,130,1,3,4,,2024-04-17 20:11
584,58402,25,2022,61,2,1,742,2021m6,2,941,1,2,1,2,240,2,3,4,,2024-04-17 20:11
10120,58403,25,2022,35,6,1,471,2021m1,2,521,1,1,1,1,105,2,3,5,,2024-04-17 20:11
10121,58404,25,2022,34,5,1,474,2009m1,1,521,1,1,1,2,130,1,3,4,,2024-04-17 20:11
585,58501,25,2022,53,6,1,855,2007m11,1,254,1,2,1,1,400,1,3,5,,2024-04-17 20:11
585,58502,25,2022,50,6,2,855,2013m2,4,312,2,2,1,2,300,,3,5,,2024-04-17 20:11
586,58601,25,2022,71,2,2,492,2011m9,4,875,2,3,1,1,170,,3,4,,2024-04-17 20:11
7800,58602,25,2022,43,4,,,,,,,2,5,2,,,,5,,2024-04-17 20:11
586,58603,25,2022,42,2,,,,,,,1,1,1,,,,4,,2024-04-17 20:11
588,58801,25,2022,55,6,,,,,,,2,1,1,,,,4,,2024-04-17 20:11
588,58802,25,2022,53,5,,,,,,,2,1,2,,,,4,,2024-04-17 20:11
588,58803,25,2022,27,6,,,,,,,1,1,1,,,,4,,2024-04-17 20:11
588,58804,25,2022,24,4,,,,,,,1,1,2,,,,4,,2024-04-17 20:11
589,58902,25,2022,87,2,,,,,,,3,8,2,,,,5,,2024-04-17 20:11
590,59001,25,2022,79,2,,,,,,,2,1,1,,,,5,,2024-04-17 20:11
590,59002,25,2022,74,2,,,,,,,2,1,2,,,,5,,2024-04-17 20:11
595,59501,25,2022,67,2,,,,,,,2,1,1,,,,5,,2024-04-17 20:11
595,59502,25,2022,63,2,,,,,,,2,1,2,,,,5,,2024-04-17 20:11
7548,59503,25,2022,45,6,1,871,2021m3,1,133,1,2,1,2,330,1,3,5,,2024-04-17 20:11
9800,59504,25,2022,43,4,1,681,2015m7,2,312,1,2,1,1,300,2,3,4,,2024-04-17 20:11
596,59601,25,2022,62,4,1,411,2020m5,1,942,1,2,8,1,245,2,3,4,,2024-04-17 20:11
596,59602,25,2022,57,3,1,872,2020m11,1,421,1,2,8,2,127,2,3,4,,2024-04-17 20:11
596,59605,25,2022,28,4,,,,,,,1,8,1,,,,4,,2024-04-17 20:11
596,59606,25,2022,87,2,,,,,,,3,8,1,,,,5,,2024-04-17 20:11
599,59902,25,2022,75,3,,,,,,,2,1,1,,,,4,,2024-04-17 20:11
599,59903,25,2022,71,3,,,,,,,2,1,2,,,,4,,2024-04-17 20:11
7139,59904,25,2022,44,5,,,,,,,2,8,2,,,,3,,2024-04-17 20:11
8304,59905,25,2022,41,6,1,721,2013m4,1,231,1,1,1,1,250,2,3,5,,2024-04-17 20:11
600,60002,25,2022,84,2,,,,,,,3,1,2,,,,4,,2024-04-17 20:11
600,60003,25,2022,60,3,2,743,1999m6,4,612,2,2,1,1,100,,3,4,,2024-04-17 20:11
600,60004,25,2022,56,3,2,561,2004m5,4,441,2,2,1,2,150,,3,4,,2024-04-17 20:11
600,60005,25,2022,31,4,1,843,2014m6,1,980,1,1,1,1,300,1,3,4,,2024-04-17 20:11
600,60006,25,2022,27,5,1,851,2021m7,1,253,1,1,1,2,200,1,3,4,,2024-04-17 20:11
601,60103,25,2022,75,3,,,,,,,3,1,2,,,,4,,2024-04-17 20:11
6891,60104,25,2022,49,5,1,612,2006m2,1,312,1,2,1,1,320,1,2,4,,2024-04-17 20:11
6546,60105,25,2022,47,6,,,,,,,2,1,2,,,,4,,2024-04-17 20:11
6835,60302,25,2022,86,1,,,,,,,3,8,2,,,,5,,2024-04-17 20:11
604,60401,25,2022,74,3,,,,,,,2,1,1,,,,4,,2024-04-17 20:11
604,60402,25,2022,70,3,,,,,,,2,1,2,,,,4,,2024-04-17 20:11
7550,60403,25,2022,46,6,1,855,2020m10,1,254,1,2,1,1,300,1,3,5,,2024-04-17 20:11
605,60501,25,2022,72,2,,,,,,,2,1,1,,,,5,,2024-04-17 20:11
605,60502,25,2022,69,3,,,,,,,2,1,2,,,,5,,2024-04-17 20:11
607,60702,25,2022,73,3,,,,,,,3,8,2,,,,3,,2024-04-17 20:11
6709,60703,25,2022,51,6,1,853,2004m9,1,251,1,2,8,1,650,1,2,4,,2024-04-17 20:11
7302,60704,25,2022,47,6,1,612,2001m7,1,223,1,2,1,1,530,-1,2,4,,2024-04-17 20:11
608,60801,25,2022,74,2,,,,,,,3,1,2,,,,5,,2024-04-17 20:11
609,60901,25,2022,72,2,1,682,2020m1,2,942,1,2,8,1,220,1,3,5,,2024-04-17 20:11
609,60902,25,2022,74,3,,,,,,,2,8,2,,,,5,,2024-04-17 20:11
613,61301,25,2022,65,3,,,,,,,2,1,1,,,,4,,2024-04-17 20:11
613,61302,25,2022,61,3,1,639,2016m3,2,314,1,2,1,2,200,1,2,4,,2024-04-17 20:11
9868,61303,25,2022,32,6,1,852,2012m3,1,252,1,2,19,2,300,1,2,4,,2024-04-17 20:11
613,61304,25,2022,25,4,,,,,,,1,1,1,,,,4,,2024-04-17 20:11
615,61501,25,2022,63,3,2,494,2021m11,4,922,2,2,1,1,150,,3,5,,2024-04-17 20:11
615,61502,25,2022,62,2,1,561,2021m10,3,442,1,2,1,2,200,2,2,5,,2024-04-17 20:11
8603,61503,25,2022,42,3,2,561,2020m11,4,441,2,2,1,2,500,,2,6,,2024-04-17 20:11
9602,61504,25,2022,39,5,1,582,2021m6,1,222,1,2,1,1,396,1,3,3,,2024-04-17 20:11
616,61601,25,2022,62,3,2,492,2018m11,4,873,2,3,1,1,200,,3,5,,2024-04-17 20:11
7431,61603,25,2022,36,3,1,862,2017m1,1,246,1,3,1,2,300,1,3,6,,2024-04-17 20:11
8604,61604,25,2022,34,5,,,,,,,2,8,2,,,,5,,2024-04-17 20:11
10122,61605,25,2022,31,3,1,463,2013m10,1,922,1,1,1,1,300,1,3,5,,2024-04-17 20:11
617,61701,25,2022,64,3,2,492,2022m4,4,873,2,2,1,1,200,,2,4,,2024-04-17 20:11
617,61702,25,2022,62,3,,,,,,,2,1,2,,,,4,,2024-04-17 20:11
617,61703,25,2022,35,5,1,582,2021m1,1,222,1,1,1,1,400,1,2,4,,2024-04-17 20:11
619,61901,25,2022,66,2,2,467,1997m10,4,941,2,3,8,1,180,,2,4,,2024-04-17 20:11
619,61904,25,2022,36,6,,,,,,,1,8,2,,,,4,,2024-04-17 20:11
620,62001,25,2022,67,3,,,,,,,2,1,1,,,,4,,2024-04-17 20:11
620,62002,25,2022,63,2,,,,,,,2,1,2,,,,4,,2024-04-17 20:11
620,62003,25,2022,41,4,1,872,2021m1,1,312,1,1,1,1,250,1,3,4,,2024-04-17 20:11
621,62101,25,2022,64,3,,,,,,,2,1,1,,,,4,,2024-04-17 20:11
621,62102,25,2022,67,2,1,141,2006m11,1,721,1,2,1,2,200,1,3,4,,2024-04-17 20:11
9701,62103,25,2022,37,6,1,581,2015m2,1,259,1,2,1,1,250,1,3,4,,2024-04-17 20:11
621,62104,25,2022,35,5,1,139,2015m6,1,899,1,1,1,2,150,1,3,4,,2024-04-17 20:11
622,62201,25,2022,53,6,1,682,2021m9,1,862,1,2,14,1,350,1,3,4,,2024-04-17 20:11
5633,62202,25,2022,82,1,,,,,,,3,8,2,,,,4,,2024-04-17 20:11
7513,62203,25,2022,54,3,,,,,,,2,8,2,,,,4,,2024-04-17 20:11
622,62204,25,2022,50,3,,,,,,,2,14,2,,,,4,,2024-04-17 20:11
622,62205,25,2022,23,6,1,862,2022m3,1,245,1,1,14,2,220,1,3,4,,2024-04-17 20:11
622,62206,25,2022,21,4,,,,,,,1,14,2,,,,4,,2024-04-17 20:11
623,62301,25,2022,81,2,,,,,,,3,8,1,,,,3,,2024-04-17 20:11
623,62305,25,2022,46,3,2,424,2000m1,4,782,2,2,8,1,500,,3,4,,2024-04-17 20:11
623,62306,25,2022,43,5,1,424,2021m8,1,285,1,2,8,2,350,1,3,3,,2024-04-17 20:11
623,62307,25,2022,20,4,,,,,,,1,8,2,,,,4,,2024-04-17 20:11
623,62308,25,2022,17,2,,,,,,,1,8,2,,,,4,,2024-04-17 20:11
624,62401,25,2022,67,2,1,561,2022m5,3,952,1,2,9,1,150,2,3,4,,2024-04-17 20:11
624,62402,25,2022,67,2,,,,,,,2,9,2,,,,4,,2024-04-17 20:11
624,62403,25,2022,22,6,,,,,,,1,9,2,,,,4,,2024-04-17 20:11
625,62501,25,2022,73,3,,,,,,,2,8,1,,,,4,,2024-04-17 20:11
625,62502,25,2022,72,2,,,,,,,2,8,2,,,,4,,2024-04-17 20:11
6989,62503,25,2022,47,3,1,144,2021m12,1,274,1,2,1,1,320,1,2,3,,2024-04-17 20:11
625,62504,25,2022,44,6,1,465,2021m5,1,312,1,1,8,2,180,1,3,4,,2024-04-17 20:11
7552,62601,25,2022,57,6,2,855,1998m11,4,254,2,3,1,1,100,,3,3,,2024-04-17 20:11
626,62602,25,2022,55,6,1,222,2010m10,1,312,1,3,5,2,330,1,2,5,,2024-04-17 20:11
7552,62604,25,2022,25,4,,,,,,,1,1,1,,,,3,,2024-04-17 20:11
628,62801,25,2022,55,6,1,581,1999m10,1,281,1,2,1,1,900,1,2,2,,2024-04-17 20:11
628,62802,25,2022,54,6,,,,,,,2,1,2,,,,3,,2024-04-17 20:11
10298,62803,25,2022,25,6,1,852,2022m3,1,252,1,1,11,2,230,1,2,4,,2024-04-17 20:11
628,62804,25,2022,21,4,2,855,2020m3,4,254,2,1,1,1,40,,2,3,,2024-04-17 20:11
631,63101,25,2022,66,3,,,,,,,2,1,1,,,,4,,2024-04-17 20:11
631,63102,25,2022,64,2,,,,,,,2,1,2,,,,4,,2024-04-17 20:11
8032,63103,25,2022,39,5,,,,,,,2,5,2,,,,5,,2024-04-17 20:11
9603,63104,25,2022,36,6,1,464,2020m1,1,312,1,2,1,1,400,1,2,5,,2024-04-17 20:11
632,63202,25,2022,58,5,1,411,2012m4,3,910,1,2,1,1,200,2,3,5,,2024-04-17 20:11
632,63203,25,2022,58,3,1,339,2020m3,2,930,1,2,1,2,130,2,3,5,,2024-04-17 20:11
632,63205,25,2022,27,4,1,551,2021m10,2,442,1,1,1,1,200,2,3,5,,2024-04-17 20:11
633,63301,25,2022,82,2,,,,,,,2,1,1,,,,6,,2024-04-17 20:11
633,63302,25,2022,79,2,,,,,,,2,1,2,,,,6,,2024-04-17 20:11
634,63403,25,2022,41,5,1,582,2011m12,1,223,1,2,8,1,710,1,2,3,,2024-04-17 20:11
634,63404,25,2022,34,3,,,,,,,1,8,1,,,,3,,2024-04-17 20:11
634,63405,25,2022,42,3,,,,,,,2,8,2,,,,3,,2024-04-17 20:11
635,63501,25,2022,73,2,2,11,1999m12,4,612,2,2,8,1,100,,3,5,,2024-04-17 20:11
635,63502,25,2022,65,2,3,11,2017m5,5,612,2,2,8,2,,,4,5,,2024-04-17 20:11
636,63601,25,2022,84,2,,,,,,,2,8,1,,,,3,,2024-04-17 20:11
636,63602,25,2022,80,2,,,,,,,2,8,2,,,,5,,2024-04-17 20:11
636,63603,25,2022,51,5,2,466,2005m12,4,521,2,2,8,1,1000,,2,3,,2024-04-17 20:11
639,63901,25,2022,80,2,,,,,,,2,1,1,,,,4,,2024-04-17 20:11
639,63902,25,2022,76,2,,,,,,,2,1,2,,,,4,,2024-04-17 20:11
6293,63903,25,2022,48,3,1,464,2018m2,1,151,1,2,8,1,550,1,3,3,,2024-04-17 20:11
10299,63904,25,2022,45,6,2,464,2018m2,4,274,2,1,8,1,550,,2,3,,2024-04-17 20:11
6293,63905,25,2022,44,3,1,911,2019m2,1,286,1,2,8,2,140,2,3,3,,2024-04-17 20:11
6293,63906,25,2022,19,4,,,,,,,1,8,2,,,,3,,2024-04-17 20:11
640,64001,25,2022,56,6,1,701,1991m2,1,235,1,2,8,1,1400,1,2,3,,2024-04-17 20:11
640,64002,25,2022,54,6,,,,,,,2,8,2,,,,3,,2024-04-17 20:11
640,64003,25,2022,20,4,,,,,,,1,8,1,,,,3,,2024-04-17 20:11
640,64004,25,2022,15,2,,,,,,,1,8,1,,,,3,,2024-04-17 20:11
641,64101,25,2022,80,2,,,,,,,2,8,1,,,,6,,2024-04-17 20:11
641,64102,25,2022,73,2,,,,,,,2,8,2,,,,6,,2024-04-17 20:11
5551,64103,25,2022,52,2,1,969,2006m9,3,875,1,2,1,1,150,2,4,5,,2024-04-17 20:11
5551,64104,25,2022,50,3,1,961,2009m9,1,521,1,2,1,2,80,1,4,5,,2024-04-17 20:11
5551,64105,25,2022,24,3,,,,,,,1,1,2,,,,5,,2024-04-17 20:11
5551,64106,25,2022,22,3,1,529,2019m1,1,313,1,1,1,2,170,1,3,5,,2024-04-17 20:11
642,64201,25,2022,84,2,,,,,,,1,1,2,,,,6,,2024-04-17 20:11
643,64301,25,2022,59,3,1,152,2016m7,2,721,1,3,1,1,350,1,3,5,,2024-04-17 20:11
6836,64302,25,2022,58,3,1,479,2018m11,1,531,1,3,1,2,250,1,3,5,,2024-04-17 20:11
8970,64303,25,2022,33,3,,,,,,,2,1,2,,,,5,,2024-04-17 20:11
646,64602,25,2022,66,6,,,,,,,3,1,2,,,,5,,2024-04-17 20:11
647,64701,25,2022,67,6,1,241,2022m5,1,141,1,2,1,1,350,1,2,4,,2024-04-17 20:11
647,64702,25,2022,61,6,1,492,2002m6,1,313,1,2,1,2,360,1,2,4,,2024-04-17 20:11
647,64705,25,2022,30,6,1,602,2020m6,1,283,1,1,1,2,250,1,2,4,,2024-04-17 20:11
9949,64801,25,2022,72,3,1,682,2021m9,2,942,1,3,1,1,190,2,2,5,,2024-04-17 20:11
648,64802,25,2022,72,2,,,,,,,2,8,2,,,,4,,2024-04-17 20:11
7801,64804,25,2022,46,5,,,,,,,2,5,2,,,,5,,2024-04-17 20:11
8729,64805,25,2022,42,5,2,855,2013m2,4,286,2,2,8,1,350,,3,3,,2024-04-17 20:11
650,65002,25,2022,66,2,,,,,,,3,1,2,,,,5,,2024-04-17 20:11
6901,65003,25,2022,44,6,,,,,,,2,1,2,,,,4,,2024-04-17 20:11
655,65501,25,2022,86,2,1,872,2020m1,2,941,1,3,1,2,27,2,3,5,,2024-04-17 20:11
656,65602,25,2022,80,2,,,,,,,3,1,2,,,,5,,2024-04-17 20:11
656,65603,25,2022,54,3,1,471,2005m3,1,521,1,1,1,2,230,1,3,5,,2024-04-17 20:11
657,65701,25,2022,53,2,,,,,,,2,9,2,,,,4,,2024-04-17 20:11
657,65702,25,2022,53,2,2,424,2016m5,4,782,2,2,9,1,500,,3,4,,2024-04-17 20:11
658,65801,25,2022,55,3,2,181,2004m9,4,892,2,2,1,1,300,,3,5,,2024-04-17 20:11
658,65802,25,2022,54,3,,,,,,,2,1,2,,,,5,,2024-04-17 20:11
658,65803,25,2022,28,6,,,,,,,1,1,2,,,,5,,2024-04-17 20:11
658,65804,25,2022,25,4,1,471,2021m2,3,521,1,1,1,1,85,2,3,4,,2024-04-17 20:11
662,66201,25,2022,73,4,1,681,2017m11,2,992,1,3,1,1,150,2,3,5,,2024-04-17 20:11
667,66701,25,2022,79,3,,,,,,,3,5,1,,,,6,,2024-04-17 20:11
10038,66702,25,2022,50,3,,,,,,,1,5,1,,,,6,,2024-04-17 20:11
7554,66703,25,2022,48,3,1,472,2021m8,3,930,1,1,5,1,160,2,4,6,,2024-04-17 20:11
671,67102,25,2022,73,2,,,,,,,3,1,2,,,,4,,2024-04-17 20:11
8034,67103,25,2022,49,3,,,,,,,1,1,1,,,,4,,2024-04-17 20:11
8033,67104,25,2022,47,3,1,561,2021m7,1,710,1,1,1,2,,1,3,5,,2024-04-17 20:11
672,67201,25,2022,68,3,,,,,,,2,1,1,,,,4,,2024-04-17 20:11
672,67202,25,2022,63,2,1,581,2021m10,1,930,1,2,1,2,180,2,3,4,,2024-04-17 20:11
672,67203,25,2022,41,6,1,759,2014m3,2,531,1,1,1,1,300,2,3,4,,2024-04-17 20:11
9175,67204,25,2022,38,6,,,,,,,2,8,2,,,,4,,2024-04-17 20:11
674,67401,25,2022,63,3,1,841,2022m3,2,399,1,2,1,1,75,2,3,6,,2024-04-17 20:11
674,67402,25,2022,56,3,1,474,2021m1,2,521,1,2,1,2,120,2,3,6,,2024-04-17 20:11
674,67403,25,2022,28,3,1,739,2020m11,1,313,1,1,1,2,370,1,2,5,,2024-04-17 20:11
674,67404,25,2022,24,6,1,911,2021m9,2,286,1,1,1,1,150,2,4,5,,2024-04-17 20:11
675,67501,25,2022,65,2,,,,,,,2,8,1,,,,6,,2024-04-17 20:11
675,67502,25,2022,66,2,1,424,2007m10,3,910,1,2,8,2,190,2,3,6,,2024-04-17 20:11
676,67601,25,2022,54,6,1,467,2008m1,1,312,1,2,1,1,320,1,3,4,,2024-04-17 20:11
676,67602,25,2022,47,3,1,467,2017m4,1,313,1,2,1,2,320,1,3,4,,2024-04-17 20:11
678,67801,25,2022,49,6,2,582,2015m6,4,223,2,2,5,1,250,,3,5,,2024-04-17 20:11
678,67803,25,2022,47,5,1,851,2017m3,2,252,1,2,5,2,80,2,3,5,,2024-04-17 20:11
678,67804,25,2022,19,4,,,,,,,1,5,1,,,,4,,2024-04-17 20:11
678,67805,25,2022,16,2,,,,,,,1,5,1,,,,4,,2024-04-17 20:11
679,67901,25,2022,54,6,1,411,2012m9,3,910,1,2,1,1,300,2,3,4,,2024-04-17 20:11
679,67902,25,2022,50,5,,,,,,,2,1,2,,,,4,,2024-04-17 20:11
679,67903,25,2022,23,4,,,,,,,1,1,2,,,,4,,2024-04-17 20:11
679,67904,25,2022,20,4,,,,,,,1,1,1,,,,4,,2024-04-17 20:11
680,68002,25,2022,77,2,,,,,,,3,8,2,,,,4,,2024-04-17 20:11
682,68201,25,2022,67,2,1,411,2008m1,3,910,1,2,8,1,150,2,3,5,,2024-04-17 20:11
682,68202,25,2022,59,2,,,,,,,2,8,2,,,,5,,2024-04-17 20:11
8423,68204,25,2022,38,5,1,426,2021m1,1,874,1,1,9,1,350,1,2,3,,2024-04-17 20:11
682,68205,25,2022,18,2,,,,,,,1,8,2,,,,5,,2024-04-17 20:11
683,68301,25,2022,58,6,2,862,2012m1,4,241,2,1,1,2,800,,2,2,,2024-04-17 20:11
7171,68302,25,2022,55,6,1,411,2020m4,1,231,1,2,1,1,320,1,3,3,,2024-04-17 20:11
683,68303,25,2022,54,6,2,901,2014m6,4,281,2,1,1,2,,,4,4,,2024-04-17 20:11
7914,68304,25,2022,51,6,1,464,2009m2,1,312,1,2,1,1,700,1,3,3,,2024-04-17 20:11
684,68401,25,2022,76,3,,,,,,,2,1,1,,,,4,,2024-04-17 20:11
8180,68405,25,2022,44,6,1,333,2008m4,1,285,1,2,8,2,550,1,2,4,,2024-04-17 20:11
10300,68406,25,2022,39,4,,,,,,,2,1,1,,,,5,,2024-04-17 20:11
685,68501,25,2022,75,2,,,,,,,2,4,1,,,,4,,2024-04-17 20:11
685,68502,25,2022,68,2,,,,,,,2,4,2,,,,4,,2024-04-17 20:11
8606,68503,25,2022,45,6,2,11,2017m7,4,611,2,2,15,1,20,,2,4,,2024-04-17 20:11
686,68601,25,2022,65,6,2,474,2007m6,4,521,2,2,1,1,,,3,4,,2024-04-17 20:11
686,68604,25,2022,62,5,3,474,2009m1,5,521,2,2,1,2,,,3,4,,2024-04-17 20:11
686,68606,25,2022,31,6,1,739,2017m9,1,313,1,1,1,2,250,1,3,4,,2024-04-17 20:11
688,68802,25,2022,61,3,,,,,,,3,1,2,,,,3,,2024-04-17 20:11
689,68901,25,2022,89,6,,,,,,,2,1,1,,,,3,,2024-04-17 20:11
689,68902,25,2022,86,2,,,,,,,2,1,2,,,,4,,2024-04-17 20:11
690,69001,25,2022,79,2,,,,,,,2,1,1,,,,4,,2024-04-17 20:11
690,69002,25,2022,73,2,,,,,,,2,1,2,,,,4,,2024-04-17 20:11
5624,69003,25,2022,52,5,,,,,,,2,1,2,,,,4,,2024-04-17 20:11
6289,69004,25,2022,51,3,1,841,2015m4,1,941,1,2,1,1,350,1,3,4,,2024-04-17 20:11
6289,69005,25,2022,49,3,,,,,,,2,1,2,,,,4,,2024-04-17 20:11
6442,69006,25,2022,44,2,1,370,2005m11,1,881,1,2,1,1,400,1,2,5,,2024-04-17 20:11
6289,69007,25,2022,23,4,,,,,,,1,1,1,,,,4,,2024-04-17 20:11
691,69102,25,2022,70,2,,,,,,,3,1,2,,,,4,,2024-04-17 20:11
7432,69103,25,2022,47,5,1,661,2004m6,1,320,1,2,1,1,360,1,3,4,,2024-04-17 20:11
7802,69104,25,2022,45,6,1,852,2014m9,1,252,1,2,1,2,300,1,2,3,,2024-04-17 20:11
692,69201,25,2022,55,6,1,529,2021m5,1,274,1,2,1,1,730,1,2,4,,2024-04-17 20:11
692,69202,25,2022,52,3,,,,,,,2,1,2,,,,4,,2024-04-17 20:11
692,69203,25,2022,24,4,,,,,,,1,1,2,,,,4,,2024-04-17 20:11
692,69204,25,2022,21,4,,,,,,,1,1,2,,,,4,,2024-04-17 20:11
693,69301,25,2022,53,5,1,493,1999m3,1,921,1,1,1,1,300,2,3,5,,2024-04-17 20:11
695,69501,25,2022,83,3,,,,,,,2,1,1,,,,4,,2024-04-17 20:11
695,69502,25,2022,75,2,,,,,,,2,1,2,,,,4,,2024-04-17 20:11
700,70001,25,2022,71,5,1,682,2022m1,2,942,1,2,1,1,200,2,3,5,,2024-04-17 20:11
700,70002,25,2022,64,3,1,970,2005m7,2,951,1,2,1,2,180,2,3,5,,2024-04-17 20:11
700,70003,25,2022,39,6,1,862,2022m1,3,246,1,2,1,2,100,2,4,5,,2024-04-17 20:11
8607,70004,25,2022,37,6,1,641,2010m10,1,320,1,2,1,2,,1,2,3,,2024-04-17 20:11
701,70101,25,2022,52,4,1,424,1992m6,1,799,1,2,1,1,600,1,2,3,,2024-04-17 20:11
701,70102,25,2022,51,3,,,,,,,2,1,2,,,,4,,2024-04-17 20:11
9604,70103,25,2022,24,3,2,742,,4,799,2,1,1,1,6000,,3,4,,2024-04-17 20:11
701,70104,25,2022,22,4,,,,,,,1,1,2,,,,4,,2024-04-17 20:11
702,70201,25,2022,69,3,,,,,,,3,1,1,,,,5,,2024-04-17 20:11
8986,70202,25,2022,65,6,,,,,,,3,1,2,,,,5,,2024-04-17 20:11
703,70301,25,2022,66,3,2,181,1988m6,4,891,2,2,1,1,100,,3,4,,2024-04-17 20:11
703,70302,25,2022,62,2,1,969,2019m12,1,941,1,2,1,2,250,1,3,4,,2024-04-17 20:11
8730,70303,25,2022,39,5,2,284,2019m2,4,863,2,2,8,1,350,,2,4,,2024-04-17 20:11
7140,70304,25,2022,37,5,,,,,,,2,5,2,,,,4,,2024-04-17 20:11
705,70501,25,2022,68,6,,,,,,,3,1,1,,,,4,,2024-04-17 20:11
706,70601,25,2022,68,2,1,840,2021m2,3,991,1,2,10,1,200,2,3,3,,2024-04-17 20:11
706,70602,25,2022,64,2,,,,,,,2,10,2,,,,3,,2024-04-17 20:11
9262,70603,25,2022,41,5,1,221,2021m1,1,313,1,2,10,2,300,1,2,4,,2024-04-17 20:11
6606,70604,25,2022,39,3,1,681,2003m9,1,312,1,2,1,2,200,1,3,4,,2024-04-17 20:11
707,70701,25,2022,64,3,2,181,2000m8,4,510,2,2,1,1,300,,3,4,,2024-04-17 20:11
707,70702,25,2022,61,3,1,662,2010m3,1,510,1,2,1,2,300,1,3,4,,2024-04-17 20:11
8568,70703,25,2022,36,6,1,107,2013m1,1,312,1,1,1,2,350,1,2,4,,2024-04-17 20:11
8569,70704,25,2022,34,6,2,494,2021m7,4,922,2,1,1,1,200,,4,5,,2024-04-17 20:11
709,70901,25,2022,74,6,,,,,,,2,1,1,,,,4,,2024-04-17 20:11
709,70902,25,2022,69,3,,,,,,,2,1,2,,,,4,,2024-04-17 20:11
710,71001,25,2022,53,2,,,,,,,1,1,1,,,,5,,2024-04-17 20:11
711,71102,25,2022,73,2,,,,,,,3,1,2,,,,5,,2024-04-17 20:11
7304,71104,25,2022,43,3,,,,,,,2,1,2,,,,4,,2024-04-17 20:11
714,71402,25,2022,73,3,1,682,2021m1,2,941,1,3,1,2,30,2,3,5,,2024-04-17 20:11
8609,71404,25,2022,38,6,1,701,2021m12,1,211,1,1,1,1,600,1,2,4,,2024-04-17 20:11
715,71501,25,2022,65,3,2,492,1990m12,4,875,2,2,1,1,250,,3,4,,2024-04-17 20:11
715,71502,25,2022,61,2,,,,,,,2,1,2,,,,4,,2024-04-17 20:11
715,71504,25,2022,30,6,1,261,2021m2,1,312,1,1,1,1,410,1,2,4,,2024-04-17 20:11
716,71602,25,2022,70,3,,,,,,,3,1,2,,,,5,,2024-04-17 20:11
716,71604,25,2022,40,5,1,471,2010m1,1,953,1,1,1,1,250,1,3,5,,2024-04-17 20:11
6134,71702,25,2022,79,4,,,,,,,3,8,2,,,,4,,2024-04-17 20:11
8906,71703,25,2022,52,6,1,852,2020m3,2,252,1,1,1,2,350,2,2,3,,2024-04-17 20:11
6134,71704,25,2022,50,6,1,841,2009m1,1,311,1,2,8,2,350,1,3,3,,2024-04-17 20:11
718,71801,25,2022,60,6,2,107,2016m2,4,812,2,3,8,1,400,,2,3,,2024-04-17 20:11
8731,71802,25,2022,55,3,1,471,2014m11,1,521,1,2,1,2,140,1,3,4,,2024-04-17 20:11
718,71806,25,2022,32,6,1,851,2014m7,1,253,1,1,8,2,200,1,2,3,,2024-04-17 20:11
719,71901,25,2022,82,3,,,,,,,2,1,1,,,,4,,2024-04-17 20:11
719,71902,25,2022,76,3,,,,,,,2,1,2,,,,5,,2024-04-17 20:11
5870,71903,25,2022,53,5,,,,,,,2,1,2,,,,4,,2024-04-17 20:11
719,71905,25,2022,51,5,,,,,,,1,1,1,,,,4,,2024-04-17 20:11
721,72101,25,2022,74,6,2,132,2000m5,4,510,2,2,1,1,350,,3,4,,2024-04-17 20:11
721,72102,25,2022,69,3,,,,,,,2,1,2,,,,4,,2024-04-17 20:11
8732,72103,25,2022,40,6,1,602,2012m3,1,273,1,2,1,2,300,1,2,3,,2024-04-17 20:11
7560,72201,25,2022,63,3,2,291,2019m9,4,851,2,3,15,1,1400,,2,3,,2024-04-17 20:11
7560,72204,25,2022,36,6,3,291,2020m5,5,235,2,1,15,1,,,3,4,,2024-04-17 20:11
722,72205,25,2022,89,2,,,,,,,3,1,2,,,,5,,2024-04-17 20:11
725,72501,25,2022,69,6,,,,,,,2,1,1,,,,4,,2024-04-17 20:11
725,72502,25,2022,65,5,1,861,2022m6,1,243,1,2,1,2,300,1,3,4,,2024-04-17 20:11
725,72503,25,2022,26,4,,,,,,,1,1,1,,,,4,,2024-04-17 20:11
727,72701,25,2022,61,6,2,661,2016m12,4,272,2,2,1,1,500,,2,3,,2024-04-17 20:11
727,72702,25,2022,58,3,,,,,,,2,1,2,,,,3,,2024-04-17 20:11
727,72704,25,2022,30,4,2,562,2020m11,4,442,2,1,1,1,200,,4,3,,2024-04-17 20:11
728,72801,25,2022,69,3,1,641,2017m1,2,941,1,2,1,1,180,2,3,4,,2024-04-17 20:11
728,72802,25,2022,69,2,,,,,,,2,1,2,,,,4,,2024-04-17 20:11
6444,72803,25,2022,45,5,1,479,2017m8,1,531,1,2,8,1,330,1,2,4,,2024-04-17 20:11
6994,72804,25,2022,43,6,,,,,,,2,1,2,,,,4,,2024-04-17 20:11
8610,72805,25,2022,40,5,1,334,2016m1,1,285,1,2,1,1,475,1,2,4,,2024-04-17 20:11
729,72901,25,2022,47,3,1,259,2021m10,1,743,1,2,15,1,370,1,3,4,,2024-04-17 20:11
729,72902,25,2022,46,3,1,474,2019m10,3,521,1,2,15,2,40,2,3,5,,2024-04-17 20:11
729,72903,25,2022,17,2,,,,,,,1,15,2,,,,5,,2024-04-17 20:11
9802,73101,25,2022,82,3,1,494,2017m7,3,922,1,3,1,1,30,2,3,4,,2024-04-17 20:11
731,73102,25,2022,78,2,,,,,,,3,13,2,,,,4,,2024-04-17 20:11
732,73201,25,2022,89,2,,,,,,,3,1,2,,,,6,,2024-04-17 20:11
732,73202,25,2022,65,2,1,411,2017m1,3,910,1,3,1,1,250,2,3,5,,2024-04-17 20:11
10301,73203,25,2022,37,3,2,494,2022m1,4,922,2,3,1,1,150,,4,5,,2024-04-17 20:11
734,73401,25,2022,57,3,2,493,1994m5,4,875,2,2,1,1,500,,2,3,,2024-04-17 20:11
734,73402,25,2022,57,3,,,,,,,2,1,2,,,,4,,2024-04-17 20:11
734,73403,25,2022,28,6,1,492,2021m1,1,752,1,1,1,1,240,1,2,4,,2024-04-17 20:11
734,73404,25,2022,25,6,1,701,2022m8,1,231,1,1,1,1,320,1,2,4,,2024-04-17 20:11
736,73602,25,2022,87,2,,,,,,,3,8,2,,,,6,,2024-04-17 20:11
738,73801,25,2022,59,3,2,471,2000m5,4,521,2,2,8,1,600,,3,4,,2024-04-17 20:11
738,73802,25,2022,47,5,,,,,,,2,8,2,,,,5,,2024-04-17 20:11
739,73901,25,2022,68,3,,,,,,,2,1,1,,,,4,,2024-04-17 20:11
739,73902,25,2022,63,3,1,872,2022m2,2,,1,2,1,2,71,2,2,4,,2024-04-17 20:11
9081,73903,25,2022,39,5,,,,,,,2,1,2,,,,4,,2024-04-17 20:11
9271,73904,25,2022,36,6,1,862,2014m11,1,243,1,2,1,2,280,1,3,4,,2024-04-17 20:11
9272,73905,25,2022,33,6,1,291,2015m7,1,235,1,2,11,1,495,1,2,3,,2024-04-17 20:11
740,74001,25,2022,65,6,1,952,2020m9,2,399,1,2,1,1,220,2,3,4,,2024-04-17 20:11
740,74002,25,2022,61,5,,,,,,,2,1,2,,,,4,,2024-04-17 20:11
9871,74003,25,2022,34,6,1,651,2014m2,1,320,1,2,8,2,110,1,3,4,,2024-04-17 20:11
740,74004,25,2022,87,2,,,,,,,3,1,2,,,,5,,2024-04-17 20:11
741,74102,25,2022,75,6,,,,,,,3,8,2,,,,4,,2024-04-17 20:11
745,74501,25,2022,58,3,,,,,,,3,11,2,,,,6,,2024-04-17 20:11
746,74601,25,2022,53,3,1,492,2015m3,1,875,1,3,1,1,250,1,3,6,,2024-04-17 20:11
747,74701,25,2022,52,3,1,221,1998m11,1,832,1,1,8,1,330,2,2,4,,2024-04-17 20:11
9605,74702,25,2022,50,3,1,411,2004m2,3,910,1,1,8,1,240,2,4,5,,2024-04-17 20:11
749,74901,25,2022,55,3,1,682,2022m1,1,762,1,2,1,1,300,1,3,4,,2024-04-17 20:11
749,74902,25,2022,54,3,1,651,2012m6,1,510,1,2,1,2,200,2,3,4,,2024-04-17 20:11
750,75001,25,2022,78,2,1,682,2020m1,2,942,1,2,1,1,110,2,3,4,,2024-04-17 20:11
750,75002,25,2022,74,2,,,,,,,2,1,2,,,,4,,2024-04-17 20:11
6445,75003,25,2022,50,5,1,759,2013m11,1,399,1,2,1,2,185,1,4,4,,2024-04-17 20:11
6446,75004,25,2022,49,5,,,,,,,2,1,2,,,,4,,2024-04-17 20:11
750,75005,25,2022,45,6,1,107,2011m3,1,312,1,1,1,1,400,1,2,4,,2024-04-17 20:11
751,75102,25,2022,84,2,,,,,,,3,1,2,,,,5,,2024-04-17 20:11
753,75301,25,2022,60,3,1,529,2019m6,1,992,1,2,1,1,220,1,3,4,,2024-04-17 20:11
753,75302,25,2022,58,2,1,141,2007m3,1,721,1,2,1,2,250,1,2,4,,2024-04-17 20:11
8611,75303,25,2022,37,6,1,303,2021m11,1,312,1,2,15,1,390,1,2,4,,2024-04-17 20:11
754,75401,25,2022,76,3,1,851,2021m9,2,942,1,2,1,1,110,2,3,4,,2024-04-17 20:11
754,75402,25,2022,73,2,,,,,,,2,1,2,,,,5,,2024-04-17 20:11
9274,75403,25,2022,50,5,2,461,2017m8,4,274,2,2,8,1,,,4,5,,2024-04-17 20:11
7927,75404,25,2022,45,3,1,422,2021m11,1,236,1,2,1,1,430,1,2,4,,2024-04-17 20:11
756,75601,25,2022,80,2,1,872,2022m2,2,900,1,2,8,1,27,2,3,4,,2024-04-17 20:11
756,75602,25,2022,79,1,,,,,,,2,8,2,,,,4,,2024-04-17 20:11
6243,75603,25,2022,58,3,,,,,,,2,8,2,,,,6,,2024-04-17 20:11
5144,75604,25,2022,51,3,1,855,2015m1,1,312,1,2,1,1,300,1,4,4,,2024-04-17 20:11
5636,75703,25,2022,51,3,1,911,2021m1,2,392,1,2,8,1,250,2,3,5,,2024-04-17 20:11
758,75801,25,2022,57,3,1,872,2022m1,1,421,1,2,1,2,143,2,3,4,,2024-04-17 20:11
758,75802,25,2022,28,6,,,,,,,1,1,1,,,,4,,2024-04-17 20:11
758,75803,25,2022,25,6,,,,,,,1,1,1,,,,4,,2024-04-17 20:11
758,75804,25,2022,60,6,,,,,,,2,1,1,,,,4,,2024-04-17 20:11
759,75901,25,2022,59,4,,,,,,,2,1,1,,,,4,,2024-04-17 20:11
759,75902,25,2022,59,5,1,841,1985m3,1,224,1,2,1,2,350,1,3,4,,2024-04-17 20:11
759,75904,25,2022,31,5,,,,,,,1,1,1,,,,4,,2024-04-17 20:11
759,75905,25,2022,29,6,1,642,2021m1,1,330,1,1,1,1,330,1,3,4,,2024-04-17 20:11
761,76101,25,2022,76,6,,,,,,,2,8,1,,,,4,,2024-04-17 20:11
761,76102,25,2022,73,2,1,969,2016m6,2,421,1,2,8,2,100,2,3,4,,2024-04-17 20:11
761,76105,25,2022,40,6,,,,,,,1,8,2,,,,5,,2024-04-17 20:11
762,76201,25,2022,57,6,1,841,2011m3,1,262,1,2,1,1,600,1,2,5,,2024-04-17 20:11
8035,77402,25,2022,78,1,1,742,2003m5,1,941,1,3,1,2,120,1,3,6,,2024-04-17 20:11
8036,77403,25,2022,47,5,,,,,,,1,1,1,,,,6,,2024-04-17 20:11
8035,77404,25,2022,45,3,1,682,2021m1,1,312,1,2,1,1,270,1,3,5,,2024-04-17 20:11
775,77501,25,2022,61,5,1,872,2014m1,1,133,1,2,1,1,317,1,2,4,,2024-04-17 20:11
775,77502,25,2022,59,6,2,949,2004m11,4,248,2,2,1,2,300,,1,4,,2024-04-17 20:11
9606,77503,25,2022,36,3,1,871,2012m10,1,429,1,2,1,2,290,1,2,4,,2024-04-17 20:11
775,77504,25,2022,35,5,1,872,2015m4,1,312,1,1,1,2,260,1,3,5,,2024-04-17 20:11
776,77601,25,2022,75,4,1,424,2021m6,3,910,1,2,10,1,130,2,3,4,,2024-04-17 20:11
776,77602,25,2022,69,3,,,,,,,2,10,2,,,,5,,2024-04-17 20:11
776,77604,25,2022,41,5,1,465,2020m9,1,312,1,1,10,2,270,1,2,4,,2024-04-17 20:11
778,77803,25,2022,49,6,1,562,2020m9,1,312,1,2,8,1,250,1,3,4,,2024-04-17 20:11
5808,77804,25,2022,48,6,,,,,,,2,8,2,,,,3,,2024-04-17 20:11
778,77805,25,2022,48,6,1,855,2004m2,1,312,1,2,8,2,510,1,3,4,,2024-04-17 20:11
778,77806,25,2022,19,3,,,,,,,1,8,2,,,,4,,2024-04-17 20:11
5801,77903,25,2022,49,3,1,471,2013m6,1,521,1,2,8,1,435,1,3,5,,2024-04-17 20:11
782,78201,25,2022,61,3,1,492,2015m12,1,875,1,3,8,1,230,2,3,5,,2024-04-17 20:11
7928,78301,25,2022,84,2,2,11,2012m5,4,611,2,2,11,1,12,,3,4,,2024-04-17 20:11
783,78303,25,2022,56,3,1,841,2021m2,2,391,1,1,1,2,100,2,3,5,,2024-04-17 20:11
6995,78304,25,2022,55,3,2,424,2018m10,4,783,2,3,1,1,300,,3,5,,2024-04-17 20:11
785,78502,25,2022,77,2,,,,,,,3,1,2,,,,4,,2024-04-17 20:11
6892,78503,25,2022,51,6,2,320,2016m6,4,730,2,2,1,1,550,,2,4,,2024-04-17 20:11
5145,78504,25,2022,50,6,,,,,,,2,8,2,,,,3,,2024-04-17 20:11
786,78602,25,2022,58,3,1,471,2021m11,2,941,1,3,1,2,170,2,3,4,,2024-04-17 20:11
786,78603,25,2022,36,3,1,712,2020m7,1,313,1,1,1,2,200,1,3,4,,2024-04-17 20:11
787,78701,25,2022,84,6,,,,,,,3,5,1,,,,5,,2024-04-17 20:11
788,78801,25,2022,61,6,1,759,2003m1,1,312,1,3,1,1,280,1,3,4,,2024-04-17 20:11
790,79001,25,2022,71,3,,,,,,,2,8,1,,,,5,,2024-04-17 20:11
790,79002,25,2022,62,4,,,,,,,2,8,2,,,,5,,2024-04-17 20:11
792,79201,25,2022,65,6,2,662,2009m3,4,272,2,2,1,1,200,,3,4,,2024-04-17 20:11
792,79202,25,2022,61,6,,,,,,,2,1,2,,,,4,,2024-04-17 20:11
10302,79203,25,2022,34,6,1,582,2015m1,1,223,1,1,1,1,250,1,3,4,,2024-04-17 20:11
9803,79204,25,2022,32,6,1,301,2015m1,1,235,1,2,1,2,500,1,2,4,,2024-04-17 20:11
795,79501,25,2022,65,3,2,471,1993m6,4,521,2,2,1,1,100,,3,4,,2024-04-17 20:11
795,79502,25,2022,64,3,3,,,,,,2,1,2,,,,4,,2024-04-17 20:11
8037,79503,25,2022,40,6,,,,,,,2,1,2,,,,4,,2024-04-17 20:11
8912,79504,25,2022,39,6,1,179,2013m2,1,313,1,2,8,1,320,1,3,4,,2024-04-17 20:11
797,79701,25,2022,83,2,,,,,,,3,1,2,,,,4,,2024-04-17 20:11
798,79801,25,2022,66,2,1,251,2005m10,3,781,1,2,1,1,120,2,4,5,,2024-04-17 20:11
798,79802,25,2022,55,2,1,561,2016m2,1,952,1,2,1,2,260,1,3,5,,2024-04-17 20:11
8305,79803,25,2022,35,6,1,871,2018m5,1,421,1,2,12,2,200,1,2,4,,2024-04-17 20:11
8564,79804,25,2022,34,5,1,911,2013m6,3,432,1,1,8,2,400,2,3,5,,2024-04-17 20:11
799,79901,25,2022,66,3,1,259,2018m9,1,874,1,3,10,1,220,1,3,5,,2024-04-17 20:11
8987,79902,25,2022,38,2,1,262,2021m10,1,863,1,1,10,1,200,1,4,6,,2024-04-17 20:11
10196,79903,25,2022,35,3,1,529,2020m7,1,873,1,1,10,1,320,1,3,5,,2024-04-17 20:11
800,80001,25,2022,55,3,1,611,1993m7,1,922,1,3,8,1,280,1,2,4,,2024-04-17 20:11
10211,80003,25,2022,25,2,,,,,,,1,8,1,,,,5,,2024-04-17 20:11
801,80101,25,2022,76,2,,,,,,,2,11,1,,,,4,,2024-04-17 20:11
801,80102,25,2022,68,3,,,,,,,2,11,2,,,,5,,2024-04-17 20:11
803,80301,25,2022,59,4,1,856,2021m9,2,873,1,2,8,1,120,2,3,4,,2024-04-17 20:11
803,80302,25,2022,58,3,1,222,2015m3,1,832,1,2,8,2,200,1,3,4,,2024-04-17 20:11
803,80303,25,2022,29,6,,,,,,,1,8,1,,,,4,,2024-04-17 20:11
803,80304,25,2022,27,3,,,,,,,1,8,1,,,,4,,2024-04-17 20:11
804,80401,25,2022,53,3,,,,,,,2,1,1,,,,5,,2024-04-17 20:11
804,80402,25,2022,51,2,,,,,,,2,1,2,,,,5,,2024-04-17 20:11
804,80403,25,2022,29,3,1,872,2021m10,1,247,1,1,1,2,170,1,2,4,,2024-04-17 20:11
804,80404,25,2022,25,3,1,561,2020m1,1,710,1,1,1,1,180,1,2,4,,2024-04-17 20:11
805,80501,25,2022,58,3,1,424,2022m3,3,783,1,2,1,1,400,2,3,5,,2024-04-17 20:11
805,80502,25,2022,61,3,2,561,2020m6,4,441,2,2,1,2,180,,3,5,,2024-04-17 20:11
805,80503,25,2022,28,3,1,759,2018m11,1,314,1,1,1,2,200,1,3,5,,2024-04-17 20:11
805,80504,25,2022,23,4,1,494,2021m5,2,922,1,1,1,1,150,2,3,5,,2024-04-17 20:11
806,80603,25,2022,55,3,1,492,2017m5,1,873,1,3,1,1,200,1,2,5,,2024-04-17 20:11
808,80802,25,2022,90,1,,,,,,,3,1,2,,,,6,,2024-04-17 20:11
811,81101,25,2022,72,3,1,682,1998m9,2,783,1,2,1,1,200,1,3,4,,2024-04-17 20:11
811,81102,25,2022,68,2,,,,,,,2,1,2,,,,4,,2024-04-17 20:11
812,81201,25,2022,54,3,2,561,2007m7,4,441,2,2,1,1,200,,3,5,,2024-04-17 20:11
812,81202,25,2022,51,3,1,561,2020m2,1,441,1,2,1,2,150,1,3,5,,2024-04-17 20:11
812,81203,25,2022,26,3,1,141,2021m4,2,312,1,1,1,2,200,2,3,5,,2024-04-17 20:11
812,81204,25,2022,24,4,1,141,2022m4,1,312,1,1,1,2,250,1,2,5,,2024-04-17 20:11
813,81301,25,2022,72,6,,,,,,,2,1,1,,,,4,,2024-04-17 20:11
813,81302,25,2022,73,6,,,,,,,2,1,2,,,,4,,2024-04-17 20:11
7435,81303,25,2022,46,6,1,264,2000m2,1,221,1,2,8,1,830,1,3,4,,2024-04-17 20:11
8570,81304,25,2022,43,6,2,855,2013m3,4,312,2,2,1,2,400,,2,4,,2024-04-17 20:11
7209,81305,25,2022,42,6,2,855,2020m6,4,254,2,2,1,2,200,,3,4,,2024-04-17 20:11
815,81501,25,2022,72,5,,,,,,,2,5,1,,,,5,,2024-04-17 20:11
815,81502,25,2022,66,3,1,872,2021m8,1,421,1,2,5,2,70,1,3,5,,2024-04-17 20:11
7805,81503,25,2022,40,5,,,,,,,2,5,2,,,,5,,2024-04-17 20:11
816,81601,25,2022,70,6,,,,,,,2,1,1,,,,4,,2024-04-17 20:11
816,81602,25,2022,63,3,2,561,2002m1,4,441,2,2,1,2,150,,3,4,,2024-04-17 20:11
818,81801,25,2022,76,2,,,,,,,3,8,2,,,,5,,2024-04-17 20:11
819,81901,25,2022,61,3,1,291,2008m8,1,874,1,2,8,1,290,1,3,4,,2024-04-17 20:11
7149,81902,25,2022,58,3,1,303,2022m4,1,899,1,3,8,2,225,1,3,4,,2024-04-17 20:11
8164,81903,25,2022,35,6,1,759,2021m7,1,531,1,1,9,2,206,2,2,5,,2024-04-17 20:11
9855,81904,25,2022,33,3,2,562,2022m1,4,441,2,2,8,1,400,,2,5,,2024-04-17 20:11
819,81905,25,2022,64,3,1,682,2021m11,1,941,1,2,8,2,175,2,3,5,,2024-04-17 20:11
820,82001,25,2022,56,6,1,203,2014m6,1,832,1,2,8,1,300,1,2,4,,2024-04-17 20:11
820,82002,25,2022,54,6,1,842,2017m1,1,612,1,2,8,2,250,1,3,4,,2024-04-17 20:11
820,82003,25,2022,29,6,,,,,,,1,8,1,,,,3,,2024-04-17 20:11
820,82004,25,2022,27,5,1,259,2020m7,1,851,1,1,8,1,300,1,2,3,,2024-04-17 20:11
821,82101,25,2022,63,3,,,,,,,2,1,1,,,,3,,2024-04-17 20:11
821,82102,25,2022,63,3,,,,,,,2,1,2,,,,4,,2024-04-17 20:11
9176,82103,25,2022,37,6,1,107,2011m7,1,510,1,2,1,1,320,1,2,4,,2024-04-17 20:11
822,82201,25,2022,64,6,,,,,,,2,8,1,,,,4,,2024-04-17 20:11
822,82202,25,2022,63,3,,,,,,,2,8,2,,,,5,,2024-04-17 20:11
9177,82203,25,2022,37,6,,,,,,,2,8,2,,,,4,,2024-04-17 20:11
9607,82204,25,2022,35,6,1,212,2015m1,1,832,1,2,8,2,430,1,2,3,,2024-04-17 20:11
823,82302,25,2022,58,3,2,561,2002m7,4,442,2,3,5,2,,,3,4,,2024-04-17 20:11
9082,82303,25,2022,34,5,1,661,2008m12,1,320,1,2,1,2,400,1,2,4,,2024-04-17 20:11
9804,82304,25,2022,31,5,,,,,,,2,5,2,,,,5,,2024-04-17 20:11
825,82502,25,2022,72,2,,,,,,,3,1,2,,,,4,,2024-04-17 20:11
5872,82503,25,2022,49,5,,,,,,,2,1,2,,,,4,,2024-04-17 20:11
6855,82504,25,2022,46,5,,,,,,,2,1,1,,,,5,,2024-04-17 20:11
827,82702,25,2022,55,6,,,,,,,2,8,2,,,,5,,2024-04-17 20:11
829,82901,25,2022,76,2,,,,,,,2,5,1,,,,5,,2024-04-17 20:11
829,82902,25,2022,81,2,,,,,,,2,5,2,,,,5,,2024-04-17 20:11
5568,82903,25,2022,52,3,1,759,2012m10,1,510,1,3,5,1,200,2,3,6,,2024-04-17 20:11
5995,82904,25,2022,50,3,,,,,,,2,5,2,,,,4,,2024-04-17 20:11
830,83001,25,2022,74,3,,,,,,,2,1,1,,,,5,,2024-04-17 20:11
830,83002,25,2022,71,2,,,,,,,2,1,2,,,,5,,2024-04-17 20:11
8306,83003,25,2022,46,3,1,467,2010m9,1,521,1,1,1,1,250,2,3,5,,2024-04-17 20:11
8307,83004,25,2022,44,3,1,259,2011m2,1,851,1,2,1,1,200,1,3,5,,2024-04-17 20:11
831,83101,25,2022,66,2,,,,,,,2,1,1,,,,4,,2024-04-17 20:11
831,83102,25,2022,66,2,1,424,2014m5,3,783,1,2,1,2,100,2,3,4,,2024-04-17 20:11
8308,83103,25,2022,42,6,1,582,2020m3,1,222,1,2,1,1,550,1,3,4,,2024-04-17 20:11
8038,83104,25,2022,39,6,1,466,2018m6,1,274,1,2,1,1,280,1,3,4,,2024-04-17 20:11
832,83202,25,2022,84,2,,,,,,,3,8,2,,,,3,,2024-04-17 20:11
833,83301,25,2022,54,2,1,141,2005m4,1,721,1,2,1,1,250,1,3,5,,2024-04-17 20:11
833,83302,25,2022,54,3,,,,,,,2,1,2,,,,5,,2024-04-17 20:11
9465,83303,25,2022,29,5,1,951,2017m4,1,771,1,1,1,1,200,1,3,5,,2024-04-17 20:11
834,83401,25,2022,80,3,2,969,1978m7,4,429,2,3,8,2,50,,3,4,,2024-04-17 20:11
837,83701,25,2022,89,2,2,11,2009m10,4,611,2,3,8,1,60,,4,5,,2024-04-17 20:11
837,83703,25,2022,65,2,2,493,2009m10,4,875,2,2,8,1,350,,3,5,,2024-04-17 20:11
837,83704,25,2022,61,2,,,,,,,2,8,2,,,,5,,2024-04-17 20:11
838,83801,25,2022,81,2,,,,,,,2,1,1,,,,4,,2024-04-17 20:11
838,83802,25,2022,75,2,,,,,,,2,1,2,,,,4,,2024-04-17 20:11
838,83806,25,2022,48,3,1,953,2009m4,1,771,1,1,1,1,200,1,3,4,,2024-04-17 20:11
839,83901,25,2022,60,3,,,,,,,2,1,1,,,,4,,2024-04-17 20:11
839,83902,25,2022,59,3,,,,,,,2,1,2,,,,4,,2024-04-17 20:11
839,83903,25,2022,27,6,,,,,,,1,1,1,,,,4,,2024-04-17 20:11
840,84001,25,2022,64,5,1,682,2022m9,1,942,1,2,1,1,238,2,3,4,,2024-04-17 20:11
840,84002,25,2022,64,3,1,651,2012m6,2,320,1,2,1,2,250,2,3,4,,2024-04-17 20:11
9708,84004,25,2022,36,6,1,620,2021m2,2,223,1,2,1,2,220,2,3,3,,2024-04-17 20:11
841,84101,25,2022,74,2,,,,,,,2,1,1,,,,4,,2024-04-17 20:11
841,84102,25,2022,72,2,,,,,,,2,1,2,,,,4,,2024-04-17 20:11
7563,84104,25,2022,42,5,,,,,,,2,8,2,,,,4,,2024-04-17 20:11
8612,84105,25,2022,39,5,,,,,,,2,1,2,,,,4,,2024-04-17 20:11
842,84201,25,2022,54,3,2,473,1997m6,4,531,2,2,1,2,450,,3,4,,2024-04-17 20:11
842,84202,25,2022,59,3,3,473,2001m5,5,531,2,2,1,1,,,3,4,,2024-04-17 20:11
842,84203,25,2022,27,5,,,,,,,1,1,2,,,,4,,2024-04-17 20:11
842,84204,25,2022,29,6,1,473,2019m6,1,531,1,1,1,1,200,1,3,4,,2024-04-17 20:11
844,84402,25,2022,79,2,2,551,2010m7,4,521,2,3,11,2,600,,3,4,,2024-04-17 20:11
6893,84403,25,2022,47,5,1,561,2017m11,2,441,1,2,1,1,270,2,4,4,,2024-04-17 20:11
6537,84404,25,2022,49,5,1,465,2020m3,1,313,1,2,11,2,227,1,3,4,,2024-04-17 20:11
9872,84407,25,2022,27,6,1,468,2021m6,2,312,1,1,8,2,260,2,3,3,,2024-04-17 20:11
845,84501,25,2022,65,2,2,561,1996m7,4,441,2,2,1,1,200,,3,4,,2024-04-17 20:11
845,84502,25,2022,61,2,3,561,1996m7,5,441,2,2,1,2,,,3,4,,2024-04-17 20:11
847,84702,25,2022,53,3,2,562,2022m3,4,441,2,2,8,2,100,,3,5,,2024-04-17 20:11
9873,84704,25,2022,26,5,,,,,,,1,1,2,,,,4,,2024-04-17 20:11
848,84801,25,2022,92,2,,,,,,,3,5,2,,,,5,,2024-04-17 20:11
7436,84802,25,2022,42,6,1,479,2022m4,1,531,1,2,5,2,140,2,3,5,,2024-04-17 20:11
849,84901,25,2022,52,3,2,292,2001m3,4,854,2,2,9,1,200,,3,4,,2024-04-17 20:11
849,84902,25,2022,49,3,,,,,,,2,9,2,,,,4,,2024-04-17 20:11
849,84905,25,2022,18,2,,,,,,,1,9,2,,,,3,,2024-04-17 20:11
850,85001,25,2022,57,2,,,,,,,3,9,1,,,,6,,2024-04-17 20:11
850,85004,25,2022,86,2,2,11,1980m4,4,611,2,3,9,1,50,,2,6,,2024-04-17 20:11
852,85201,25,2022,61,6,1,422,2016m2,3,753,1,2,8,1,100,2,3,3,,2024-04-17 20:11
852,85202,25,2022,52,5,1,141,2007m8,1,721,1,2,8,2,258,1,2,3,,2024-04-17 20:11
852,85203,25,2022,28,6,,,,,,,1,8,2,,,,4,,2024-04-17 20:11
852,85204,25,2022,20,4,,,,,,,1,8,2,,,,4,,2024-04-17 20:11
853,85301,25,2022,87,2,,,,,,,2,1,1,,,,4,,2024-04-17 20:11
5543,85302,25,2022,50,6,3,472,2017m11,5,521,2,2,8,2,,,2,3,,2024-04-17 20:11
10123,85304,25,2022,47,5,1,762,2021m6,1,510,1,1,1,1,200,1,3,5,,2024-04-17 20:11
853,85305,25,2022,82,2,,,,,,,2,1,2,,,,4,,2024-04-17 20:11
855,85501,25,2022,76,2,,,,,,,2,1,1,,,,5,,2024-04-17 20:11
855,85502,25,2022,72,2,,,,,,,2,1,2,,,,5,,2024-04-17 20:11
6119,85503,25,2022,49,6,1,841,2005m2,1,311,1,2,12,1,400,1,2,4,,2024-04-17 20:11
855,85505,25,2022,45,5,1,561,2003m4,2,441,1,1,1,1,250,-1,3,4,,2024-04-17 20:11
9178,85506,25,2022,99,1,,,,,,,3,1,2,,,,6,,2024-04-17 20:11
856,85601,25,2022,77,2,,,,,,,2,1,1,,,,4,,2024-04-17 20:11
856,85602,25,2022,78,2,,,,,,,2,1,2,,,,4,,2024-04-17 20:11
7307,85603,25,2022,51,6,1,861,1999m11,1,245,1,1,1,1,300,1,3,4,,2024-04-17 20:11
856,85604,25,2022,48,6,,,,,,,1,1,2,,,,4,,2024-04-17 20:11
857,85702,25,2022,67,3,,,,,,,3,1,2,,,,4,,2024-04-17 20:11
6040,85703,25,2022,45,6,1,701,2021m6,1,313,1,2,8,2,350,1,2,3,,2024-04-17 20:11
6449,85704,25,2022,44,5,,,,,,,2,11,2,,,,3,,2024-04-17 20:11
857,85705,25,2022,39,6,1,529,2012m11,1,312,1,2,1,1,330,1,3,4,,2024-04-17 20:11
857,85706,25,2022,36,6,,,,,,,2,1,2,,,,4,,2024-04-17 20:11
859,85902,25,2022,87,2,,,,,,,3,1,2,,,,5,,2024-04-17 20:11
859,85903,25,2022,28,5,,,,,,,1,1,2,,,,4,,2024-04-17 20:11
859,85904,25,2022,26,5,,,,,,,1,1,2,,,,4,,2024-04-17 20:11
9950,86002,25,2022,87,1,,,,,,,3,1,2,,,,5,,2024-04-17 20:11
860,86003,25,2022,54,3,1,291,2021m11,2,841,1,2,1,1,300,2,3,4,,2024-04-17 20:11
860,86006,25,2022,38,3,,,,,,,2,1,2,,,,4,,2024-04-17 20:11
862,86201,25,2022,78,3,,,,,,,3,1,2,,,,5,,2024-04-17 20:11
862,86203,25,2022,45,4,1,411,2018m3,3,910,1,1,1,1,100,2,4,5,,2024-04-17 20:11
863,86302,25,2022,55,5,,,,,,,2,1,1,,,,4,,2024-04-17 20:11
863,86303,25,2022,55,6,,,,,,,2,1,2,,,,4,,2024-04-17 20:11
863,86304,25,2022,19,2,,,,,,,1,1,1,,,,4,,2024-04-17 20:11
866,86602,25,2022,79,2,,,,,,,3,1,2,,,,4,,2024-04-17 20:11
6641,86603,25,2022,52,5,1,466,2005m2,1,922,1,2,1,1,350,1,3,4,,2024-04-17 20:11
867,86701,25,2022,64,6,1,410,2017m7,1,141,1,2,1,1,500,1,3,4,,2024-04-17 20:11
867,86702,25,2022,61,3,,,,,,,2,1,2,,,,4,,2024-04-17 20:11
867,86703,25,2022,36,6,,,,,,,1,1,1,,,,4,,2024-04-17 20:11
868,86801,25,2022,64,3,2,682,2017m7,4,274,2,2,1,1,400,,2,4,,2024-04-17 20:11
868,86802,25,2022,61,6,1,861,2022m5,2,399,1,2,1,2,300,2,3,4,,2024-04-17 20:11
10303,86804,25,2022,30,6,1,651,2016m7,1,272,1,1,8,2,583,1,2,4,,2024-04-17 20:11
868,86805,25,2022,26,6,,,,,,,1,1,1,,,,4,,2024-04-17 20:11
870,87001,25,2022,60,6,1,721,2021m1,1,312,1,2,8,1,650,1,2,3,,2024-04-17 20:11
870,87002,25,2022,62,3,1,969,2020m10,2,421,1,2,8,2,70,2,3,3,,2024-04-17 20:11
870,87004,25,2022,32,6,1,861,2017m3,1,246,1,1,8,2,250,1,3,3,,2024-04-17 20:11
870,87005,25,2022,25,6,1,861,2022m4,1,245,1,1,8,2,200,1,3,3,,2024-04-17 20:11
872,87201,25,2022,54,3,,,,,,,2,1,1,,,,3,,2024-04-17 20:11
872,87202,25,2022,54,5,,,,,,,2,1,2,,,,3,,2024-04-17 20:11
872,87203,25,2022,23,4,,,,,,,1,1,2,,,,4,,2024-04-17 20:11
872,87204,25,2022,20,3,,,,,,,1,1,1,,,,4,,2024-04-17 20:11
873,87302,25,2022,85,2,,,,,,,3,1,2,,,,3,,2024-04-17 20:11
875,87501,25,2022,56,6,1,412,2019m1,1,231,1,2,8,1,400,2,2,3,,2024-04-17 20:11
875,87502,25,2022,54,5,1,711,2017m4,1,330,1,2,8,2,300,1,3,3,,2024-04-17 20:11
10213,87503,25,2022,29,6,1,261,2021m1,1,312,1,1,8,1,400,1,3,5,,2024-04-17 20:11
10124,87504,25,2022,26,6,1,853,2021m3,2,222,1,1,1,1,120,2,3,4,,2024-04-17 20:11
8309,87602,25,2022,70,3,1,872,2018m7,3,421,1,3,8,2,130,2,3,5,,2024-04-17 20:11
878,87803,25,2022,79,2,,,,,,,3,1,2,,,,5,,2024-04-17 20:11
10304,87804,25,2022,28,6,,,,,,,2,1,2,,,,5,,2024-04-17 20:11
878,87806,25,2022,22,4,,,,,,,1,1,2,,,,5,,2024-04-17 20:11
880,88001,25,2022,62,2,2,292,2000m6,4,741,2,3,1,1,200,,3,5,,2024-04-17 20:11
880,88003,25,2022,35,5,1,711,2014m12,1,330,1,1,1,2,150,1,3,5,,2024-04-17 20:11
880,88004,25,2022,33,6,1,424,2016m5,1,782,1,1,1,1,170,1,3,5,,2024-04-17 20:11
882,88203,25,2022,72,2,2,11,2019m3,4,611,2,3,11,1,35,,3,4,,2024-04-17 20:11
9951,88403,25,2022,31,6,1,303,2018m3,1,274,1,1,8,1,500,1,2,4,,2024-04-17 20:11
885,88501,25,2022,68,2,1,292,1991m8,1,741,1,3,1,1,250,1,3,5,,2024-04-17 20:11
885,88502,25,2022,38,3,,,,,,,1,1,1,,,,5,,2024-04-17 20:11
9709,88601,25,2022,52,2,,,,,,,3,1,1,,,,6,,2024-04-17 20:11
886,88602,25,2022,52,3,1,141,2006m1,1,721,1,3,1,2,100,2,3,5,,2024-04-17 20:11
9953,88603,25,2022,27,5,1,561,2020m10,2,442,1,1,1,2,90,2,3,6,,2024-04-17 20:11
886,88604,25,2022,23,6,,,,,,,1,1,2,,,,5,,2024-04-17 20:11
6532,88702,25,2022,71,2,,,,,,,3,1,2,,,,5,,2024-04-17 20:11
888,88801,25,2022,69,3,,,,,,,2,1,1,,,,4,,2024-04-17 20:11
888,88802,25,2022,67,2,,,,,,,2,1,2,,,,4,,2024-04-17 20:11
888,88803,25,2022,40,5,,,,,,,1,1,1,,,,4,,2024-04-17 20:11
8991,88804,25,2022,38,4,3,471,2020m6,5,521,2,2,8,1,,,3,4,,2024-04-17 20:11
889,88901,25,2022,63,3,1,952,2011m3,1,751,1,2,1,1,200,1,3,5,,2024-04-17 20:11
889,88902,25,2022,61,3,,,,,,,2,1,2,,,,5,,2024-04-17 20:11
8614,88903,25,2022,38,6,,,,,,,2,1,2,,,,4,,2024-04-17 20:11
891,89101,25,2022,79,3,,,,,,,2,8,1,,,,4,,2024-04-17 20:11
891,89102,25,2022,69,3,,,,,,,2,8,2,,,,4,,2024-04-17 20:11
5150,89201,25,2022,55,6,2,474,2019m4,4,521,2,2,8,1,500,,3,4,,2024-04-17 20:11
5150,89203,25,2022,54,3,3,474,2019m4,5,521,2,2,8,2,,,3,4,,2024-04-17 20:11
5150,89204,25,2022,27,6,,,,,,,1,8,1,,,,4,,2024-04-17 20:11
5150,89205,25,2022,25,4,,,,,,,1,8,1,,,,5,,2024-04-17 20:11
894,89401,25,2022,75,3,,,,,,,2,1,1,,,,4,,2024-04-17 20:11
894,89402,25,2022,76,3,,,,,,,2,1,2,,,,4,,2024-04-17 20:11
9954,89403,25,2022,44,5,1,861,2004m9,1,243,1,2,1,2,250,1,3,4,,2024-04-17 20:11
895,89501,25,2022,80,2,,,,,,,3,1,2,,,,4,,2024-04-17 20:11
895,89502,25,2022,60,3,1,251,2017m5,1,151,1,3,1,1,250,1,3,4,,2024-04-17 20:11
895,89503,25,2022,41,3,1,463,2017m10,1,873,1,1,1,1,200,1,4,4,,2024-04-17 20:11
8310,89504,25,2022,40,3,1,952,2011m10,1,751,1,2,8,1,300,2,3,4,,2024-04-17 20:11
896,89601,25,2022,65,2,2,492,1995m12,4,875,2,2,1,1,120,,3,4,,2024-04-17 20:11
896,89602,25,2022,62,2,,,,,,,2,1,2,,,,4,,2024-04-17 20:11
9608,89603,25,2022,38,5,1,582,2011m3,1,222,1,2,1,1,300,1,3,4,,2024-04-17 20:11
9367,89604,25,2022,36,6,,,,,,,2,1,2,,,,4,,2024-04-17 20:11
897,89703,25,2022,50,3,1,283,1995m5,1,863,1,2,11,1,534,1,2,4,,2024-04-17 20:11
5031,89704,25,2022,48,3,1,561,2020m1,1,952,1,2,8,2,150,2,2,4,,2024-04-17 20:11
899,89901,25,2022,67,3,,,,,,,3,8,2,,,,5,,2024-04-17 20:11
899,89902,25,2022,44,3,,,,,,,1,8,1,,,,4,,2024-04-17 20:11
899,89903,25,2022,41,5,1,759,2022m7,1,399,1,1,8,2,,1,3,4,,2024-04-17 20:11
899,89904,25,2022,40,5,1,639,2022m4,2,223,1,1,8,2,190,2,3,5,,2024-04-17 20:11
901,90101,25,2022,65,2,2,424,2014m6,4,783,2,2,8,1,320,,2,4,,2024-04-17 20:11
901,90102,25,2022,64,2,1,411,2021m6,2,313,1,2,8,2,79,2,2,4,,2024-04-17 20:11
9275,90104,25,2022,37,6,,,,,,,2,8,2,,,,3,,2024-04-17 20:11
902,90201,25,2022,85,1,,,,,,,3,1,2,,,,5,,2024-04-17 20:11
903,90301,25,2022,84,6,2,465,2022m5,4,521,2,2,8,1,100,,3,3,,2024-04-17 20:11
903,90302,25,2022,81,3,,,,,,,2,8,2,,,,3,,2024-04-17 20:11
7566,90303,25,2022,49,6,1,265,2004m3,1,274,1,2,8,1,290,1,3,4,,2024-04-17 20:11
905,90501,25,2022,61,2,1,841,2020m2,2,941,1,3,1,2,70,2,3,5,,2024-04-17 20:11
8311,90502,25,2022,35,3,1,912,2011m8,2,432,1,1,1,1,230,2,3,5,,2024-04-17 20:11
8616,90503,25,2022,34,3,1,761,2017m10,1,751,1,1,1,1,200,1,3,5,,2024-04-17 20:11
907,90702,25,2022,96,1,,,,,,,3,1,2,,,,4,,2024-04-17 20:11
907,90703,25,2022,74,3,,,,,,,2,1,1,,,,4,,2024-04-17 20:11
907,90704,25,2022,68,2,,,,,,,2,1,2,,,,4,,2024-04-17 20:11
911,91101,25,2022,66,3,1,424,1999m10,3,783,1,2,1,1,300,2,3,4,,2024-04-17 20:11
911,91102,25,2022,58,3,1,291,1999m7,1,864,1,2,1,2,200,1,3,4,,2024-04-17 20:11
911,91104,25,2022,32,5,,,,,,,1,1,1,,,,4,,2024-04-17 20:11
912,91201,25,2022,66,3,1,682,2015m2,2,942,1,2,1,1,200,2,3,4,,2024-04-17 20:11
912,91202,25,2022,66,2,1,872,2017m4,1,952,1,2,1,2,100,2,3,4,,2024-04-17 20:11
8829,91203,25,2022,42,6,1,284,,1,312,1,2,8,2,220,1,3,4,,2024-04-17 20:11
912,91204,25,2022,40,6,1,990,2016m7,1,281,1,1,1,2,250,1,3,4,,2024-04-17 20:11
8992,91205,25,2022,38,6,1,463,2019m6,1,312,1,2,1,1,500,1,3,4,,2024-04-17 20:11
913,91302,25,2022,53,6,1,473,2015m4,2,521,1,3,8,2,175,2,3,4,,2024-04-17 20:11
914,91402,25,2022,62,2,1,424,1999m10,3,783,1,3,1,2,180,2,3,5,,2024-04-17 20:11
8312,91404,25,2022,37,4,1,424,2010m8,3,783,1,2,1,1,240,2,3,5,,2024-04-17 20:11
915,91501,25,2022,65,3,,,,,,,2,1,1,,,,4,,2024-04-17 20:11
915,91502,25,2022,61,3,,,,,,,2,1,2,,,,4,,2024-04-17 20:11
7215,91503,25,2022,40,5,1,651,2016m4,1,320,1,1,1,2,400,2,2,3,,2024-04-17 20:11
915,91504,25,2022,36,6,1,651,2017m4,1,312,1,1,1,2,250,1,3,4,,2024-04-17 20:11
918,91801,25,2022,57,6,,,,,,,2,8,1,,,,5,,2024-04-17 20:11
918,91803,25,2022,25,6,,,,,,,1,8,1,,,,5,,2024-04-17 20:11
919,91901,25,2022,66,5,,,,,,,2,1,1,,,,2,,2024-04-17 20:11
919,91902,25,2022,64,3,,,,,,,2,1,2,,,,2,,2024-04-17 20:11
920,92001,25,2022,67,2,,,,,,,2,1,1,,,,5,,2024-04-17 20:11
920,92002,25,2022,62,2,,,,,,,2,1,2,,,,5,,2024-04-17 20:11
9876,92003,25,2022,43,3,1,320,2017m3,1,730,1,1,1,1,180,1,3,5,,2024-04-17 20:11
10125,92004,25,2022,42,5,,,,,,,1,1,1,,,,5,,2024-04-17 20:11
921,92101,25,2022,52,6,1,872,2022m3,1,254,1,2,8,2,210,1,3,5,,2024-04-17 20:11
921,92103,25,2022,44,6,1,872,2016m1,1,862,1,2,8,1,250,1,3,4,,2024-04-17 20:11
922,92201,25,2022,81,1,,,,,,,3,1,2,,,,5,,2024-04-17 20:11
923,92301,25,2022,55,3,2,492,2005m9,4,875,2,2,1,1,230,,3,4,,2024-04-17 20:11
923,92302,25,2022,53,3,1,265,2005m9,2,922,1,2,1,2,200,2,3,4,,2024-04-17 20:11
9466,92303,25,2022,30,5,1,466,2016m12,1,510,1,2,1,1,300,1,3,4,,2024-04-17 20:11
923,92304,25,2022,27,5,,,,,,,1,1,1,,,,4,,2024-04-17 20:11
926,92601,25,2022,65,6,,,,,,,2,1,1,,,,5,,2024-04-17 20:11
926,92602,25,2022,57,5,,,,,,,2,1,2,,,,4,,2024-04-17 20:11
929,92901,25,2022,61,6,,,,,,,2,8,1,,,,4,,2024-04-17 20:11
929,92902,25,2022,57,6,1,912,2017m1,1,254,1,2,8,2,210,1,2,4,,2024-04-17 20:11
930,93001,25,2022,62,6,,,,,,,2,1,1,,,,5,,2024-04-17 20:11
930,93002,25,2022,58,6,,,,,,,2,1,2,,,,4,,2024-04-17 20:11
931,93101,25,2022,76,2,,,,,,,2,1,1,,,,4,,2024-04-17 20:11
931,93102,25,2022,73,2,,,,,,,2,1,2,,,,3,,2024-04-17 20:11
7308,93103,25,2022,46,6,1,411,2019m10,1,312,1,2,1,1,400,1,3,3,,2024-04-17 20:11
932,93201,25,2022,54,3,1,421,2020m12,1,141,1,2,1,1,500,1,2,5,,2024-04-17 20:11
932,93202,25,2022,54,3,1,872,2015m11,1,441,1,2,1,2,180,1,3,4,,2024-04-17 20:11
932,93203,25,2022,27,4,,,,,,,1,1,2,,,,5,,2024-04-17 20:11
932,93204,25,2022,26,4,,,,,,,1,1,1,,,,5,,2024-04-17 20:11
932,93205,25,2022,20,4,,,,,,,1,1,2,,,,5,,2024-04-17 20:11
932,93206,25,2022,84,2,,,,,,,3,1,1,,,,5,,2024-04-17 20:11
934,93402,25,2022,79,3,,,,,,,2,1,1,,,,5,,2024-04-17 20:11
934,93403,25,2022,76,2,,,,,,,2,1,2,,,,4,,2024-04-17 20:11
934,93404,25,2022,51,5,2,493,2021m5,4,873,2,3,1,1,200,,3,5,,2024-04-17 20:11
934,93405,25,2022,48,3,2,969,2001m7,4,422,2,1,1,2,150,,3,5,,2024-04-17 20:11
934,93406,25,2022,46,3,,,,,,,1,1,2,,,,5,,2024-04-17 20:11
6716,93407,25,2022,44,6,,,,,,,2,8,2,,,,3,,2024-04-17 20:11
936,93601,25,2022,57,2,1,561,2007m3,1,441,1,2,1,1,280,1,3,5,,2024-04-17 20:11
936,93602,25,2022,49,3,,,,,,,2,1,2,,,,5,,2024-04-17 20:11
936,93603,25,2022,25,4,,,,,,,1,1,1,,,,5,,2024-04-17 20:11
936,93604,25,2022,23,3,1,712,2022m3,1,313,1,1,1,2,220,1,3,5,,2024-04-17 20:11
937,93702,25,2022,95,2,,,,,,,3,1,2,,,,4,,2024-04-17 20:11
937,93703,25,2022,31,6,,,,,,,1,1,1,,,,4,,2024-04-17 20:11
937,93704,25,2022,28,5,1,466,2018m8,1,313,1,1,1,2,220,1,3,4,,2024-04-17 20:11
937,93705,25,2022,60,3,3,465,2013m6,5,313,2,2,1,2,,,2,4,,2024-04-17 20:11
937,93706,25,2022,60,5,2,465,2003m10,4,521,2,2,1,1,300,,3,4,,2024-04-17 20:11
939,93901,25,2022,73,3,1,851,2019m10,2,952,1,3,1,2,27,2,2,4,,2024-04-17 20:11
6832,93904,25,2022,47,6,1,467,2021m3,1,312,1,2,1,1,400,1,2,4,,2024-04-17 20:11
940,94001,25,2022,60,3,1,411,2022m6,1,881,1,3,1,1,350,1,3,5,,2024-04-17 20:11
941,94101,25,2022,80,2,1,872,2019m3,2,922,1,2,1,1,27,2,2,5,,2024-04-17 20:11
941,94102,25,2022,74,2,1,851,2018m3,2,952,1,2,1,2,27,2,2,5,,2024-04-17 20:11
6562,94103,25,2022,52,6,2,551,2019m2,4,432,2,2,16,1,300,,4,3,,2024-04-17 20:11
5634,94104,25,2022,47,6,2,856,2018m10,4,254,2,2,8,2,80,,2,4,,2024-04-17 20:11
942,94201,25,2022,53,3,1,651,2011m2,1,510,1,2,10,2,250,2,3,2,,2024-04-17 20:11
6374,94202,25,2022,43,3,,,,,,,2,1,2,,,,4,,2024-04-17 20:11
5363,94203,25,2022,40,3,1,320,2021m11,3,730,1,2,1,1,100,2,2,3,,2024-04-17 20:11
942,94205,25,2022,54,3,1,411,2012m2,1,753,1,2,10,1,620,1,3,3,,2024-04-17 20:11
942,94206,25,2022,21,4,,,,,,,1,10,1,,,,2,,2024-04-17 20:11
942,94207,25,2022,19,4,1,561,2022m4,2,432,1,1,10,2,120,2,3,2,,2024-04-17 20:11
946,94602,25,2022,63,3,,,,,,,2,8,2,,,,5,,2024-04-17 20:11
946,94603,25,2022,63,6,,,,,,,2,8,1,,,,5,,2024-04-17 20:11
947,94702,25,2022,79,2,,,,,,,3,1,2,,,,5,,2024-04-17 20:11
951,95101,25,2022,74,2,1,493,2020m4,3,921,1,2,1,1,130,2,3,4,,2024-04-17 20:11
951,95102,25,2022,71,2,,,,,,,2,1,2,,,,4,,2024-04-17 20:11
6844,95103,25,2022,44,3,2,464,2007m7,4,521,2,2,1,2,150,,3,4,,2024-04-17 20:11
952,95202,25,2022,53,3,1,871,2021m8,1,952,1,3,1,2,160,2,3,5,,2024-04-17 20:11
952,95203,25,2022,25,6,1,851,2021m9,1,253,1,1,1,2,230,1,3,3,,2024-04-17 20:11
952,95204,25,2022,23,4,1,561,2019m12,3,521,1,1,1,2,52,2,3,4,,2024-04-17 20:11
953,95301,25,2022,49,6,1,411,1992m1,1,313,1,2,14,1,700,1,2,3,,2024-04-17 20:11
953,95302,25,2022,45,6,,,,,,,2,14,2,,,,3,,2024-04-17 20:11
955,95501,25,2022,86,1,,,,,,,3,1,2,,,,6,,2024-04-17 20:11
955,95502,25,2022,54,3,1,411,2020m9,2,910,1,1,1,1,80,2,5,6,,2024-04-17 20:11
956,95601,25,2022,64,3,,,,,,,2,1,1,,,,5,,2024-04-17 20:11
956,95602,25,2022,56,3,,,,,,,2,1,2,,,,5,,2024-04-17 20:11
956,95603,25,2022,35,3,2,961,2019m11,4,422,2,1,1,2,400,,3,5,,2024-04-17 20:11
956,95604,25,2022,30,2,,,,,,,1,1,2,,,,5,,2024-04-17 20:11
956,95605,25,2022,28,6,1,759,2020m9,1,312,1,1,1,1,190,1,3,5,,2024-04-17 20:11
9181,95701,25,2022,74,6,,,,,,,3,1,1,,,,5,,2024-04-17 20:11
957,95702,25,2022,69,3,,,,,,,3,1,2,,,,5,,2024-04-17 20:11
6571,95703,25,2022,45,5,1,872,2020m3,1,247,1,2,1,2,195,1,2,4,,2024-04-17 20:11
9181,95704,25,2022,43,5,1,582,2011m3,1,223,1,1,1,2,350,1,3,5,,2024-04-17 20:11
9181,95705,25,2022,30,5,1,952,2015m7,1,751,1,1,1,1,190,1,3,5,,2024-04-17 20:11
958,95801,25,2022,68,2,,,,,,,3,1,1,,,,6,,2024-04-17 20:11
6851,95802,25,2022,58,2,2,11,2017m11,4,611,2,3,11,2,300,,2,5,,2024-04-17 20:11
9455,95803,25,2022,36,6,2,855,2021m6,4,254,2,2,9,2,200,,2,4,,2024-04-17 20:11
9686,95804,25,2022,30,5,1,681,2019m11,2,312,1,1,1,2,240,2,2,3,,2024-04-17 20:11
9686,95805,25,2022,29,5,1,591,2021m6,3,942,1,1,1,1,80,2,3,4,,2024-04-17 20:11
9060,95806,25,2022,40,5,,,,,,,2,1,2,,,,3,,2024-04-17 20:11
959,95901,25,2022,57,3,2,466,2014m12,4,521,2,3,8,1,130,,4,6,,2024-04-17 20:11
960,96001,25,2022,52,3,2,474,,4,521,2,3,8,2,2400,,2,4,,2024-04-17 20:11
6157,96002,25,2022,49,5,2,474,2007m4,4,521,2,1,8,1,300,,3,5,,2024-04-17 20:11
962,96203,25,2022,69,6,,,,,,,3,1,2,,,,4,,2024-04-17 20:11
962,96204,25,2022,45,6,,,,,,,1,1,1,,,,4,,2024-04-17 20:11
962,96205,25,2022,43,6,1,852,2013m1,1,252,1,2,1,2,500,1,3,4,,2024-04-17 20:11
963,96301,25,2022,81,2,,,,,,,2,1,1,,,,4,,2024-04-17 20:11
963,96302,25,2022,77,2,,,,,,,2,1,2,,,,4,,2024-04-17 20:11
963,96303,25,2022,51,6,1,411,2010m1,1,782,1,2,1,1,440,1,3,4,,2024-04-17 20:11
963,96304,25,2022,49,6,1,721,1997m5,1,239,1,2,1,2,450,1,3,4,,2024-04-17 20:11
963,96307,25,2022,21,5,,,,,,,1,1,1,,,,4,,2024-04-17 20:11
5875,96801,25,2022,60,3,1,751,1998m3,3,922,1,3,8,1,250,2,3,5,,2024-04-17 20:11
968,96802,25,2022,59,2,2,561,2020m12,4,441,2,3,8,2,250,,3,6,,2024-04-17 20:11
8571,96803,25,2022,29,6,1,649,2022m1,1,312,1,1,1,2,460,1,2,5,,2024-04-17 20:11
968,96804,25,2022,27,5,1,857,2016m10,1,399,1,1,8,2,200,1,3,4,,2024-04-17 20:11
968,96805,25,2022,25,4,,,,,,,1,8,1,,,,4,,2024-04-17 20:11
969,96901,25,2022,57,6,1,841,1992m2,1,330,1,2,1,1,400,1,2,4,,2024-04-17 20:11
969,96902,25,2022,56,5,1,872,2016m3,1,247,1,2,1,2,230,1,3,4,,2024-04-17 20:11
969,96903,25,2022,25,4,,,,,,,1,1,1,,,,4,,2024-04-17 20:11
969,96904,25,2022,22,4,,,,,,,1,1,2,,,,4,,2024-04-17 20:11
971,97101,25,2022,63,3,2,969,1994m2,4,823,2,2,1,1,100,,3,5,,2024-04-17 20:11
971,97102,25,2022,58,3,,,,,,,2,1,2,,,,5,,2024-04-17 20:11
972,97201,25,2022,70,2,,,,,,,3,1,2,,,,4,,2024-04-17 20:11
6598,97202,25,2022,48,6,1,872,2019m5,1,247,1,2,8,2,230,1,3,4,,2024-04-17 20:11
972,97203,25,2022,46,3,1,561,2019m10,1,313,1,1,1,2,250,1,3,4,,2024-04-17 20:11
973,97301,25,2022,60,2,2,969,1996m9,4,823,2,2,1,1,200,,3,5,,2024-04-17 20:11
973,97302,25,2022,57,3,3,969,2001m5,5,823,2,2,1,2,,,3,5,,2024-04-17 20:11
9714,97303,25,2022,30,5,,,,,,,2,1,2,,,,3,,2024-04-17 20:11
10305,97304,25,2022,26,5,1,351,2021m12,1,861,1,1,11,1,445,1,2,4,,2024-04-17 20:11
975,97501,25,2022,65,1,1,561,2021m10,3,952,1,3,1,2,50,2,3,5,,2024-04-17 20:11
7145,97502,25,2022,42,6,,,,,,,2,1,2,,,,5,,2024-04-17 20:11
6561,97503,25,2022,41,2,1,172,2019m6,1,891,1,1,8,1,390,1,2,4,,2024-04-17 20:11
7437,97504,25,2022,39,3,2,222,2012m1,4,832,2,2,1,1,600,,3,4,,2024-04-17 20:11
976,97601,25,2022,54,6,1,582,2009m1,1,223,1,2,1,1,500,1,3,4,,2024-04-17 20:11
976,97602,25,2022,52,3,1,471,2021m10,1,521,1,2,1,2,240,1,3,4,,2024-04-17 20:11
976,97603,25,2022,24,4,,,,,,,1,1,2,,,,4,,2024-04-17 20:11
977,97701,25,2022,51,6,1,463,2004m8,1,312,1,2,8,1,600,1,3,5,,2024-04-17 20:11
977,97702,25,2022,52,6,,,,,,,2,8,2,,,,5,,2024-04-17 20:11
977,97703,25,2022,24,6,,,,,,,1,8,2,,,,4,,2024-04-17 20:11
977,97704,25,2022,21,4,,,,,,,1,8,2,,,,4,,2024-04-17 20:11
978,97801,25,2022,57,3,1,162,1988m6,3,730,1,3,1,1,280,2,3,6,,2024-04-17 20:11
7144,97902,25,2022,40,3,1,493,2022m3,1,922,1,2,1,1,210,1,3,5,,2024-04-17 20:11
980,98001,25,2022,60,3,2,471,2005m4,4,521,2,3,1,1,350,,3,5,,2024-04-17 20:11
9182,98003,25,2022,32,3,,,,,,,2,1,2,,,,5,,2024-04-17 20:11
980,98004,25,2022,29,3,1,856,2020m1,1,254,1,1,1,1,300,1,2,5,,2024-04-17 20:11
981,98101,25,2022,56,6,2,855,2007m6,4,254,2,2,8,1,150,,3,4,,2024-04-17 20:11
981,98102,25,2022,50,6,1,862,2021m9,1,243,1,2,8,2,185,1,3,5,,2024-04-17 20:11
981,98103,25,2022,20,4,1,561,2022m5,2,930,1,1,8,2,30,2,2,4,,2024-04-17 20:11
983,98301,25,2022,70,6,1,351,2011m3,1,762,1,2,1,1,170,2,2,2,,2024-04-17 20:11
983,98302,25,2022,65,5,,,,,,,2,1,2,,,,3,,2024-04-17 20:11
8734,98303,25,2022,40,6,1,465,2003m2,1,312,1,2,1,2,800,1,2,4,,2024-04-17 20:11
984,98401,25,2022,64,2,,,,,,,2,1,2,,,,5,,2024-04-17 20:11
984,98402,25,2022,41,4,1,682,2019m8,1,274,1,1,1,2,1000,1,3,5,,2024-04-17 20:11
984,98403,25,2022,38,3,,,,,,,1,1,1,,,,5,,2024-04-17 20:11
984,98404,25,2022,31,5,1,612,2017m9,1,772,1,1,1,2,310,2,3,5,,2024-04-17 20:11
984,98405,25,2022,69,3,,,,,,,2,1,1,,,,4,,2024-04-17 20:11
5645,98503,25,2022,50,3,1,721,2017m9,1,235,1,2,8,1,500,1,2,5,,2024-04-17 20:11
986,98601,25,2022,76,3,1,852,2007m9,3,,1,2,1,1,80,2,3,2,,2024-04-17 20:11
986,98602,25,2022,71,3,,,,,,,2,1,2,,,,3,,2024-04-17 20:11
988,98801,25,2022,67,3,1,423,,1,762,1,2,1,1,100,1,3,4,,2024-04-17 20:11
988,98802,25,2022,63,3,1,872,2012m12,3,421,1,2,1,2,170,2,3,4,,2024-04-17 20:11
9183,98803,25,2022,36,6,1,872,2019m6,1,312,1,2,1,2,100,1,3,4,,2024-04-17 20:11
990,99001,25,2022,59,4,1,274,2005m1,1,313,1,2,1,2,200,1,2,4,,2024-04-17 20:11
9371,99002,25,2022,30,5,1,464,2017m1,1,510,1,2,1,1,330,1,3,4,,2024-04-17 20:11
990,99003,25,2022,28,6,,,,,,,1,1,1,,,,4,,2024-04-17 20:11
990,99004,25,2022,65,6,1,274,1990m12,1,312,1,2,1,1,400,1,3,4,,2024-04-17 20:11
991,99101,25,2022,64,6,1,682,2019m11,1,862,1,2,8,1,276,2,3,5,,2024-04-17 20:11
8832,99103,25,2022,38,6,1,861,2022m7,2,992,1,2,8,2,110,2,2,5,,2024-04-17 20:11
992,99201,25,2022,70,2,2,493,2007m12,4,875,2,2,8,1,150,,3,5,,2024-04-17 20:11
6417,99202,25,2022,57,2,1,262,2021m1,1,863,1,3,8,2,200,1,2,3,,2024-04-17 20:11
6417,99203,25,2022,27,3,,,,,,,1,8,1,,,,3,,2024-04-17 20:11
992,99204,25,2022,67,2,,,,,,,2,8,2,,,,5,,2024-04-17 20:11
993,99302,25,2022,81,2,,,,,,,3,1,2,,,,4,,2024-04-17 20:11
5573,99303,25,2022,49,5,1,581,1999m3,1,273,1,2,1,1,500,1,3,4,,2024-04-17 20:11
5573,99304,25,2022,49,3,,,,,,,2,1,2,,,,4,,2024-04-17 20:11
995,99502,25,2022,83,1,,,,,,,3,4,2,,,,6,,2024-04-17 20:11
8186,99504,25,2022,46,3,1,141,2006m10,1,399,1,2,1,2,300,1,3,4,,2024-04-17 20:11
6999,99506,25,2022,42,3,1,529,2019m1,1,312,1,2,1,1,300,1,3,5,,2024-04-17 20:11
996,99601,25,2022,75,3,,,,,,,2,1,1,,,,4,,2024-04-17 20:11
996,99602,25,2022,68,3,,,,,,,2,1,2,,,,4,,2024-04-17 20:11
5521,99603,25,2022,47,6,2,259,2009m11,4,841,2,2,1,1,2000,,2,2,,2024-04-17 20:11
997,99701,25,2022,74,6,,,,,,,2,1,1,,,,4,,2024-04-17 20:11
997,99702,25,2022,73,3,,,,,,,2,1,2,,,,4,,2024-04-17 20:11
997,99704,25,2022,46,1,,,,,,,1,1,1,,,,5,,2024-04-17 20:11
9534,99705,25,2022,43,6,,,,,,,2,1,2,,,,4,,2024-04-17 20:11
998,99801,25,2022,61,6,1,853,2006m8,1,251,1,1,5,2,120,2,3,4,,2024-04-17 20:11
6000,99802,25,2022,54,6,2,856,2021m12,4,254,2,2,1,1,200,,2,4,,2024-04-17 20:11
998,99803,25,2022,88,3,,,,,,,3,5,1,,,,4,,2024-04-17 20:11
999,99902,25,2022,84,2,,,,,,,3,8,2,,,,5,,2024-04-17 20:11
999,99903,25,2022,58,2,1,422,1982m3,3,753,1,1,8,1,180,2,4,5,,2024-04-17 20:11
7569,99904,25,2022,51,2,1,422,2011m3,3,792,1,3,8,1,180,2,4,6,,2024-04-17 20:11
999,99905,25,2022,26,5,1,851,2018m3,1,253,1,1,8,2,220,1,4,3,,2024-04-17 20:11
1001,100101,25,2022,80,3,1,851,2013m4,1,942,1,3,10,1,163,2,2,5,,2024-04-17 20:11
6872,100102,25,2022,75,2,1,969,2008m8,2,429,1,3,10,2,150,2,2,5,,2024-04-17 20:11
6028,100202,25,2022,87,2,,,,,,,3,1,2,,,,5,,2024-04-17 20:11
1002,100203,25,2022,61,4,1,856,2017m7,1,762,1,2,1,1,300,1,2,5,,2024-04-17 20:11
1002,100204,25,2022,57,5,,,,,,,2,1,2,,,,5,,2024-04-17 20:11
1002,100205,25,2022,30,4,1,715,2021m12,2,312,1,1,1,2,200,2,3,5,,2024-04-17 20:11
1002,100206,25,2022,28,6,,,,,,,1,1,2,,,,5,,2024-04-17 20:11
1002,100207,25,2022,21,4,,,,,,,1,1,2,,,,5,,2024-04-17 20:11
1003,100302,25,2022,50,6,2,460,2019m7,4,521,2,2,1,1,200,,4,4,,2024-04-17 20:11
1005,100501,25,2022,83,3,,,,,,,2,1,1,,,,4,,2024-04-17 20:11
1005,100502,25,2022,79,2,,,,,,,2,1,2,,,,4,,2024-04-17 20:11
6008,100503,25,2022,52,6,2,141,2008m10,4,151,2,2,1,1,200,,4,4,,2024-04-17 20:11
1006,100601,25,2022,70,2,1,411,2019m10,3,782,1,2,1,1,150,2,3,4,,2024-04-17 20:11
1006,100602,25,2022,66,2,,,,,,,2,1,2,,,,4,,2024-04-17 20:11
10306,100603,25,2022,40,6,1,731,2006m3,1,213,1,1,1,2,250,1,3,4,,2024-04-17 20:11
10307,100604,25,2022,38,5,,,,,,,1,1,1,,,,6,,2024-04-17 20:11
1009,100901,25,2022,67,3,1,471,2021m9,2,953,1,3,8,2,120,2,2,5,,2024-04-17 20:11
7571,100902,25,2022,46,6,2,762,2021m9,4,522,2,1,1,1,300,,3,5,,2024-04-17 20:11
6906,100903,25,2022,44,5,,,,,,,2,8,2,,,,4,,2024-04-17 20:11
1010,101001,25,2022,77,2,,,,,,,2,8,1,,,,5,,2024-04-17 20:11
1010,101002,25,2022,71,2,,,,,,,2,8,2,,,,5,,2024-04-17 20:11
6718,101003,25,2022,50,6,1,711,2008m11,1,330,1,2,1,2,200,1,2,4,,2024-04-17 20:11
7930,101004,25,2022,46,6,2,591,2006m2,4,285,2,1,5,1,90,,2,5,,2024-04-17 20:11
1011,101101,25,2022,65,2,2,475,1990m7,4,521,2,2,1,1,100,,3,4,,2024-04-17 20:11
1011,101102,25,2022,64,2,3,472,,5,521,2,2,1,2,,,3,4,,2024-04-17 20:11
6450,101103,25,2022,41,2,,,,,,,1,1,2,,,,6,,2024-04-17 20:11
8493,101104,25,2022,40,3,1,471,2016m3,1,953,1,3,1,2,150,1,3,6,,2024-04-17 20:11
8494,101105,25,2022,37,2,1,681,2016m12,2,399,1,1,1,1,120,2,3,5,,2024-04-17 20:11
1012,101201,25,2022,56,6,2,451,2002m9,4,510,2,2,8,1,450,,2,3,,2024-04-17 20:11
1012,101202,25,2022,54,6,1,852,2006m3,1,252,1,2,8,2,500,1,2,3,,2024-04-17 20:11
1012,101203,25,2022,21,4,,,,,,,1,8,1,,,,3,,2024-04-17 20:11
1012,101204,25,2022,16,2,,,,,,,1,8,2,,,,3,,2024-04-17 20:11
1013,101302,25,2022,73,3,,,,,,,3,1,2,,,,3,,2024-04-17 20:11
1013,101303,25,2022,49,2,,,,,,,1,1,1,,,,4,,2024-04-17 20:11
6878,101304,25,2022,47,6,1,661,2003m3,1,272,1,2,1,1,1500,1,1,2,,2024-04-17 20:11
6890,101305,25,2022,45,6,1,642,2018m10,1,313,1,2,1,2,500,1,2,3,,2024-04-17 20:11
1014,101401,25,2022,62,2,1,682,2020m9,1,942,1,2,1,1,200,1,3,5,,2024-04-17 20:11
1014,101402,25,2022,56,2,,,,,,,2,1,2,,,,5,,2024-04-17 20:11
8039,101403,25,2022,40,3,2,961,2008m3,4,422,2,2,1,1,600,,3,4,,2024-04-17 20:11
8314,101404,25,2022,38,6,2,855,2020m11,4,254,2,3,1,2,100,,3,5,,2024-04-17 20:11
1017,101702,25,2022,55,6,1,651,2006m6,1,272,1,2,1,2,500,1,3,3,,2024-04-17 20:11
9955,102201,25,2022,66,3,1,411,2016m1,3,781,1,3,1,1,240,2,3,4,,2024-04-17 20:11
8040,102203,25,2022,37,5,1,421,2016m7,3,781,1,2,1,1,420,2,3,4,,2024-04-17 20:11
1022,102205,25,2022,57,2,,,,,,,3,1,2,,,,4,,2024-04-17 20:11
5876,102303,25,2022,59,3,1,478,2017m6,1,521,1,2,5,2,320,2,2,4,,2024-04-17 20:11
6007,102305,25,2022,50,5,2,464,2013m7,4,521,2,2,1,1,800,,3,3,,2024-04-17 20:11
1025,102501,25,2022,64,6,3,682,2016m8,5,274,2,2,1,1,,,3,4,,2024-04-17 20:11
1025,102502,25,2022,62,6,2,682,2015m10,4,274,2,2,1,2,300,,3,4,,2024-04-17 20:11
1025,102503,25,2022,32,6,,,,,,,1,1,2,,,,4,,2024-04-17 20:11
1025,102505,25,2022,28,6,1,661,2022m6,1,312,1,1,1,1,300,1,2,4,,2024-04-17 20:11
1026,102601,25,2022,53,3,,,,,,,2,1,1,,,,4,,2024-04-17 20:11
1026,102602,25,2022,49,3,1,474,2014m3,2,521,1,2,1,2,120,2,3,4,,2024-04-17 20:11
1026,102603,25,2022,27,5,1,582,2019m3,1,224,1,1,1,1,200,1,3,4,,2024-04-17 20:11
1027,102701,25,2022,54,3,1,422,2020m2,1,761,1,2,5,1,290,1,2,4,,2024-04-17 20:11
1027,102702,25,2022,52,3,1,411,2021m8,2,910,1,2,5,2,410,2,2,3,,2024-04-17 20:11
1027,102703,25,2022,26,5,,,,,,,1,5,2,,,,6,,2024-04-17 20:11
5153,102704,25,2022,28,3,,,,,,,1,5,1,,,,5,,2024-04-17 20:11
1027,102705,25,2022,24,4,1,912,2021m6,2,442,1,1,5,1,380,2,4,5,,2024-04-17 20:11
1028,102801,25,2022,64,4,1,233,2004m9,1,274,1,2,1,1,600,1,3,4,,2024-04-17 20:11
1028,102802,25,2022,62,2,,,,,,,2,1,2,,,,3,,2024-04-17 20:11
1028,102803,25,2022,29,5,1,271,2021m7,1,312,1,1,1,1,300,1,3,3,,2024-04-17 20:11
1029,102901,25,2022,59,3,,,,,,,2,1,1,,,,4,,2024-04-17 20:11
1029,102902,25,2022,57,3,1,712,2000m7,1,271,1,2,1,2,350,1,3,3,,2024-04-17 20:11
1029,102904,25,2022,29,5,1,303,2021m12,1,312,1,1,1,2,250,1,3,3,,2024-04-17 20:11
1030,103001,25,2022,74,6,1,581,1978m2,2,942,1,2,1,1,190,2,3,4,,2024-04-17 20:11
1030,103002,25,2022,68,3,,,,,,,2,1,2,,,,4,,2024-04-17 20:11
8833,103003,25,2022,48,6,,,,,,,1,1,1,,,,5,,2024-04-17 20:11
5045,103101,25,2022,52,5,1,861,2015m11,1,246,1,2,8,2,220,1,3,5,,2024-04-17 20:11
1033,103301,25,2022,76,3,,,,,,,2,1,1,,,,5,,2024-04-17 20:11
1033,103302,25,2022,68,2,1,561,1995m10,1,441,1,2,1,2,100,-1,3,5,,2024-04-17 20:11
8041,103303,25,2022,50,6,2,339,2006m3,4,892,2,2,8,1,800,,2,4,,2024-04-17 20:11
6021,103304,25,2022,48,3,,,,,,,2,8,2,,,,5,,2024-04-17 20:11
7115,103305,25,2022,45,6,2,581,2018m5,4,281,2,3,8,1,300,,2,6,,2024-04-17 20:11
1035,103501,25,2022,75,6,1,682,2020m1,2,942,1,2,1,1,200,2,2,4,,2024-04-17 20:11
1035,103502,25,2022,73,3,,,,,,,2,1,2,,,,4,,2024-04-17 20:11
8187,103505,25,2022,44,6,,,,,,,2,1,2,,,,5,,2024-04-17 20:11
6719,103603,25,2022,40,6,1,651,2021m8,1,510,1,1,5,2,198,2,2,4,,2024-04-17 20:11
1038,103801,25,2022,73,2,,,,,,,2,1,1,,,,5,,2024-04-17 20:11
1038,103802,25,2022,70,2,,,,,,,2,1,2,,,,5,,2024-04-17 20:11
5261,103803,25,2022,46,3,,,,,,,2,1,2,,,,5,,2024-04-17 20:11
7438,103804,25,2022,43,3,,,,,,,2,1,2,,,,5,,2024-04-17 20:11
1038,103805,25,2022,41,2,,,,,,,1,1,2,,,,4,,2024-04-17 20:11
1039,103902,25,2022,84,4,,,,,,,3,1,2,,,,5,,2024-04-17 20:11
1040,104001,25,2022,75,2,,,,,,,2,8,1,,,,5,,2024-04-17 20:11
1040,104002,25,2022,80,2,,,,,,,2,8,2,,,,5,,2024-04-17 20:11
1041,104102,25,2022,65,3,,,,,,,3,8,2,,,,5,,2024-04-17 20:11
1044,104401,25,2022,51,5,1,411,2015m6,1,141,1,2,1,1,600,1,3,4,,2024-04-17 20:11
1044,104403,25,2022,49,5,,,,,,,2,1,2,,,,4,,2024-04-17 20:11
1044,104404,25,2022,22,4,,,,,,,1,1,2,,,,4,,2024-04-17 20:11
1049,104901,25,2022,84,2,,,,,,,2,8,1,,,,6,,2024-04-17 20:11
1049,104902,25,2022,80,2,,,,,,,2,8,2,,,,5,,2024-04-17 20:11
1050,105001,25,2022,57,6,2,715,2021m11,4,313,2,2,1,1,150,,3,6,,2024-04-17 20:11
1050,105002,25,2022,55,6,2,855,2015m1,4,254,2,2,1,2,160,,3,6,,2024-04-17 20:11
1050,105003,25,2022,29,6,,,,,,,1,1,2,,,,5,,2024-04-17 20:11
1053,105302,25,2022,65,2,,,,,,,3,1,2,,,,6,,2024-04-17 20:11
8190,105303,25,2022,43,3,1,471,2022m2,1,710,1,2,8,1,350,1,3,5,,2024-04-17 20:11
9941,105304,25,2022,45,3,1,561,2017m3,2,442,1,1,5,2,150,2,3,5,,2024-04-17 20:11
8189,105305,25,2022,49,3,,,,,,,1,1,2,,,,6,,2024-04-17 20:11
1056,105602,25,2022,51,3,2,562,2018m7,4,441,2,3,12,2,350,,3,4,,2024-04-17 20:11
1056,105603,25,2022,23,5,1,862,2022m3,1,245,1,1,12,1,210,1,3,5,,2024-04-17 20:11
1056,105604,25,2022,20,4,,,,,,,1,12,1,,,,5,,2024-04-17 20:11
1060,106001,25,2022,80,2,,,,,,,2,1,1,,,,4,,2024-04-17 20:11
1060,106002,25,2022,75,1,,,,,,,2,1,2,,,,4,,2024-04-17 20:11
10126,106003,25,2022,51,3,1,742,2015m10,1,941,1,2,1,1,300,1,3,4,,2024-04-17 20:11
7572,106004,25,2022,49,5,,,,,,,2,1,2,,,,4,,2024-04-17 20:11
1061,106101,25,2022,66,3,1,141,1991m6,1,312,1,2,1,1,300,1,2,5,,2024-04-17 20:11
1061,106102,25,2022,62,2,,,,,,,2,1,2,,,,5,,2024-04-17 20:11
1061,106104,25,2022,40,3,1,141,2021m12,2,721,1,3,1,1,200,2,3,5,,2024-04-17 20:11
7932,106105,25,2022,52,6,,,,,,,1,1,1,,,,4,,2024-04-17 20:11
1061,106106,25,2022,16,2,,,,,,,1,1,2,,,,5,,2024-04-17 20:11
1062,106202,25,2022,50,3,,,,,,,3,1,2,,,,6,,2024-04-17 20:11
1062,106203,25,2022,31,5,,,,,,,1,1,2,,,,6,,2024-04-17 20:11
1063,106301,25,2022,65,3,,,,,,,2,1,1,,,,4,,2024-04-17 20:11
1063,106302,25,2022,61,2,,,,,,,2,1,2,,,,4,,2024-04-17 20:11
9956,106303,25,2022,34,5,1,721,2012m1,1,235,1,2,1,1,250,1,3,4,,2024-04-17 20:11
1066,106601,25,2022,66,2,,,,,,,3,1,2,,,,5,,2024-04-17 20:11
8736,106602,25,2022,39,3,1,465,2011m8,1,521,1,2,1,1,200,1,3,5,,2024-04-17 20:11
1066,106603,25,2022,38,6,,,,,,,1,1,1,,,,5,,2024-04-17 20:11
1067,106702,25,2022,72,3,,,,,,,2,8,2,,,,4,,2024-04-17 20:11
7573,106703,25,2022,47,6,,,,,,,2,8,2,,,,4,,2024-04-17 20:11
8913,106704,25,2022,44,6,,,,,,,1,1,1,,,,4,,2024-04-17 20:11
7574,106705,25,2022,43,6,1,466,2020m5,1,521,1,2,8,1,300,1,3,5,,2024-04-17 20:11
1068,106801,25,2022,82,2,,,,,,,2,1,1,,,,5,,2024-04-17 20:11
1068,106802,25,2022,68,2,,,,,,,2,1,2,,,,5,,2024-04-17 20:11
6319,106803,25,2022,45,6,1,411,2019m5,1,875,1,2,8,1,640,1,2,4,,2024-04-17 20:11
1069,106902,25,2022,71,2,,,,,,,3,1,2,,,,5,,2024-04-17 20:11
7575,106903,25,2022,47,6,1,701,2004m3,1,312,1,2,1,1,350,1,3,4,,2024-04-17 20:11
7576,106904,25,2022,45,5,,,,,,,2,1,2,,,,4,,2024-04-17 20:11
1071,107101,25,2022,73,3,1,492,2020m4,2,873,1,2,8,1,195,2,3,5,,2024-04-17 20:11
1071,107102,25,2022,63,3,1,742,2021m9,1,941,1,2,8,2,128,2,3,5,,2024-04-17 20:11
1074,107402,25,2022,67,2,,,,,,,3,1,2,,,,4,,2024-04-17 20:11
6282,107404,25,2022,45,5,1,423,2021m7,1,762,1,2,8,1,680,1,2,4,,2024-04-17 20:11
6019,107405,25,2022,42,5,1,423,2009m9,1,772,1,2,8,1,540,1,3,4,,2024-04-17 20:11
5552,107501,25,2022,49,5,2,721,2020m1,4,234,2,2,10,1,450,,3,4,,2024-04-17 20:11
1075,107502,25,2022,87,2,,,,,,,3,10,2,,,,5,,2024-04-17 20:11
1076,107601,25,2022,51,5,,,,,,,2,8,2,,,,3,,2024-04-17 20:11
1076,107604,25,2022,52,6,2,969,2014m6,4,423,2,2,8,1,1000,,2,3,,2024-04-17 20:11
1076,107605,25,2022,22,4,,,,,,,1,8,2,,,,3,,2024-04-17 20:11
1076,107606,25,2022,21,4,,,,,,,1,8,2,,,,3,,2024-04-17 20:11
1077,107702,25,2022,79,2,1,872,2021m1,2,421,1,3,1,2,27,2,3,4,,2024-04-17 20:11
7130,107704,25,2022,48,6,,,,,,,1,1,1,,,,5,,2024-04-17 20:11
8043,107705,25,2022,46,5,1,582,2011m11,1,223,1,3,1,1,250,1,3,4,,2024-04-17 20:11
7129,107706,25,2022,54,6,1,961,2012m8,2,422,1,1,1,2,150,2,3,5,,2024-04-17 20:11
1079,107902,25,2022,52,3,2,11,2022m3,4,611,2,3,9,2,,,3,5,,2024-04-17 20:11
1080,108001,25,2022,88,3,,,,,,,2,1,1,,,,6,,2024-04-17 20:11
1080,108002,25,2022,85,2,,,,,,,2,1,2,,,,6,,2024-04-17 20:11
8737,108003,25,2022,51,3,1,741,2019m7,1,274,1,2,8,1,400,1,3,5,,2024-04-17 20:11
6825,108004,25,2022,48,3,1,561,2010m5,3,442,1,1,1,2,136,2,3,6,,2024-04-17 20:11
1082,108201,25,2022,62,6,1,852,1986m3,1,252,1,2,8,1,460,1,2,3,,2024-04-17 20:11
1082,108202,25,2022,59,6,,,,,,,2,8,2,,,,3,,2024-04-17 20:11
1082,108203,25,2022,31,6,1,582,2019m10,1,222,1,1,8,1,370,1,2,3,,2024-04-17 20:11
8738,108205,25,2022,87,2,,,,,,,3,13,2,,,,5,,2024-04-17 20:11
1083,108301,25,2022,53,3,1,424,1989m8,3,783,1,2,1,1,200,2,3,5,,2024-04-17 20:11
1083,108302,25,2022,52,3,1,872,2022m3,2,421,1,2,1,2,102,2,3,5,,2024-04-17 20:11
10127,108303,25,2022,27,5,1,474,2018m4,1,521,1,1,1,2,180,1,3,5,,2024-04-17 20:11
1083,108304,25,2022,25,5,,,,,,,1,1,1,,,,5,,2024-04-17 20:11
1084,108401,25,2022,71,2,,,,,,,2,1,1,,,,4,,2024-04-17 20:11
1084,108402,25,2022,67,2,1,872,2020m7,2,421,1,2,1,2,65,2,2,4,,2024-04-17 20:11
8316,108404,25,2022,41,6,1,473,2008m4,1,399,1,2,1,2,250,1,3,4,,2024-04-17 20:11
1087,108701,25,2022,89,6,,,,,,,3,1,1,,,,4,,2024-04-17 20:11
1088,108801,25,2022,55,3,1,411,2004m10,3,782,1,2,1,1,220,2,3,4,,2024-04-17 20:11
1088,108802,25,2022,57,3,,,,,,,2,1,2,,,,4,,2024-04-17 20:11
1088,108803,25,2022,26,6,,,,,,,1,1,1,,,,4,,2024-04-17 20:11
1088,108804,25,2022,23,3,,,,,,,1,1,1,,,,4,,2024-04-17 20:11
1090,109001,25,2022,48,6,1,582,2007m9,1,223,1,3,1,2,340,1,3,4,,2024-04-17 20:11
1090,109003,25,2022,20,4,,,,,,,1,1,2,,,,4,,2024-04-17 20:11
1090,109004,25,2022,16,2,,,,,,,1,1,2,,,,4,,2024-04-17 20:11
1092,109201,25,2022,51,3,1,424,2000m7,3,783,1,2,8,1,340,2,3,5,,2024-04-17 20:11
1092,109202,25,2022,58,3,,,,,,,2,8,2,,,,5,,2024-04-17 20:11
1092,109203,25,2022,26,3,1,561,2021m4,1,952,1,1,8,1,250,1,3,5,,2024-04-17 20:11
1093,109301,25,2022,70,6,1,949,2005m3,1,248,1,2,1,1,100,1,2,4,,2024-04-17 20:11
1093,109302,25,2022,66,6,1,561,2018m3,2,952,1,2,1,2,50,2,3,4,,2024-04-17 20:11
8507,109303,25,2022,42,6,1,853,2014m3,1,251,1,2,8,2,280,1,2,3,,2024-04-17 20:11
8739,109304,25,2022,38,6,2,862,2017m8,4,241,2,2,1,1,650,,2,4,,2024-04-17 20:11
1094,109401,25,2022,54,3,1,301,1990m8,1,854,1,2,8,1,400,1,2,3,,2024-04-17 20:11
1094,109402,25,2022,54,3,2,682,2014m7,4,274,2,2,8,2,400,,2,3,,2024-04-17 20:11
1094,109403,25,2022,24,5,,,,,,,1,8,1,,,,3,,2024-04-17 20:11
1094,109404,25,2022,23,5,1,969,2022m1,1,429,1,1,8,2,250,1,2,3,,2024-04-17 20:11
1095,109501,25,2022,77,2,2,259,1999m9,4,743,2,2,8,1,200,,3,6,,2024-04-17 20:11
1095,109502,25,2022,73,2,3,259,2016m7,5,930,2,2,8,2,,,4,5,,2024-04-17 20:11
5490,109503,25,2022,47,4,2,961,,4,422,2,2,1,2,260,,3,5,,2024-04-17 20:11
6454,109504,25,2022,45,3,2,961,2018m5,4,422,2,3,1,2,135,,3,5,,2024-04-17 20:11
1096,109602,25,2022,54,6,1,872,2021m8,1,247,1,2,1,2,230,1,2,3,,2024-04-17 20:11
1096,109604,25,2022,25,4,,,,,,,1,1,1,,,,5,,2024-04-17 20:11
1097,109701,25,2022,76,6,,,,,,,2,8,1,,,,4,,2024-04-17 20:11
1097,109702,25,2022,72,3,,,,,,,2,8,2,,,,4,,2024-04-17 20:11
8044,109703,25,2022,46,5,2,479,2015m3,4,531,2,2,8,1,200,,3,4,,2024-04-17 20:11
7309,109704,25,2022,44,6,1,222,2008m2,1,510,1,2,1,1,480,1,2,4,,2024-04-17 20:11
8044,109707,25,2022,43,5,1,292,2001m3,1,313,1,2,8,2,300,1,2,4,,2024-04-17 20:11
1098,109802,25,2022,72,3,,,,,,,3,6,2,,,,5,,2024-04-17 20:11
6970,109803,25,2022,46,5,,,,,,,2,1,2,,,,4,,2024-04-17 20:11
1100,110002,25,2022,54,6,,,,,,,2,8,2,,,,4,,2024-04-17 20:11
1102,110201,25,2022,60,3,,,,,,,2,1,1,,,,4,,2024-04-17 20:11
1102,110202,25,2022,59,3,,,,,,,2,1,2,,,,4,,2024-04-17 20:11
1102,110203,25,2022,32,6,,,,,,,1,1,2,,,,4,,2024-04-17 20:11
1102,110204,25,2022,30,6,1,732,2018m4,1,285,1,1,1,2,200,1,3,4,,2024-04-17 20:11
1102,110205,25,2022,26,4,,,,,,,1,1,1,,,,4,,2024-04-17 20:11
1103,110302,25,2022,60,3,,,,,,,2,1,2,,,,4,,2024-04-17 20:11
10308,110303,25,2022,34,6,,,,,,,1,1,1,,,,5,,2024-04-17 20:11
1105,110501,25,2022,70,3,2,951,2011m6,4,753,2,2,1,1,550,,3,4,,2024-04-17 20:11
1105,110502,25,2022,63,3,,,,,,,2,1,2,,,,4,,2024-04-17 20:11
9468,110503,25,2022,36,6,1,701,2013m4,1,234,1,2,1,1,250,1,3,4,,2024-04-17 20:11
1105,110504,25,2022,32,6,1,262,2019m7,1,234,1,1,1,1,300,1,3,4,,2024-04-17 20:11
1106,110601,25,2022,61,6,3,471,2011m8,5,521,2,2,1,1,,,3,4,,2024-04-17 20:11
1106,110602,25,2022,61,3,2,471,2011m8,4,521,2,2,1,2,200,,3,4,,2024-04-17 20:11
8914,110603,25,2022,37,6,,,,,,,2,8,2,,,,5,,2024-04-17 20:11
9372,110604,25,2022,35,6,1,681,2016m10,1,312,1,2,1,2,290,1,3,4,,2024-04-17 20:11
1106,110605,25,2022,33,6,1,471,2019m1,1,521,1,1,1,1,150,1,3,4,,2024-04-17 20:11
1107,110701,25,2022,92,3,2,682,1984m2,4,274,2,3,1,1,100,,3,3,,2024-04-17 20:11
1107,110703,25,2022,56,5,2,479,2020m6,4,531,2,3,1,1,,,4,3,,2024-04-17 20:11
7310,110705,25,2022,55,6,1,491,1996m8,1,262,1,1,1,1,600,1,2,3,,2024-04-17 20:11
1107,110706,25,2022,27,4,,,,,,,1,1,1,,,,4,,2024-04-17 20:11
1108,110802,25,2022,62,2,,,,,,,3,1,2,,,,4,,2024-04-17 20:11
9518,110803,25,2022,48,3,1,410,2003m3,3,910,1,1,1,1,160,2,3,5,,2024-04-17 20:11
6456,110804,25,2022,46,3,1,711,2002m7,1,285,1,1,1,1,250,1,3,4,,2024-04-17 20:11
1109,110901,25,2022,59,3,,,,,,,2,1,1,,,,6,,2024-04-17 20:11
1109,110902,25,2022,51,3,1,612,2005m3,1,,1,2,1,2,150,1,4,6,,2024-04-17 20:11
10128,110903,25,2022,29,3,1,471,2017m1,2,521,1,1,1,2,87,2,4,5,,2024-04-17 20:11
1109,110904,25,2022,24,3,,,,,,,1,1,1,,,,6,,2024-04-17 20:11
1112,111201,25,2022,76,6,,,,,,,2,8,1,,,,4,,2024-04-17 20:11
1112,111202,25,2022,73,6,,,,,,,2,8,2,,,,3,,2024-04-17 20:11
9189,111203,25,2022,48,6,2,739,2019m1,4,288,2,1,8,1,1000,,2,3,,2024-04-17 20:11
1116,111602,25,2022,69,6,2,479,2019m1,4,532,2,2,8,2,400,,2,4,,2024-04-17 20:11
1120,112002,25,2022,68,6,,,,,,,3,8,2,,,,3,,2024-04-17 20:11
1121,112101,25,2022,67,3,3,561,2013m7,5,710,2,2,1,1,,,4,5,,2024-04-17 20:11
1121,112102,25,2022,66,3,2,561,2008m7,4,441,2,2,1,2,100,,3,4,,2024-04-17 20:11
8741,112103,25,2022,37,5,2,561,2021m3,4,441,2,3,1,1,100,,4,5,,2024-04-17 20:11
8191,112104,25,2022,36,6,1,739,2020m1,2,281,1,1,1,2,250,2,3,5,,2024-04-17 20:11
1121,112105,25,2022,89,2,,,,,,,3,1,2,,,,5,,2024-04-17 20:11
1123,112302,25,2022,84,2,,,,,,,3,1,2,,,,6,,2024-04-17 20:11
1123,112309,25,2022,58,6,1,753,2020m8,2,942,1,2,1,1,220,2,3,4,,2024-04-17 20:11
1123,112310,25,2022,55,6,,,,,,,2,1,2,,,,4,,2024-04-17 20:11
1124,112401,25,2022,71,6,,,,,,,2,1,2,,,,4,,2024-04-17 20:11
1124,112402,25,2022,71,6,2,478,2003m7,4,242,2,2,1,1,600,,3,4,,2024-04-17 20:11
1124,112403,25,2022,44,6,1,855,2019m2,1,254,1,1,1,2,250,1,3,4,,2024-04-17 20:11
1126,112601,25,2022,58,6,1,474,2018m5,2,521,1,1,8,2,100,2,3,5,,2024-04-17 20:11
1126,112602,25,2022,53,6,1,871,2021m10,1,421,1,1,8,2,150,1,3,5,,2024-04-17 20:11
1127,112701,25,2022,68,2,,,,,,,3,1,1,,,,4,,2024-04-17 20:11
8045,112703,25,2022,39,3,,,,,,,2,8,2,,,,3,,2024-04-17 20:11
1127,112704,25,2022,34,5,,,,,,,1,1,2,,,,4,,2024-04-17 20:11
1127,112706,25,2022,90,1,,,,,,,3,1,2,,,,4,,2024-04-17 20:11
1129,112901,25,2022,63,6,2,855,2002m12,4,254,2,2,1,1,200,,3,4,,2024-04-17 20:11
1129,112902,25,2022,60,5,,,,,,,2,1,2,,,,4,,2024-04-17 20:11
1131,113101,25,2022,72,6,,,,,,,2,1,1,,,,4,,2024-04-17 20:11
1131,113102,25,2022,67,3,,,,,,,2,1,2,,,,4,,2024-04-17 20:11
1131,113103,25,2022,41,6,1,729,2019m4,1,762,1,1,1,1,220,1,3,4,,2024-04-17 20:11
1132,113201,25,2022,81,6,,,,,,,3,8,1,,,,6,,2024-04-17 20:11
6166,113401,25,2022,75,6,,,,,,,2,8,1,,,,3,,2024-04-17 20:11
1137,113702,25,2022,70,3,,,,,,,3,5,2,,,,3,,2024-04-17 20:11
6914,113703,25,2022,46,4,2,901,2003m1,4,284,2,3,1,1,100,,3,4,,2024-04-17 20:11
7440,113704,25,2022,44,6,2,912,2008m1,4,432,2,3,5,1,100,,3,4,,2024-04-17 20:11
1138,113802,25,2022,80,2,,,,,,,3,1,2,,,,4,,2024-04-17 20:11
1140,114001,25,2022,53,6,2,465,2011m9,4,521,2,2,8,1,1200,,2,4,,2024-04-17 20:11
1140,114002,25,2022,53,6,1,465,2013m1,1,314,1,2,8,2,300,1,3,3,,2024-04-17 20:11
1140,114003,25,2022,25,4,,,,,,,1,8,1,,,,4,,2024-04-17 20:11
8192,114101,25,2022,64,3,1,912,2022m5,2,432,1,2,8,1,120,2,3,5,,2024-04-17 20:11
8192,114102,25,2022,62,3,1,471,2008m3,1,521,1,2,8,2,200,2,3,5,,2024-04-17 20:11
1141,114103,25,2022,38,6,1,702,2017m7,1,212,1,2,4,1,360,1,2,4,,2024-04-17 20:11
9277,114104,25,2022,36,6,1,411,2014m8,1,235,1,2,8,1,550,1,2,4,,2024-04-17 20:11
1141,114105,25,2022,39,6,2,856,2020m6,4,254,2,2,4,2,200,,2,4,,2024-04-17 20:11
1142,114201,25,2022,78,6,1,753,2005m5,1,942,1,2,1,1,252,2,2,5,,2024-04-17 20:11
1142,114202,25,2022,72,3,,,,,,,2,1,2,,,,4,,2024-04-17 20:11
1142,114205,25,2022,44,4,1,561,2021m2,1,521,1,1,1,1,300,1,3,5,,2024-04-17 20:11
1143,114301,25,2022,71,6,,,,,,,2,8,1,,,,5,,2024-04-17 20:11
1143,114302,25,2022,65,2,1,141,2020m8,2,721,1,2,8,2,178,2,3,5,,2024-04-17 20:11
1143,114303,25,2022,41,6,1,582,2022m3,1,224,1,1,8,1,430,1,2,4,,2024-04-17 20:11
1144,114402,25,2022,58,3,,,,,,,3,8,2,,,,3,,2024-04-17 20:11
1145,114501,25,2022,76,2,,,,,,,2,1,1,,,,5,,2024-04-17 20:11
1145,114502,25,2022,70,2,,,,,,,2,1,2,,,,5,,2024-04-17 20:11
8046,114503,25,2022,44,4,1,285,2001m6,1,312,1,2,1,1,200,1,3,5,,2024-04-17 20:11
7002,114504,25,2022,42,5,1,872,2002m6,1,247,1,2,1,2,160,1,3,4,,2024-04-17 20:11
1151,115101,25,2022,68,3,,,,,,,3,8,2,,,,6,,2024-04-17 20:11
9717,115104,25,2022,41,6,1,641,2016m3,1,399,1,3,8,2,300,1,2,5,,2024-04-17 20:11
1152,115202,25,2022,76,2,,,,,,,3,1,2,,,,6,,2024-04-17 20:11
8318,115204,25,2022,49,3,1,494,2011m5,2,922,1,1,1,1,250,2,3,5,,2024-04-17 20:11
1155,115501,25,2022,75,5,,,,,,,2,1,1,,,,5,,2024-04-17 20:11
1155,115502,25,2022,70,2,1,561,2017m11,2,952,1,2,1,2,60,2,3,5,,2024-04-17 20:11
6583,115505,25,2022,44,5,,,,,,,2,1,2,,,,4,,2024-04-17 20:11
1157,115701,25,2022,56,6,2,461,1998m1,4,274,2,2,8,1,,,4,4,,2024-04-17 20:11
1157,115702,25,2022,54,6,,,,,,,2,8,2,,,,4,,2024-04-17 20:11
1157,115703,25,2022,27,6,1,582,2020m9,2,222,1,1,8,2,200,1,3,4,,2024-04-17 20:11
1157,115704,25,2022,24,4,,,,,,,1,8,1,,,,4,,2024-04-17 20:11
1158,115801,25,2022,52,6,2,620,2015m6,4,223,2,1,1,2,800,,2,4,,2024-04-17 20:11
1161,116102,25,2022,72,2,1,132,2022m1,1,141,1,3,8,2,300,1,5,5,,2024-04-17 20:11
6029,116103,25,2022,50,6,1,132,1999m3,1,312,1,2,1,1,325,1,3,4,,2024-04-17 20:11
7808,116104,25,2022,46,3,,,,,,,2,5,2,,,,4,,2024-04-17 20:11
1163,116302,25,2022,83,3,,,,,,,3,1,2,,,,5,,2024-04-17 20:11
1164,116401,25,2022,75,3,,,,,,,3,1,1,,,,5,,2024-04-17 20:11
8319,116402,25,2022,74,3,,,,,,,3,1,2,,,,5,,2024-04-17 20:11
9084,116403,25,2022,46,3,1,952,2016m10,1,751,1,1,1,1,250,1,3,5,,2024-04-17 20:11
1169,116901,25,2022,65,6,,,,,,,1,1,2,,,,5,,2024-04-17 20:11
1171,117102,25,2022,91,1,,,,,,,3,8,2,,,,5,,2024-04-17 20:11
1172,117201,25,2022,51,6,1,463,2018m1,1,521,1,1,8,2,500,1,2,3,,2024-04-17 20:11
1172,117202,25,2022,88,2,,,,,,,3,8,2,,,,3,,2024-04-17 20:11
1173,117302,25,2022,71,6,,,,,,,3,8,2,,,,6,,2024-04-17 20:11
1175,117501,25,2022,85,6,,,,,,,2,1,1,,,,4,,2024-04-17 20:11
1175,117502,25,2022,78,3,,,,,,,2,1,2,,,,4,,2024-04-17 20:11
5266,117504,25,2022,52,6,1,841,2016m1,1,314,1,2,1,1,260,1,2,4,,2024-04-17 20:11
1176,117602,25,2022,64,3,,,,,,,2,8,2,,,,4,,2024-04-17 20:11
1181,118101,25,2022,82,6,,,,,,,2,8,1,,,,3,,2024-04-17 20:11
1181,118102,25,2022,73,3,,,,,,,2,8,2,,,,3,,2024-04-17 20:11
6027,118104,25,2022,48,6,2,682,2014m7,4,274,2,2,8,1,300,,2,3,,2024-04-17 20:11
1183,118301,25,2022,55,3,2,493,2009m6,4,875,2,2,8,1,600,,3,5,,2024-04-17 20:11
1183,118302,25,2022,53,3,,,,,,,2,8,2,,,,5,,2024-04-17 20:11
1183,118303,25,2022,29,6,1,529,2018m5,1,312,1,1,8,2,230,1,3,5,,2024-04-17 20:11
1183,118304,25,2022,27,6,1,861,2018m6,1,243,1,1,8,2,350,1,2,5,,2024-04-17 20:11
10129,118502,25,2022,70,3,1,969,2007m4,2,429,1,3,1,2,60,2,2,4,,2024-04-17 20:11
1185,118503,25,2022,48,4,1,423,2012m6,1,772,1,2,1,1,500,2,3,4,,2024-04-17 20:11
1185,118506,25,2022,42,3,1,712,2022m8,1,313,1,2,1,2,200,1,2,4,,2024-04-17 20:11
1186,118601,25,2022,76,3,,,,,,,2,1,1,,,,4,,2024-04-17 20:11
1186,118602,25,2022,71,3,,,,,,,2,1,2,,,,4,,2024-04-17 20:11
6326,118605,25,2022,46,6,,,,,,,2,9,2,,,,3,,2024-04-17 20:11
1187,118701,25,2022,60,3,,,,,,,2,8,1,,,,5,,2024-04-17 20:11
1187,118702,25,2022,56,3,,,,,,,2,8,2,,,,5,,2024-04-17 20:11
1187,118703,25,2022,27,5,1,561,2015m6,1,442,1,1,8,2,200,2,3,5,,2024-04-17 20:11
1187,118704,25,2022,25,6,,,,,,,1,8,2,,,,5,,2024-04-17 20:11
1187,118705,25,2022,24,6,,,,,,,1,8,2,,,,5,,2024-04-17 20:11
1188,118801,25,2022,70,2,,,,,,,3,8,1,,,,4,,2024-04-17 20:11
1188,118802,25,2022,94,2,,,,,,,3,8,2,,,,4,,2024-04-17 20:11
7809,118804,25,2022,42,3,1,262,2006m1,1,864,1,2,8,1,290,1,3,5,,2024-04-17 20:11
1189,118902,25,2022,68,6,,,,,,,2,8,2,,,,2,,2024-04-17 20:11
1191,119101,25,2022,80,6,,,,,,,2,1,1,,,,3,,2024-04-17 20:11
1191,119102,25,2022,70,3,,,,,,,2,1,2,,,,3,,2024-04-17 20:11
8742,119104,25,2022,47,6,1,241,2010m1,1,233,1,2,19,1,540,1,2,4,,2024-04-17 20:11
1192,119202,25,2022,57,6,,,,,,,3,1,2,,,,4,,2024-04-17 20:11
1192,119203,25,2022,24,4,1,561,2019m8,3,442,1,1,1,1,100,2,3,5,,2024-04-17 20:11
1193,119301,25,2022,79,6,,,,,,,2,1,1,,,,3,,2024-04-17 20:11
1193,119302,25,2022,75,6,,,,,,,2,1,2,,,,3,,2024-04-17 20:11
1195,119501,25,2022,60,3,2,493,2002m2,4,875,2,2,1,1,400,,2,4,,2024-04-17 20:11
1195,119502,25,2022,53,3,3,493,2007m10,5,921,2,2,1,2,,,3,4,,2024-04-17 20:11
9805,119503,25,2022,30,4,1,862,2016m3,1,243,1,1,1,2,300,1,5,5,,2024-04-17 20:11
1196,119601,25,2022,83,2,,,,,,,2,8,1,,,,5,,2024-04-17 20:11
1196,119602,25,2022,79,3,,,,,,,2,8,2,,,,5,,2024-04-17 20:11
5520,119603,25,2022,75,3,1,872,2013m4,2,941,1,3,1,1,27,2,2,6,,2024-04-17 20:11
1196,119604,25,2022,54,3,1,562,2013m10,2,442,1,3,8,2,225,2,3,5,,2024-04-17 20:11
1198,119801,25,2022,75,3,1,841,2020m1,3,941,1,3,1,2,70,2,2,6,,2024-04-17 20:11
10048,119901,25,2022,56,3,,,,,,,3,1,1,,,,4,,2024-04-17 20:11
9719,119904,25,2022,32,4,,,,,,,1,1,2,,,,4,,2024-04-17 20:11
1201,120101,25,2022,69,5,1,411,2010m5,1,141,1,2,8,1,200,1,3,5,,2024-04-17 20:11
1201,120102,25,2022,66,3,,,,,,,2,8,2,,,,5,,2024-04-17 20:11
1201,120103,25,2022,42,6,1,473,2013m12,1,531,1,1,8,1,195,2,3,5,,2024-04-17 20:11
1204,120401,25,2022,71,3,,,,,,,2,8,1,,,,3,,2024-04-17 20:11
1204,120402,25,2022,69,2,,,,,,,2,8,2,,,,3,,2024-04-17 20:11
1204,120404,25,2022,43,5,1,855,2000m3,1,312,1,1,8,2,500,1,2,3,,2024-04-17 20:11
1205,120501,25,2022,66,5,,,,,,,2,8,1,,,,4,,2024-04-17 20:11
1205,120502,25,2022,64,4,1,742,2019m1,2,941,1,2,8,2,130,2,3,4,,2024-04-17 20:11
1205,120503,25,2022,37,6,1,855,2017m1,2,254,1,1,8,1,300,2,3,4,,2024-04-17 20:11
9085,120504,25,2022,33,6,,,,,,,2,1,2,,,,3,,2024-04-17 20:11
1208,120801,25,2022,69,3,1,842,1978m3,1,236,1,2,19,1,220,2,3,4,,2024-04-17 20:11
1208,120802,25,2022,66,3,,,,,,,2,19,2,,,,4,,2024-04-17 20:11
8048,120803,25,2022,41,6,1,842,2009m12,1,237,1,2,10,1,500,1,2,3,,2024-04-17 20:11
1209,120901,25,2022,65,6,,,,,,,2,1,1,,,,5,,2024-04-17 20:11
1209,120902,25,2022,64,6,,,,,,,2,1,2,,,,5,,2024-04-17 20:11
1210,121001,25,2022,53,6,1,292,2009m9,1,312,1,2,14,1,440,1,2,3,,2024-04-17 20:11
1210,121003,25,2022,44,3,,,,,,,2,14,2,,,,4,,2024-04-17 20:11
1212,121201,25,2022,83,5,,,,,,,3,9,1,,,,6,,2024-04-17 20:11
1213,121301,25,2022,54,3,2,493,2002m3,4,875,2,2,8,1,500,,2,4,,2024-04-17 20:11
5797,121302,25,2022,76,2,,,,,,,3,1,2,,,,5,,2024-04-17 20:11
6544,121303,25,2022,50,6,1,721,2003m2,1,235,1,2,8,1,920,1,2,3,,2024-04-17 20:11
1213,121305,25,2022,52,3,,,,,,,2,8,2,,,,4,,2024-04-17 20:11
1213,121306,25,2022,22,4,,,,,,,1,8,2,,,,5,,2024-04-17 20:11
10309,121307,25,2022,19,3,1,261,2022m3,1,864,1,1,11,1,370,1,3,5,,2024-04-17 20:11
1214,121401,25,2022,81,6,1,872,2018m3,2,922,1,2,1,1,40,2,2,4,,2024-04-17 20:11
1214,121402,25,2022,74,6,1,872,2022m1,2,,1,2,1,2,27,2,2,4,,2024-04-17 20:11
1215,121501,25,2022,80,3,,,,,,,2,8,1,,,,3,,2024-04-17 20:11
1215,121502,25,2022,76,2,,,,,,,2,8,2,,,,3,,2024-04-17 20:11
6267,121503,25,2022,47,5,1,869,2000m4,1,243,1,2,1,2,245,1,3,4,,2024-04-17 20:11
1217,121701,25,2022,67,6,1,969,2019m10,2,951,1,3,8,2,100,2,3,5,,2024-04-17 20:11
8321,121702,25,2022,41,5,,,,,,,2,8,2,,,,4,,2024-04-17 20:11
8915,121703,25,2022,38,6,1,262,2021m12,1,330,1,2,8,2,350,1,3,5,,2024-04-17 20:11
6171,121801,25,2022,72,4,1,682,2021m1,1,942,1,2,1,1,187,2,3,4,,2024-04-17 20:11
7810,121802,25,2022,65,3,1,969,2015m5,2,421,1,3,8,2,83,2,3,4,,2024-04-17 20:11
7811,121803,25,2022,43,6,,,,,,,2,1,2,,,,4,,2024-04-17 20:11
1218,121804,25,2022,42,6,1,953,2009m8,1,771,1,1,8,2,450,1,2,3,,2024-04-17 20:11
8743,121805,25,2022,39,6,1,861,2013m3,1,241,1,2,8,1,1250,1,2,3,,2024-04-17 20:11
1219,121901,25,2022,66,2,2,492,1994m5,4,875,2,2,1,1,300,,3,4,,2024-04-17 20:11
1219,121902,25,2022,63,2,1,561,2019m10,2,952,1,2,1,2,100,2,3,4,,2024-04-17 20:11
1221,122101,25,2022,74,5,1,861,2020m1,2,942,1,2,1,1,140,2,4,4,,2024-04-17 20:11
1221,122102,25,2022,70,2,,,,,,,2,1,2,,,,4,,2024-04-17 20:11
5839,122103,25,2022,47,3,2,961,2013m7,4,422,2,2,1,2,150,,3,4,,2024-04-17 20:11
6246,122104,25,2022,45,5,2,472,2016m7,4,521,2,2,8,2,300,,3,4,,2024-04-17 20:11
8744,122105,25,2022,39,5,2,474,2018m9,4,521,2,1,1,1,300,,3,4,,2024-04-17 20:11
8835,122106,25,2022,37,5,1,474,2022m4,2,521,1,1,1,1,250,2,3,4,,2024-04-17 20:11
1222,122201,25,2022,65,3,1,741,2019m4,1,753,1,2,8,1,280,1,2,3,,2024-04-17 20:11
1222,122202,25,2022,65,3,1,872,2016m10,1,429,1,2,8,2,200,1,3,3,,2024-04-17 20:11
1222,122203,25,2022,35,6,1,591,2016m5,1,281,1,1,8,2,230,1,2,3,,2024-04-17 20:11
1224,122401,25,2022,61,3,,,,,,,2,8,1,,,,4,,2024-04-17 20:11
1224,122402,25,2022,63,3,,,,,,,2,8,2,,,,3,,2024-04-17 20:11
1224,122403,25,2022,36,6,1,682,2021m9,1,274,1,1,8,1,300,1,2,4,,2024-04-17 20:11
1224,122404,25,2022,33,4,1,465,2015m11,2,510,1,1,8,1,250,2,3,5,,2024-04-17 20:11
1225,122501,25,2022,58,3,1,424,1994m5,3,782,1,2,1,1,380,2,3,4,,2024-04-17 20:11
1225,122502,25,2022,56,3,,,,,,,2,1,2,,,,5,,2024-04-17 20:11
9806,122503,25,2022,28,4,1,843,2019m9,1,980,1,1,11,1,265,1,3,4,,2024-04-17 20:11
1226,122601,25,2022,79,2,1,841,2020m6,2,941,1,2,1,1,27,2,3,6,,2024-04-17 20:11
1226,122602,25,2022,82,2,1,841,2022m2,2,941,1,2,1,2,27,2,3,6,,2024-04-17 20:11
1227,122703,25,2022,38,5,1,411,2018m8,2,236,1,1,1,1,350,2,3,4,,2024-04-17 20:11
1227,122704,25,2022,36,3,,,,,,,1,1,2,,,,4,,2024-04-17 20:11
1228,122801,25,2022,52,3,2,426,2022m1,4,875,2,1,1,1,350,,4,5,,2024-04-17 20:11
1229,122901,25,2022,58,6,1,424,2022m6,1,783,1,2,8,1,370,1,2,4,,2024-04-17 20:11
1229,122902,25,2022,52,3,1,271,2016m10,1,930,1,2,8,2,255,1,3,5,,2024-04-17 20:11
1229,122903,25,2022,27,5,1,107,2018m1,1,312,1,1,8,2,310,1,3,5,,2024-04-17 20:11
1229,122904,25,2022,23,4,,,,,,,1,8,1,,,,4,,2024-04-17 20:11
1233,123301,25,2022,67,2,1,751,2019m5,2,942,1,3,1,1,200,2,3,4,,2024-04-17 20:11
1235,123501,25,2022,79,2,,,,,,,2,8,1,,,,4,,2024-04-17 20:11
1235,123502,25,2022,73,2,1,872,2017m1,2,429,1,2,8,2,45,2,3,4,,2024-04-17 20:11
8916,123503,25,2022,46,3,1,476,2020m1,1,521,1,2,1,1,230,1,3,4,,2024-04-17 20:11
1238,123802,25,2022,68,6,,,,,,,3,1,2,,,,3,,2024-04-17 20:11
1239,123901,25,2022,73,6,,,,,,,2,1,1,,,,4,,2024-04-17 20:11
1239,123902,25,2022,73,6,1,682,2021m1,1,942,1,2,1,2,300,1,2,4,,2024-04-17 20:11
1240,124001,25,2022,77,6,,,,,,,2,8,1,,,,3,,2024-04-17 20:11
1240,124002,25,2022,70,6,,,,,,,2,8,2,,,,3,,2024-04-17 20:11
1241,124102,25,2022,65,6,2,464,2022m4,4,521,2,2,1,2,250,,3,4,,2024-04-17 20:11
1242,124201,25,2022,74,3,,,,,,,3,8,1,,,,5,,2024-04-17 20:11
8431,124202,25,2022,69,3,1,844,2022m3,3,,1,3,1,2,52,2,3,5,,2024-04-17 20:11
1244,124402,25,2022,82,2,,,,,,,3,1,2,,,,4,,2024-04-17 20:11
1245,124501,25,2022,71,2,,,,,,,2,1,1,,,,5,,2024-04-17 20:11
1245,124502,25,2022,70,2,,,,,,,2,1,2,,,,5,,2024-04-17 20:11
1246,124602,25,2022,58,6,1,872,2013m8,1,247,1,3,8,2,240,1,3,5,,2024-04-17 20:11
1246,124603,25,2022,32,6,,,,,,,1,8,1,,,,5,,2024-04-17 20:11
1246,124604,25,2022,30,3,2,662,2016m7,4,510,2,1,8,1,200,,3,5,,2024-04-17 20:11
1246,124605,25,2022,27,6,1,271,2021m10,1,312,1,1,8,2,190,1,3,5,,2024-04-17 20:11
1247,124701,25,2022,63,6,,,,,,,2,8,1,,,,3,,2024-04-17 20:11
1247,124702,25,2022,63,6,2,561,2012m11,4,442,2,2,8,2,300,,2,3,,2024-04-17 20:11
9609,124703,25,2022,37,5,1,561,2015m1,1,442,1,2,8,1,200,1,3,4,,2024-04-17 20:11
1247,124704,25,2022,36,6,1,841,2015m10,1,311,1,1,8,1,350,1,2,3,,2024-04-17 20:11
9609,124705,25,2022,33,6,,,,,,,2,8,2,,,,4,,2024-04-17 20:11
1248,124801,25,2022,76,2,,,,,,,2,1,1,,,,5,,2024-04-17 20:11
1248,124802,25,2022,74,2,,,,,,,2,1,2,,,,4,,2024-04-17 20:11
5799,124803,25,2022,49,6,,,,,,,2,8,2,,,,2,,2024-04-17 20:11
10310,124804,25,2022,47,5,2,911,2020m7,4,286,2,3,1,1,250,,2,5,,2024-04-17 20:11
9278,124805,25,2022,41,6,1,333,2019m4,1,510,1,3,1,1,340,1,2,5,,2024-04-17 20:11
1249,124901,25,2022,63,3,1,682,2017m6,2,942,1,2,8,1,230,2,3,5,,2024-04-17 20:11
1249,124902,25,2022,60,3,1,101,2017m12,1,710,1,2,8,2,225,2,3,4,,2024-04-17 20:11
1249,124903,25,2022,35,5,1,582,2017m7,1,222,1,1,8,1,280,2,3,5,,2024-04-17 20:11
10311,124904,25,2022,29,5,,,,,,,2,8,2,,,,5,,2024-04-17 20:11
1249,124905,25,2022,86,2,,,,,,,3,8,2,,,,5,,2024-04-17 20:11
1251,125101,25,2022,86,3,,,,,,,2,1,1,,,,5,,2024-04-17 20:11
1251,125102,25,2022,85,2,,,,,,,2,1,2,,,,4,,2024-04-17 20:11
1252,125201,25,2022,61,5,2,465,,4,521,2,2,1,1,300,,3,4,,2024-04-17 20:11
1252,125202,25,2022,61,3,,,,,,,2,1,2,,,,4,,2024-04-17 20:11
1254,125401,25,2022,57,3,,,,,,,2,8,2,,,,4,,2024-04-17 20:11
1254,125402,25,2022,55,4,1,492,1991m2,1,873,1,2,8,1,300,1,2,4,,2024-04-17 20:11
1257,125701,25,2022,66,3,1,424,,3,783,1,2,1,1,300,2,3,5,,2024-04-17 20:11
1257,125702,25,2022,63,3,,,,,,,2,1,2,,,,5,,2024-04-17 20:11
1257,125703,25,2022,37,5,1,474,2011m7,2,521,1,1,1,2,200,2,3,5,,2024-04-17 20:11
1257,125704,25,2022,33,5,1,476,2008m11,1,953,1,1,1,2,250,1,3,5,,2024-04-17 20:11
1258,125801,25,2022,80,6,,,,,,,2,8,1,,,,3,,2024-04-17 20:11
1258,125802,25,2022,77,3,1,872,2019m1,2,421,1,2,8,2,70,2,3,3,,2024-04-17 20:11
1260,126001,25,2022,73,2,1,949,1996m10,1,312,1,2,1,1,200,2,2,4,,2024-04-17 20:11
1260,126002,25,2022,67,2,,,,,,,2,1,2,,,,4,,2024-04-17 20:11
1261,126101,25,2022,83,2,,,,,,,3,8,2,,,,4,,2024-04-17 20:11
1262,126201,25,2022,72,2,,,,,,,2,8,1,,,,5,,2024-04-17 20:11
1262,126202,25,2022,65,2,,,,,,,2,8,2,,,,5,,2024-04-17 20:11
1264,126401,25,2022,62,6,2,11,2019m6,4,611,2,2,10,1,500,,2,4,,2024-04-17 20:11
1264,126402,25,2022,56,3,1,872,2018m9,2,441,1,2,10,2,84,2,2,4,,2024-04-17 20:11
10400,126403,25,2022,31,5,,,,,,,1,8,2,,,,4,,2024-04-17 20:11
9957,126404,25,2022,26,3,,,,,,,1,1,2,,,,4,,2024-04-17 20:11
1264,126405,25,2022,22,4,,,,,,,1,10,1,,,,4,,2024-04-17 20:11
1264,126406,25,2022,22,4,,,,,,,1,10,1,,,,4,,2024-04-17 20:11
1266,126601,25,2022,67,3,,,,,,,2,1,1,,,,3,,2024-04-17 20:11
1266,126602,25,2022,65,3,,,,,,,2,1,2,,,,4,,2024-04-17 20:11
1266,126603,25,2022,38,6,,,,,,,1,1,1,,,,4,,2024-04-17 20:11
1267,126701,25,2022,69,6,,,,,,,2,1,1,,,,4,,2024-04-17 20:11
1267,126703,25,2022,69,6,,,,,,,2,1,2,,,,4,,2024-04-17 20:11
9721,126704,25,2022,41,6,1,360,2019m8,1,881,1,2,1,1,300,1,2,5,,2024-04-17 20:11
1271,127101,25,2022,69,6,,,,,,,2,1,1,,,,5,,2024-04-17 20:11
1271,127102,25,2022,62,6,1,851,1980m3,1,252,1,2,1,2,750,1,2,3,,2024-04-17 20:11
1272,127201,25,2022,69,6,2,901,2001m3,4,284,2,1,8,2,200,,3,5,,2024-04-17 20:11
1276,127603,25,2022,70,2,,,,,,,3,1,2,,,,5,,2024-04-17 20:11
5824,127605,25,2022,46,5,1,861,2010m4,1,243,1,2,1,2,400,1,3,3,,2024-04-17 20:11
1277,127701,25,2022,51,5,1,494,2020m2,3,922,1,1,4,1,200,2,3,5,,2024-04-17 20:11
1278,127801,25,2022,79,2,,,,,,,3,1,2,,,,6,,2024-04-17 20:11
8917,127802,25,2022,48,4,1,641,1999m5,1,531,1,1,1,2,240,1,2,6,,2024-04-17 20:11
1280,128001,25,2022,62,6,1,853,2015m3,1,251,1,2,1,1,900,1,2,5,,2024-04-17 20:11
1280,128005,25,2022,87,1,,,,,,,3,1,2,,,,6,,2024-04-17 20:11
1281,128101,25,2022,62,6,2,492,2016m11,4,875,2,2,1,1,350,,2,4,,2024-04-17 20:11
1281,128102,25,2022,62,5,1,872,2020m3,2,421,1,2,1,2,95,2,2,4,,2024-04-17 20:11
1281,128104,25,2022,26,6,,,,,,,1,1,1,,,,5,,2024-04-17 20:11
1282,128201,25,2022,55,3,1,551,1999m9,1,783,1,2,8,1,390,2,3,5,,2024-04-17 20:11
1282,128202,25,2022,54,3,1,471,2012m4,1,521,1,2,8,2,200,2,3,4,,2024-04-17 20:11
1282,128203,25,2022,27,5,,,,,,,1,8,1,,,,4,,2024-04-17 20:11
1282,128204,25,2022,25,6,,,,,,,2,8,1,,,,4,,2024-04-17 20:11
5999,128401,25,2022,65,6,1,861,2016m1,1,942,1,3,8,1,180,2,2,5,,2024-04-17 20:11
6078,128402,25,2022,58,6,,,,,,,2,8,2,,,,3,,2024-04-17 20:11
6078,128403,25,2022,33,6,2,855,2020m1,4,254,2,1,8,1,200,,3,3,,2024-04-17 20:11
1285,128501,25,2022,74,6,,,,,,,2,1,1,,,,4,,2024-04-17 20:11
1285,128502,25,2022,66,3,,,,,,,2,1,2,,,,3,,2024-04-17 20:11
1286,128601,25,2022,85,6,,,,,,,2,1,1,,,,3,,2024-04-17 20:11
1286,128602,25,2022,79,3,,,,,,,2,1,2,,,,4,,2024-04-17 20:11
1287,128702,25,2022,76,3,1,911,2007m2,1,941,1,3,8,2,170,2,2,3,,2024-04-17 20:11
5349,128704,25,2022,52,5,1,467,2001m7,1,510,1,2,1,1,400,1,3,4,,2024-04-17 20:11
1288,128801,25,2022,73,6,1,721,2006m6,1,234,1,2,1,1,400,1,2,2,,2024-04-17 20:11
1288,128802,25,2022,72,4,,,,,,,2,1,2,,,,2,,2024-04-17 20:11
1288,128804,25,2022,41,6,1,411,2019m3,1,312,1,2,1,1,388,1,2,3,,2024-04-17 20:11
1290,129001,25,2022,70,6,,,,,,,2,1,1,,,,3,,2024-04-17 20:11
1290,129002,25,2022,66,3,,,,,,,2,1,2,,,,3,,2024-04-17 20:11
8509,129004,25,2022,39,5,,,,,,,2,8,2,,,,3,,2024-04-17 20:11
1291,129102,25,2022,73,2,,,,,,,3,1,2,,,,4,,2024-04-17 20:11
6899,129103,25,2022,48,6,1,582,2015m6,1,223,1,2,1,1,600,1,2,4,,2024-04-17 20:11
1291,129104,25,2022,47,6,1,852,2000m3,1,252,1,1,1,2,330,1,1,3,,2024-04-17 20:11
1293,129301,25,2022,62,3,2,492,1994m1,4,875,2,2,8,1,250,,3,5,,2024-04-17 20:11
1293,129302,25,2022,61,2,1,682,2014m12,1,941,1,2,8,2,115,2,3,4,,2024-04-17 20:11
1293,129304,25,2022,31,6,,,,,,,1,8,1,,,,4,,2024-04-17 20:11
1293,129305,25,2022,29,4,1,561,2020m10,1,442,1,1,8,1,190,1,2,4,,2024-04-17 20:11
1294,129401,25,2022,64,6,1,682,2022m4,2,942,1,2,8,1,210,2,3,4,,2024-04-17 20:11
1294,129402,25,2022,61,3,1,471,2016m6,2,521,1,2,8,2,80,2,3,4,,2024-04-17 20:11
1295,129501,25,2022,68,3,,,,,,,2,1,1,,,,4,,2024-04-17 20:11
1295,129502,25,2022,66,3,,,,,,,2,1,2,,,,4,,2024-04-17 20:11
8837,129503,25,2022,41,6,1,611,,1,311,1,2,1,1,318,1,3,3,,2024-04-17 20:11
1296,129601,25,2022,67,5,,,,,,,3,1,2,,,,4,,2024-04-17 20:11
10220,129603,25,2022,38,6,1,465,2022m5,1,312,1,1,1,2,300,1,2,4,,2024-04-17 20:11
1298,129801,25,2022,64,3,2,712,2005m12,4,271,2,2,1,1,50,,3,4,,2024-04-17 20:11
1298,129802,25,2022,63,3,,,,,,,2,1,2,,,,4,,2024-04-17 20:11
1300,130001,25,2022,75,6,,,,,,,2,1,1,,,,4,,2024-04-17 20:11
1300,130002,25,2022,71,6,,,,,,,2,1,2,,,,4,,2024-04-17 20:11
8572,130003,25,2022,44,6,1,641,2000m3,1,320,1,2,1,2,400,1,3,3,,2024-04-17 20:11
8918,130004,25,2022,42,6,,,,,,,2,1,2,,,,3,,2024-04-17 20:11
1304,130401,25,2022,68,6,1,949,2016m2,1,248,1,2,14,1,90,1,2,4,,2024-04-17 20:11
1304,130402,25,2022,63,5,,,,,,,2,14,2,,,,4,,2024-04-17 20:11
9001,130404,25,2022,39,6,1,265,2021m6,1,141,1,2,8,1,500,1,3,5,,2024-04-17 20:11
1305,130501,25,2022,68,3,,,,,,,1,1,2,,,,5,,2024-04-17 20:11
5531,130502,25,2022,61,6,1,872,2021m12,1,421,1,2,8,1,130,2,3,5,,2024-04-17 20:11
5531,130503,25,2022,60,3,2,651,2008m10,4,510,2,2,8,2,300,,3,5,,2024-04-17 20:11
5531,130504,25,2022,29,6,1,471,2019m8,2,521,1,1,8,2,150,2,3,5,,2024-04-17 20:11
1306,130601,25,2022,61,6,1,291,2020m6,1,851,1,2,1,1,500,1,1,3,,2024-04-17 20:11
1306,130602,25,2022,63,5,1,262,2016m6,1,864,1,2,1,2,250,1,2,4,,2024-04-17 20:11
1306,130603,25,2022,33,6,1,262,2022m1,1,312,1,1,1,1,237,1,2,4,,2024-04-17 20:11
1306,130604,25,2022,31,5,1,562,2017m1,1,441,1,1,1,2,250,1,2,4,,2024-04-17 20:11
1307,130701,25,2022,62,5,1,853,2015m12,2,942,1,2,1,1,200,2,2,5,,2024-04-17 20:11
1307,130702,25,2022,61,2,,,,,,,2,1,2,,,,5,,2024-04-17 20:11
5155,130703,25,2022,50,3,,,,,,,3,1,2,,,,5,,2024-04-17 20:11
1308,130801,25,2022,67,3,2,181,1978m10,4,892,2,2,10,1,800,,2,2,,2024-04-17 20:11
1308,130803,25,2022,64,2,,,,,,,2,10,2,,,,2,,2024-04-17 20:11
8165,130804,25,2022,40,5,1,181,2010m9,1,892,1,2,10,1,500,1,2,2,,2024-04-17 20:11
7316,130805,25,2022,38,3,1,731,2017m7,1,429,1,1,1,2,320,1,2,4,,2024-04-17 20:11
1309,130901,25,2022,57,6,1,721,2022m4,1,231,1,2,8,1,440,1,2,4,,2024-04-17 20:11
1309,130902,25,2022,52,3,1,855,2015m5,1,441,1,2,8,2,220,1,3,4,,2024-04-17 20:11
9610,130903,25,2022,27,5,1,872,2021m3,1,247,1,1,6,2,220,1,2,4,,2024-04-17 20:11
9611,130904,25,2022,27,6,1,862,2021m7,1,243,1,1,8,2,245,1,3,5,,2024-04-17 20:11
1309,130905,25,2022,23,5,1,713,2020m11,1,285,1,1,8,2,210,1,2,5,,2024-04-17 20:11
1312,131202,25,2022,83,3,,,,,,,3,8,2,,,,5,,2024-04-17 20:11
1314,131401,25,2022,84,1,,,,,,,3,8,2,,,,4,,2024-04-17 20:11
1315,131502,25,2022,83,2,1,872,2020m8,2,941,1,3,8,2,27,2,3,5,,2024-04-17 20:11
1315,131504,25,2022,20,3,1,753,2022m4,2,412,1,1,8,1,200,2,3,5,,2024-04-17 20:11
1315,131505,25,2022,20,3,1,911,2022m3,2,312,1,1,8,1,200,2,3,5,,2024-04-17 20:11
1319,131901,25,2022,66,3,2,492,2015m8,4,875,2,2,1,1,50,,2,4,,2024-04-17 20:11
1319,131902,25,2022,65,2,1,872,2020m8,2,441,1,2,1,2,97,2,2,4,,2024-04-17 20:11
1321,132101,25,2022,77,1,,,,,,,3,1,2,,,,6,,2024-04-17 20:11
1322,132202,25,2022,54,3,1,872,2012m7,1,247,1,1,1,2,270,1,2,5,,2024-04-17 20:11
7443,132203,25,2022,51,6,1,872,2021m10,1,247,1,1,1,1,195,1,2,5,,2024-04-17 20:11
1323,132307,25,2022,68,3,,,,,,,3,1,2,,,,5,,2024-04-17 20:11
1327,132702,25,2022,82,2,,,,,,,3,1,2,,,,5,,2024-04-17 20:11
5158,132703,25,2022,49,3,1,474,2020m5,3,521,1,3,1,2,60,2,2,5,,2024-04-17 20:11
1329,132901,25,2022,86,2,,,,,,,2,1,1,,,,5,,2024-04-17 20:11
1329,132902,25,2022,84,2,,,,,,,2,1,2,,,,5,,2024-04-17 20:11
1330,133001,25,2022,76,3,,,,,,,2,1,1,,,,4,,2024-04-17 20:11
1330,133002,25,2022,72,2,,,,,,,2,1,2,,,,4,,2024-04-17 20:11
8584,133003,25,2022,50,5,1,301,2003m5,1,854,1,2,1,1,650,1,2,4,,2024-04-17 20:11
6410,133004,25,2022,48,6,1,424,2017m10,3,783,1,2,1,1,400,2,3,3,,2024-04-17 20:11
9958,133101,25,2022,68,6,,,,,,,2,14,1,,,,6,,2024-04-17 20:11
9958,133102,25,2022,69,2,,,,,,,2,14,2,,,,5,,2024-04-17 20:11
7317,133103,25,2022,44,3,1,231,2013m9,1,799,1,2,8,1,300,1,3,5,,2024-04-17 20:11
1331,133105,25,2022,32,6,1,467,2021m3,1,274,1,1,1,1,285,1,2,5,,2024-04-17 20:11
1332,133201,25,2022,80,3,2,461,2008m1,4,274,2,3,14,1,80,,4,4,,2024-04-17 20:11
5373,133204,25,2022,49,4,2,620,2000m1,4,223,2,1,1,1,350,,2,5,,2024-04-17 20:11
1335,133501,25,2022,74,2,,,,,,,2,1,1,,,,5,,2024-04-17 20:11
1335,133502,25,2022,65,2,1,969,2009m1,2,421,1,2,1,2,40,2,3,5,,2024-04-17 20:11
1335,133504,25,2022,42,3,1,850,2019m9,2,952,1,1,1,2,60,2,3,5,,2024-04-17 20:11
1336,133604,25,2022,41,3,2,732,2012m5,4,285,2,2,8,1,280,,2,3,,2024-04-17 20:11
1336,133606,25,2022,41,3,2,762,2021m2,4,522,2,2,8,2,,,3,3,,2024-04-17 20:11
1338,133801,25,2022,95,2,,,,,,,2,1,1,,,,4,,2024-04-17 20:11
1338,133802,25,2022,75,2,,,,,,,2,1,2,,,,3,,2024-04-17 20:11
5375,133803,25,2022,52,6,1,853,2006m3,1,251,1,2,11,1,640,1,2,3,,2024-04-17 20:11
5609,133804,25,2022,51,6,1,862,2006m11,1,246,1,3,1,2,320,1,2,4,,2024-04-17 20:11
1339,133901,25,2022,70,2,,,,,,,2,15,1,,,,2,,2024-04-17 20:11
1339,133902,25,2022,71,2,,,,,,,2,15,2,,,,2,,2024-04-17 20:11
7584,133903,25,2022,49,6,1,411,2017m12,1,231,1,2,8,1,670,1,2,3,,2024-04-17 20:11
1340,134001,25,2022,70,2,,,,,,,2,1,1,,,,5,,2024-04-17 20:11
1340,134002,25,2022,66,2,,,,,,,2,1,2,,,,4,,2024-04-17 20:11
1340,134004,25,2022,24,5,,,,,,,1,1,1,,,,5,,2024-04-17 20:11
1341,134101,25,2022,85,2,,,,,,,2,1,1,,,,5,,2024-04-17 20:11
1341,134102,25,2022,78,2,,,,,,,2,1,2,,,,5,,2024-04-17 20:11
5880,134103,25,2022,54,5,1,424,2019m1,3,910,1,2,1,1,200,2,4,5,,2024-04-17 20:11
1342,134202,25,2022,71,3,1,969,2010m11,2,421,1,3,1,2,170,2,3,5,,2024-04-17 20:11
7941,134204,25,2022,41,3,2,855,2014m6,4,286,2,3,1,1,400,,3,5,,2024-04-17 20:11
1343,134301,25,2022,93,6,,,,,,,2,1,1,,,,4,,2024-04-17 20:11
1343,134302,25,2022,87,2,,,,,,,2,1,2,,,,4,,2024-04-17 20:11
7815,134303,25,2022,61,6,,,,,,,2,1,1,,,,3,,2024-04-17 20:11
1344,134402,25,2022,55,3,,,,,,,2,1,2,,,,5,,2024-04-17 20:11
1344,134403,25,2022,25,4,,,,,,,1,1,1,,,,5,,2024-04-17 20:11
1346,134601,25,2022,73,2,1,259,2016m7,3,782,1,3,1,2,100,2,2,4,,2024-04-17 20:11
1346,134602,25,2022,50,6,1,467,1991m6,1,313,1,1,1,2,300,1,3,4,,2024-04-17 20:11
1347,134701,25,2022,60,6,1,743,2016m7,1,139,1,2,1,1,440,1,2,3,,2024-04-17 20:11
1347,134702,25,2022,58,5,1,872,2020m3,1,247,1,2,1,2,250,1,2,3,,2024-04-17 20:11
1347,134703,25,2022,25,4,,,,,,,1,1,1,,,,4,,2024-04-17 20:11
1347,134704,25,2022,23,4,,,,,,,1,1,2,,,,4,,2024-04-17 20:11
1348,134801,25,2022,64,3,1,872,2020m2,1,421,1,2,1,1,34,2,2,4,,2024-04-17 20:11
6957,134802,25,2022,92,1,,,,,,,3,1,2,,,,4,,2024-04-17 20:11
1348,134803,25,2022,57,3,1,872,2020m2,2,421,1,2,1,2,63,2,3,5,,2024-04-17 20:11
7128,134804,25,2022,54,5,1,872,2021m3,1,247,1,2,1,2,190,1,1,3,,2024-04-17 20:11
1348,134805,25,2022,33,6,,,,,,,1,1,2,,,,5,,2024-04-17 20:11
1352,135201,25,2022,68,2,,,,,,,2,1,1,,,,4,,2024-04-17 20:11
1352,135202,25,2022,65,2,,,,,,,2,1,2,,,,4,,2024-04-17 20:11
9959,135203,25,2022,41,6,1,941,2011m12,1,236,1,2,8,1,400,1,2,3,,2024-04-17 20:11
1352,135204,25,2022,39,6,2,911,2021m7,4,432,2,1,1,1,250,,3,4,,2024-04-17 20:11
1355,135501,25,2022,62,3,2,493,2022m1,4,873,2,2,1,1,200,,3,4,,2024-04-17 20:11
1355,135502,25,2022,60,2,2,476,2008m4,4,521,2,2,1,2,250,,3,4,,2024-04-17 20:11
1355,135503,25,2022,34,5,1,271,2022m1,1,245,1,1,1,1,250,1,3,4,,2024-04-17 20:11
9612,135504,25,2022,32,5,,,,,,,2,1,2,,,,4,,2024-04-17 20:11
1356,135601,25,2022,66,3,,,,,,,2,1,1,,,,4,,2024-04-17 20:11
1356,135602,25,2022,63,3,,,,,,,2,1,2,,,,4,,2024-04-17 20:11
1356,135603,25,2022,37,2,,,,,,,3,1,1,,,,5,,2024-04-17 20:11
5630,135802,25,2022,57,6,2,872,2021m8,4,312,2,2,1,1,,,2,3,,2024-04-17 20:11
5630,135803,25,2022,54,6,2,872,2020m7,4,421,2,2,1,2,250,,3,3,,2024-04-17 20:11
5630,135804,25,2022,26,6,,,,,,,1,1,2,,,,3,,2024-04-17 20:11
1359,135902,25,2022,84,3,,,,,,,3,3,2,,,,6,,2024-04-17 20:11
5881,135903,25,2022,59,6,2,662,2012m8,4,510,2,2,8,1,200,,4,5,,2024-04-17 20:11
5882,135904,25,2022,53,6,1,411,2012m7,1,141,1,2,8,1,400,1,2,3,,2024-04-17 20:11
1360,136001,25,2022,71,3,1,181,2002m6,1,312,1,2,1,1,360,1,2,3,,2024-04-17 20:11
1360,136002,25,2022,67,3,,,,,,,2,1,2,,,,4,,2024-04-17 20:11
7444,136003,25,2022,43,6,1,172,2020m8,1,313,1,2,1,2,250,1,3,4,,2024-04-17 20:11
8573,136004,25,2022,42,5,1,181,2006m3,1,892,1,2,8,1,380,1,3,5,,2024-04-17 20:11
1362,136201,25,2022,67,2,2,492,1984m10,4,875,2,2,1,1,200,,3,4,,2024-04-17 20:11
1362,136202,25,2022,65,2,,,,,,,2,1,2,,,,4,,2024-04-17 20:11
8838,136203,25,2022,39,6,1,844,2009m1,1,411,1,2,8,1,500,1,2,4,,2024-04-17 20:11
8838,136204,25,2022,40,6,1,841,2009m6,1,311,1,2,8,2,400,1,2,4,,2024-04-17 20:11
1364,136401,25,2022,86,1,,,,,,,3,2,2,,,,6,,2024-04-17 20:11
1367,136701,25,2022,56,4,,,,,,,1,2,1,,,,5,,2024-04-17 20:11
1367,136703,25,2022,86,3,,,,,,,3,2,2,,,,4,,2024-04-17 20:11
1368,136801,25,2022,71,3,,,,,,,2,2,1,,,,3,,2024-04-17 20:11
1368,136802,25,2022,62,2,1,152,2021m11,1,721,1,2,2,2,320,1,2,4,,2024-04-17 20:11
8050,136803,25,2022,41,4,1,529,2019m1,1,874,1,2,2,1,320,1,2,4,,2024-04-17 20:11
9613,136804,25,2022,38,6,1,721,2012m7,1,231,1,2,15,1,450,1,2,3,,2024-04-17 20:11
1369,136902,25,2022,72,2,,,,,,,3,2,2,,,,5,,2024-04-17 20:11
6049,136903,25,2022,45,6,1,861,2003m2,1,243,1,2,1,2,370,1,2,4,,2024-04-17 20:11
1372,137201,25,2022,84,2,,,,,,,3,2,2,,,,6,,2024-04-17 20:11
1372,137202,25,2022,54,3,,,,,,,1,2,1,,,,6,,2024-04-17 20:11
1373,137301,25,2022,83,3,,,,,,,2,2,1,,,,5,,2024-04-17 20:11
1373,137302,25,2022,73,2,,,,,,,2,2,2,,,,4,,2024-04-17 20:11
5044,137304,25,2022,52,6,1,292,2021m3,1,141,1,2,15,1,576,1,2,3,,2024-04-17 20:11
1374,137402,25,2022,59,3,,,,,,,1,2,1,,,,6,,2024-04-17 20:11
1375,137501,25,2022,59,3,2,381,2013m6,4,941,2,2,2,1,200,,3,4,,2024-04-17 20:11
1375,137502,25,2022,56,3,1,561,2018m10,2,442,1,2,2,2,80,2,2,4,,2024-04-17 20:11
1379,137902,25,2022,58,3,1,492,2017m1,1,875,1,2,2,2,200,1,3,5,,2024-04-17 20:11
1379,137904,25,2022,59,3,2,492,2021m4,4,873,2,2,2,1,250,,3,4,,2024-04-17 20:11
1380,138002,25,2022,76,2,,,,,,,3,2,2,,,,6,,2024-04-17 20:11
9614,138003,25,2022,44,5,,,,,,,2,2,2,,,,4,,2024-04-17 20:11
1381,138102,25,2022,86,2,,,,,,,3,2,2,,,,4,,2024-04-17 20:11
8051,138103,25,2022,60,3,,,,,,,3,2,2,,,,5,,2024-04-17 20:11
8498,138104,25,2022,38,6,1,852,2011m3,1,252,1,2,3,2,250,1,2,4,,2024-04-17 20:11
8973,138105,25,2022,35,6,1,701,2014m2,1,237,1,2,4,2,300,2,2,4,,2024-04-17 20:11
1382,138202,25,2022,78,2,,,,,,,3,2,2,,,,6,,2024-04-17 20:11
5120,138203,25,2022,49,3,1,682,2015m3,1,313,1,2,2,2,200,1,3,4,,2024-04-17 20:11
1382,138204,25,2022,19,4,,,,,,,1,2,2,,,,6,,2024-04-17 20:11
1383,138301,25,2022,64,3,2,476,1988m2,4,521,2,2,2,1,250,,2,4,,2024-04-17 20:11
1383,138302,25,2022,64,3,3,476,1988m2,5,521,2,2,2,2,,,2,4,,2024-04-17 20:11
1383,138304,25,2022,33,6,1,861,2013m11,1,243,1,1,2,2,320,1,2,3,,2024-04-17 20:11
1384,138401,25,2022,72,6,,,,,,,2,2,1,,,,3,,2024-04-17 20:11
1384,138402,25,2022,71,3,,,,,,,2,2,2,,,,3,,2024-04-17 20:11
8433,138403,25,2022,46,6,1,464,2011m1,1,312,1,2,2,1,280,1,3,4,,2024-04-17 20:11
1390,139004,25,2022,57,2,,,,,,,3,2,2,,,,6,,2024-04-17 20:11
1394,139401,25,2022,72,2,3,11,2006m3,5,611,2,2,14,2,,,3,4,,2024-04-17 20:11
5567,139402,25,2022,47,3,1,953,2022m3,1,313,1,2,2,2,190,1,2,3,,2024-04-17 20:11
7320,139403,25,2022,45,3,,,,,,,2,8,2,,,,4,,2024-04-17 20:11
7321,139404,25,2022,43,5,1,862,2021m2,1,243,1,2,2,2,200,1,3,5,,2024-04-17 20:11
1394,139405,25,2022,79,3,2,11,1972m1,4,611,2,2,14,1,60,,3,4,,2024-04-17 20:11
1395,139502,25,2022,66,2,,,,,,,3,2,2,,,,6,,2024-04-17 20:11
1395,139504,25,2022,32,3,,,,,,,1,2,1,,,,6,,2024-04-17 20:11
1396,139603,25,2022,52,3,,,,,,,2,2,1,,,,4,,2024-04-17 20:11
1396,139604,25,2022,58,3,,,,,,,2,2,2,,,,4,,2024-04-17 20:11
1399,139901,25,2022,73,2,,,,,,,3,2,2,,,,5,,2024-04-17 20:11
1400,140001,25,2022,79,2,1,841,2022m2,2,941,1,2,2,1,27,2,3,5,,2024-04-17 20:11
1400,140002,25,2022,74,2,1,841,2021m2,2,,1,2,2,2,27,2,2,6,,2024-04-17 20:11
1401,140101,25,2022,75,2,2,492,2005m11,4,875,2,2,2,1,150,,2,4,,2024-04-17 20:11
1401,140102,25,2022,65,2,,,,,,,2,2,2,,,,4,,2024-04-17 20:11
8745,140103,25,2022,45,3,,,,,,,2,2,2,,,,4,,2024-04-17 20:11
8325,140104,25,2022,43,5,,,,,,,2,2,2,,,,4,,2024-04-17 20:11
1401,140105,25,2022,41,6,1,204,2011m2,1,237,1,1,2,1,290,1,3,4,,2024-04-17 20:11
1402,140201,25,2022,86,3,,,,,,,3,2,1,,,,3,,2024-04-17 20:11
1404,140401,25,2022,51,3,1,844,1998m1,1,411,1,2,2,1,670,1,2,3,,2024-04-17 20:11
1404,140402,25,2022,47,6,1,842,2006m1,1,330,1,2,2,2,550,1,2,3,,2024-04-17 20:11
1404,140403,25,2022,17,2,,,,,,,1,2,2,,,,3,,2024-04-17 20:11
1404,140404,25,2022,15,2,,,,,,,1,2,2,,,,2,,2024-04-17 20:11
1405,140501,25,2022,77,2,,,,,,,2,2,1,,,,4,,2024-04-17 20:11
1405,140502,25,2022,71,2,,,,,,,2,2,2,,,,4,,2024-04-17 20:11
1408,140801,25,2022,74,3,1,841,2021m3,2,941,1,2,2,1,27,2,2,4,,2024-04-17 20:11
1408,140802,25,2022,69,2,,,,,,,2,2,2,,,,4,,2024-04-17 20:11
7445,140803,25,2022,46,6,,,,,,,2,2,2,,,,4,,2024-04-17 20:11
9087,140804,25,2022,44,6,1,320,2005m3,1,753,1,2,2,1,400,1,2,4,,2024-04-17 20:11
1409,140902,25,2022,79,2,1,969,2021m1,2,421,1,3,2,2,70,2,3,5,,2024-04-17 20:11
1410,141001,25,2022,74,2,,,,,,,3,2,2,,,,6,,2024-04-17 20:11
1410,141002,25,2022,43,3,1,424,2021m2,3,910,1,1,2,1,120,2,3,6,,2024-04-17 20:11
1412,141201,25,2022,73,3,,,,,,,2,2,1,,,,4,,2024-04-17 20:11
1412,141202,25,2022,66,3,1,102,2014m12,2,930,1,2,2,2,185,2,3,4,,2024-04-17 20:11
1412,141204,25,2022,40,6,1,291,2012m5,1,854,1,1,2,1,320,1,3,4,,2024-04-17 20:11
1414,141401,25,2022,73,1,1,841,2022m2,2,,1,3,2,2,27,2,3,6,,2024-04-17 20:11
1416,141601,25,2022,73,3,2,493,1989m6,4,875,2,2,2,1,300,,2,4,,2024-04-17 20:11
1416,141602,25,2022,69,3,,,,,,,2,2,2,,,,4,,2024-04-17 20:11
7816,141604,25,2022,42,6,,,,,,,2,7,2,,,,3,,2024-04-17 20:11
1416,141605,25,2022,39,6,1,521,2012m11,1,312,1,1,2,1,380,1,2,5,,2024-04-17 20:11
1417,141701,25,2022,67,2,1,529,2016m5,1,992,1,2,2,1,200,2,3,5,,2024-04-17 20:11
1417,141702,25,2022,68,2,,,,,,,2,2,2,,,,5,,2024-04-17 20:11
7181,141704,25,2022,40,6,,,,,,,1,2,1,,,,5,,2024-04-17 20:11
1419,141902,25,2022,58,5,1,872,2021m10,1,245,1,3,3,2,245,1,2,2,,2024-04-17 20:11
9807,141903,25,2022,29,6,1,201,2019m1,1,753,1,1,10,1,330,1,2,4,,2024-04-17 20:11
1420,142001,25,2022,69,3,2,291,1990m5,4,141,2,2,15,1,700,,2,3,,2024-04-17 20:11
1420,142002,25,2022,65,5,,,,,,,2,15,2,,,,3,,2024-04-17 20:11
1421,142101,25,2022,74,5,,,,,,,2,15,1,,,,4,,2024-04-17 20:11
1421,142102,25,2022,71,5,,,,,,,2,15,2,,,,4,,2024-04-17 20:11
6732,142103,25,2022,44,6,,,,,,,1,2,2,,,,4,,2024-04-17 20:11
9960,142203,25,2022,54,6,1,872,2017m4,1,421,1,3,2,2,220,2,3,4,,2024-04-17 20:11
1425,142502,25,2022,72,2,1,841,2022m2,2,941,1,3,2,2,27,2,4,5,,2024-04-17 20:11
5123,142503,25,2022,50,3,1,854,2001m4,1,875,1,2,2,1,350,1,2,5,,2024-04-17 20:11
1425,142504,25,2022,49,3,1,752,2014m5,2,873,1,1,2,1,30,2,4,6,,2024-04-17 20:11
5458,142505,25,2022,45,3,2,961,2019m8,4,422,2,2,15,2,300,,2,4,,2024-04-17 20:11
1426,142601,25,2022,91,2,,,,,,,3,2,1,,,,5,,2024-04-17 20:11
1427,142703,25,2022,62,2,1,422,2018m5,3,792,1,1,2,1,180,2,3,4,,2024-04-17 20:11
1428,142801,25,2022,54,3,1,259,2017m3,1,851,1,2,2,1,400,1,2,3,,2024-04-17 20:11
1430,143001,25,2022,86,4,,,,,,,2,2,1,,,,4,,2024-04-17 20:11
1430,143002,25,2022,79,1,,,,,,,2,2,2,,,,4,,2024-04-17 20:11
1432,143202,25,2022,94,1,,,,,,,3,2,2,,,,6,,2024-04-17 20:11
5326,143204,25,2022,48,3,2,465,2020m11,4,510,2,2,2,1,550,,2,3,,2024-04-17 20:11
1433,143301,25,2022,67,3,1,422,2021m9,2,792,1,2,2,1,300,2,2,4,,2024-04-17 20:11
1433,143302,25,2022,65,2,,,,,,,2,2,2,,,,4,,2024-04-17 20:11
8326,143303,25,2022,41,6,1,426,2021m5,1,874,1,2,2,1,385,1,3,5,,2024-04-17 20:11
9961,143304,25,2022,39,5,1,311,2012m1,1,743,1,1,15,1,300,1,3,4,,2024-04-17 20:11
1435,143502,25,2022,68,3,2,662,2013m6,4,510,2,3,2,2,300,,3,4,,2024-04-17 20:11
9962,143505,25,2022,38,6,,,,,,,2,15,2,,,,4,,2024-04-17 20:11
1436,143601,25,2022,81,2,,,,,,,2,2,1,,,,5,,2024-04-17 20:11
1436,143602,25,2022,81,2,2,31,2011m1,4,630,2,2,2,2,100,,2,5,,2024-04-17 20:11
5758,143603,25,2022,56,6,1,901,1992m6,1,311,1,2,2,1,350,1,2,3,,2024-04-17 20:11
5159,143605,25,2022,51,5,1,562,2018m3,2,441,1,2,2,2,48,2,2,4,,2024-04-17 20:11
1437,143701,25,2022,60,3,2,259,1992m6,4,851,2,2,2,1,600,,2,3,,2024-04-17 20:11
1437,143702,25,2022,58,3,1,311,2018m3,1,854,1,2,2,2,200,1,2,4,,2024-04-17 20:11
10312,143703,25,2022,33,6,1,951,2017m3,1,752,1,1,2,1,548,1,2,4,,2024-04-17 20:11
1437,143704,25,2022,32,6,,,,,,,1,2,1,,,,4,,2024-04-17 20:11
1438,143801,25,2022,78,2,,,,,,,3,2,1,,,,6,,2024-04-17 20:11
1439,143901,25,2022,61,2,1,141,2020m11,3,721,1,3,2,2,190,2,2,5,,2024-04-17 20:11
8053,143902,25,2022,41,6,1,529,2011m3,1,312,1,2,2,2,310,1,3,4,,2024-04-17 20:11
8327,143903,25,2022,38,3,1,311,2005m11,1,792,1,2,15,1,330,2,3,4,,2024-04-17 20:11
1440,144001,25,2022,63,2,,,,,,,3,1,2,,,,6,,2024-04-17 20:11
1443,144301,25,2022,85,2,,,,,,,3,15,2,,,,6,,2024-04-17 20:11
1444,144401,25,2022,81,3,1,841,2020m2,2,941,1,3,15,2,30,2,3,6,,2024-04-17 20:11
1448,144801,25,2022,68,3,,,,,,,2,2,1,,,,4,,2024-04-17 20:11
1448,144802,25,2022,65,3,,,,,,,2,2,2,,,,4,,2024-04-17 20:11
7588,144803,25,2022,42,6,1,759,2018m5,1,224,1,2,2,1,600,1,3,4,,2024-04-17 20:11
8054,144804,25,2022,38,6,,,,,,,2,2,2,,,,4,,2024-04-17 20:11
1451,145101,25,2022,68,2,1,411,2021m9,2,910,1,3,2,1,200,2,3,5,,2024-04-17 20:11
9469,145102,25,2022,63,2,1,561,2018m11,2,441,1,3,19,2,200,2,3,5,,2024-04-17 20:11
9469,145103,25,2022,38,5,1,411,2019m9,3,910,1,1,19,1,170,2,3,5,,2024-04-17 20:11
9469,145104,25,2022,31,3,1,411,2020m10,3,910,1,1,19,1,195,2,3,5,,2024-04-17 20:11
1452,145202,25,2022,81,2,,,,,,,3,2,2,,,,4,,2024-04-17 20:11
1453,145302,25,2022,80,2,2,467,2013m10,4,521,2,3,2,2,30,,2,4,,2024-04-17 20:11
5121,145303,25,2022,51,6,1,641,,1,320,1,2,2,1,900,1,2,4,,2024-04-17 20:11
1454,145401,25,2022,65,3,,,,,,,3,2,1,,,,6,,2024-04-17 20:11
1456,145601,25,2022,88,1,,,,,,,3,2,2,,,,6,,2024-04-17 20:11
1460,146001,25,2022,64,2,2,969,1996m8,4,429,2,3,2,2,300,,2,4,,2024-04-17 20:11
1460,146002,25,2022,37,5,1,562,2022m5,2,441,1,1,2,2,40,2,4,4,,2024-04-17 20:11
1461,146101,25,2022,91,2,,,,,,,3,2,1,,,,6,,2024-04-17 20:11
1462,146202,25,2022,86,2,,,,,,,3,2,2,,,,6,,2024-04-17 20:11
1462,146204,25,2022,51,2,1,478,2019m6,1,873,1,1,2,1,200,1,3,5,,2024-04-17 20:11
1464,146402,25,2022,65,2,,,,,,,3,13,2,,,,4,,2024-04-17 20:11
6270,146403,25,2022,42,5,,,,,,,2,2,2,,,,3,,2024-04-17 20:11
9280,146404,25,2022,39,6,2,424,2019m1,4,782,2,1,4,1,500,,2,4,,2024-04-17 20:11
1467,146701,25,2022,81,2,1,841,2022m1,2,900,1,3,2,2,27,2,2,5,,2024-04-17 20:11
5380,146702,25,2022,53,3,1,682,2022m1,2,942,1,2,8,1,200,2,3,5,,2024-04-17 20:11
6820,146703,25,2022,50,3,1,952,2005m9,1,751,1,2,1,1,330,1,3,5,,2024-04-17 20:11
5380,146704,25,2022,49,3,1,969,2022m2,3,421,1,2,8,2,72,2,3,5,,2024-04-17 20:11
5380,146705,25,2022,24,3,1,582,2022m7,2,222,1,1,8,1,200,2,2,5,,2024-04-17 20:11
1467,146706,25,2022,58,2,1,471,2022m2,2,521,1,3,2,2,100,2,4,4,,2024-04-17 20:11
1467,146708,25,2022,33,6,1,461,2017m5,1,312,1,1,2,1,260,1,3,5,,2024-04-17 20:11
1469,146901,25,2022,62,2,1,221,2016m6,1,721,1,2,2,1,280,1,3,4,,2024-04-17 20:11
1469,146902,25,2022,63,2,,,,,,,2,2,2,,,,4,,2024-04-17 20:11
1469,146903,25,2022,28,3,,,,,,,1,2,1,,,,5,,2024-04-17 20:11
1470,147001,25,2022,75,2,,,,,,,2,2,1,,,,4,,2024-04-17 20:11
1470,147002,25,2022,62,2,,,,,,,2,2,2,,,,4,,2024-04-17 20:11
1470,147003,25,2022,28,5,,,,,,,1,2,2,,,,4,,2024-04-17 20:11
10130,147004,25,2022,25,6,,,,,,,2,14,2,,,,4,,2024-04-17 20:11
1471,147101,25,2022,66,2,1,751,2020m9,3,910,1,2,2,1,192,2,3,4,,2024-04-17 20:11
1471,147102,25,2022,63,2,1,844,2018m6,1,941,1,2,2,2,180,1,2,4,,2024-04-17 20:11
1471,147104,25,2022,32,6,1,422,2017m11,1,753,1,1,2,2,250,1,2,4,,2024-04-17 20:11
1474,147402,25,2022,81,2,1,872,2022m2,2,941,1,3,2,2,27,2,2,4,,2024-04-17 20:11
1475,147501,25,2022,73,2,2,472,1997m11,4,521,2,2,2,1,50,,3,4,,2024-04-17 20:11
1475,147504,25,2022,71,2,1,969,2015m11,2,429,1,2,2,2,180,2,2,4,,2024-04-17 20:11
1476,147601,25,2022,54,5,2,464,2014m2,4,521,2,2,2,1,340,,2,4,,2024-04-17 20:11
1476,147602,25,2022,50,3,3,303,2020m11,5,854,2,2,2,2,,,2,4,,2024-04-17 20:11
1476,147603,25,2022,25,4,,,,,,,1,2,1,,,,4,,2024-04-17 20:11
1476,147604,25,2022,22,4,,,,,,,1,2,2,,,,4,,2024-04-17 20:11
1478,147801,25,2022,63,3,,,,,,,2,2,1,,,,4,,2024-04-17 20:11
1478,147802,25,2022,57,3,1,561,2013m10,3,442,1,2,2,2,200,2,3,4,,2024-04-17 20:11
1478,147803,25,2022,32,6,1,529,2021m7,1,312,1,1,2,1,230,1,3,5,,2024-04-17 20:11
1478,147804,25,2022,27,6,,,,,,,1,2,1,,,,4,,2024-04-17 20:11
1480,148001,25,2022,73,2,1,311,2020m1,2,743,1,2,2,1,250,2,3,4,,2024-04-17 20:11
1480,148002,25,2022,67,2,,,,,,,2,2,2,,,,4,,2024-04-17 20:11
8328,148003,25,2022,43,6,1,264,2013m3,1,285,1,1,8,1,500,1,3,3,,2024-04-17 20:11
9963,148004,25,2022,41,5,1,844,2019m3,1,411,1,1,2,1,210,1,2,5,,2024-04-17 20:11
1482,148201,25,2022,50,6,,,,,,,1,15,1,,,,5,,2024-04-17 20:11
8055,148301,25,2022,54,6,2,551,2021m9,4,432,2,2,2,1,500,,2,4,,2024-04-17 20:11
1483,148302,25,2022,54,6,1,852,2021m3,2,252,1,3,1,2,380,2,2,4,,2024-04-17 20:11
1483,148303,25,2022,27,6,1,856,2018m2,1,286,1,1,1,2,200,1,3,4,,2024-04-17 20:11
1483,148304,25,2022,20,4,,,,,,,1,1,2,,,,4,,2024-04-17 20:11
1484,148401,25,2022,86,3,,,,,,,2,2,1,,,,4,,2024-04-17 20:11
1484,148402,25,2022,85,2,,,,,,,2,2,2,,,,4,,2024-04-17 20:11
1485,148501,25,2022,68,2,,,,,,,2,2,1,,,,5,,2024-04-17 20:11
1485,148502,25,2022,65,2,1,872,2020m10,2,421,1,2,2,2,70,2,3,5,,2024-04-17 20:11
7153,148503,25,2022,42,6,1,649,2020m8,1,320,1,2,15,1,450,1,2,4,,2024-04-17 20:11
8510,148504,25,2022,40,3,,,,,,,2,2,2,,,,5,,2024-04-17 20:11
1486,148601,25,2022,69,2,,,,,,,2,2,1,,,,4,,2024-04-17 20:11
1486,148602,25,2022,66,2,,,,,,,2,2,2,,,,4,,2024-04-17 20:11
9197,148603,25,2022,35,6,2,562,2020m10,4,441,2,2,2,2,100,,2,4,,2024-04-17 20:11
1487,148701,25,2022,73,2,,,,,,,2,2,1,,,,4,,2024-04-17 20:11
1487,148702,25,2022,71,2,2,472,2018m6,4,521,2,2,2,2,100,,2,4,,2024-04-17 20:11
7944,148704,25,2022,43,6,1,721,2005m9,1,235,1,1,2,2,300,1,3,4,,2024-04-17 20:11
9380,148705,25,2022,41,4,2,479,2018m11,4,531,2,2,15,1,350,,2,4,,2024-04-17 20:11
7008,148803,25,2022,48,5,1,463,2000m12,1,312,1,2,14,1,453,1,3,4,,2024-04-17 20:11
1488,148804,25,2022,44,3,1,651,2015m4,1,510,1,2,2,1,150,2,3,6,,2024-04-17 20:11
1488,148805,25,2022,26,3,1,872,2022m4,2,314,1,2,2,2,60,2,2,6,,2024-04-17 20:11
1490,149001,25,2022,75,3,,,,,,,2,2,1,,,,4,,2024-04-17 20:11
1490,149002,25,2022,74,2,,,,,,,2,2,2,,,,4,,2024-04-17 20:11
8841,149005,25,2022,41,5,,,,,,,2,2,2,,,,4,,2024-04-17 20:11
1491,149101,25,2022,60,3,1,424,2011m1,3,783,1,3,2,1,320,2,3,5,,2024-04-17 20:11
7590,149102,25,2022,54,3,1,474,2010m3,2,521,1,3,2,2,200,2,2,5,,2024-04-17 20:11
9615,149103,25,2022,30,3,,,,,,,2,2,2,,,,4,,2024-04-17 20:11
5127,149203,25,2022,54,3,1,463,2000m4,2,875,1,2,2,1,330,2,2,4,,2024-04-17 20:11
5127,149204,25,2022,53,3,,,,,,,2,2,2,,,,4,,2024-04-17 20:11
5127,149205,25,2022,25,6,,,,,,,1,2,2,,,,4,,2024-04-17 20:11
1493,149301,25,2022,61,3,2,381,2008m1,4,875,2,2,7,1,130,,3,4,,2024-04-17 20:11
1493,149302,25,2022,53,3,1,872,2022m3,1,421,1,2,7,2,160,1,2,4,,2024-04-17 20:11
9281,149303,25,2022,30,5,1,320,2022m1,1,285,1,2,2,1,300,1,2,4,,2024-04-17 20:11
10313,149304,25,2022,25,6,1,844,2021m8,1,411,1,1,7,1,240,1,2,4,,2024-04-17 20:11
1494,149402,25,2022,65,2,1,751,2021m6,1,941,1,3,2,2,190,2,2,5,,2024-04-17 20:11
5756,149403,25,2022,46,3,1,872,2019m7,2,421,1,2,2,2,125,2,3,4,,2024-04-17 20:11
6406,149404,25,2022,45,3,1,872,2021m2,2,421,1,2,2,2,165,2,3,5,,2024-04-17 20:11
7817,149405,25,2022,43,3,1,424,2016m1,1,783,1,2,2,1,400,1,2,4,,2024-04-17 20:11
1496,149601,25,2022,70,2,1,682,2020m3,2,942,1,2,2,1,190,2,2,3,,2024-04-17 20:11
6364,149604,25,2022,44,5,,,,,,,2,10,2,,,,4,,2024-04-17 20:11
7218,149605,25,2022,42,6,2,259,2005m8,4,312,2,1,2,2,300,,2,4,,2024-04-17 20:11
8329,149606,25,2022,38,6,2,291,2017m1,4,851,2,2,2,1,350,,2,4,,2024-04-17 20:11
1499,149901,25,2022,64,2,1,682,2019m3,1,942,1,2,2,1,215,2,3,4,,2024-04-17 20:11
1499,149904,25,2022,62,2,1,969,2016m9,2,429,1,2,2,2,60,2,3,5,,2024-04-17 20:11
1502,150201,25,2022,70,3,,,,,,,2,2,1,,,,4,,2024-04-17 20:11
1502,150202,25,2022,60,2,2,561,2002m2,4,441,2,2,2,2,1000,,2,4,,2024-04-17 20:11
9616,150203,25,2022,33,4,1,463,2011m4,2,922,1,2,2,1,150,2,2,4,,2024-04-17 20:11
1506,150601,25,2022,63,2,2,969,1997m11,4,429,2,3,2,2,200,,3,5,,2024-04-17 20:11
7447,150603,25,2022,41,3,2,479,2021m8,4,531,2,2,2,2,150,,2,4,,2024-04-17 20:11
7151,150604,25,2022,40,3,1,259,2018m11,1,751,1,2,15,1,250,1,3,5,,2024-04-17 20:11
1510,151002,25,2022,40,6,1,259,2011m8,1,274,1,1,2,1,360,1,3,4,,2024-04-17 20:11
1510,151003,25,2022,38,6,1,320,2007m10,1,312,1,1,2,2,260,1,3,4,,2024-04-17 20:11
1513,151302,25,2022,86,2,,,,,,,2,15,1,,,,5,,2024-04-17 20:11
1513,151303,25,2022,86,2,,,,,,,2,15,2,,,,5,,2024-04-17 20:11
1513,151304,25,2022,55,3,2,423,2005m2,4,762,2,2,15,1,300,,3,5,,2024-04-17 20:11
1513,151305,25,2022,51,3,1,463,2010m2,1,312,1,2,15,2,170,1,3,5,,2024-04-17 20:11
1513,151306,25,2022,25,5,1,952,2020m9,1,751,1,1,15,1,230,1,3,5,,2024-04-17 20:11
1513,151307,25,2022,23,5,,,,,,,1,15,1,,,,5,,2024-04-17 20:11
1514,151401,25,2022,80,6,2,181,1973m12,4,892,2,2,2,1,300,,2,3,,2024-04-17 20:11
1514,151402,25,2022,75,2,,,,,,,2,2,2,,,,4,,2024-04-17 20:11
7138,151404,25,2022,46,6,1,853,2021m2,1,312,1,2,2,1,420,1,2,5,,2024-04-17 20:11
1515,151501,25,2022,75,3,2,761,1993m6,4,522,2,2,2,1,300,,3,4,,2024-04-17 20:11
1515,151502,25,2022,74,3,,,,,,,2,2,2,,,,4,,2024-04-17 20:11
1516,151602,25,2022,75,2,,,,,,,3,2,2,,,,4,,2024-04-17 20:11
1517,151701,25,2022,64,3,1,424,2010m10,3,783,1,2,2,1,250,2,3,4,,2024-04-17 20:11
1517,151702,25,2022,59,3,1,861,2008m12,1,246,1,2,2,2,230,1,3,5,,2024-04-17 20:11
1518,151802,25,2022,87,2,,,,,,,3,2,2,,,,5,,2024-04-17 20:11
9088,151803,25,2022,56,6,1,561,2020m11,2,441,1,2,2,1,250,2,2,6,,2024-04-17 20:11
6109,151804,25,2022,53,3,,,,,,,2,2,2,,,,5,,2024-04-17 20:11
9088,151810,25,2022,44,5,1,851,2021m10,2,941,1,2,2,2,40,2,3,6,,2024-04-17 20:11
1519,151902,25,2022,95,1,,,,,,,3,2,2,,,,4,,2024-04-17 20:11
1520,152001,25,2022,81,2,,,,,,,3,15,1,,,,6,,2024-04-17 20:11
9964,152301,25,2022,56,3,,,,,,,3,2,1,,,,6,,2024-04-17 20:11
6540,152302,25,2022,54,3,1,861,2021m1,1,246,1,3,2,2,190,1,3,5,,2024-04-17 20:11
1523,152303,25,2022,27,3,1,751,2020m9,1,873,1,1,2,1,270,1,3,5,,2024-04-17 20:11
1524,152401,25,2022,70,3,,,,,,,2,2,1,,,,3,,2024-04-17 20:11
1524,152402,25,2022,65,3,,,,,,,2,2,2,,,,3,,2024-04-17 20:11
7448,152403,25,2022,41,6,1,311,2012m12,1,235,1,2,8,1,600,1,2,3,,2024-04-17 20:11
9617,152404,25,2022,39,6,1,551,2008m1,1,442,1,2,2,1,430,1,3,4,,2024-04-17 20:11
1525,152502,25,2022,55,3,,,,,,,2,2,2,,,,5,,2024-04-17 20:11
1525,152503,25,2022,30,6,1,562,2020m9,1,441,1,1,2,2,260,1,3,5,,2024-04-17 20:11
1525,152504,25,2022,26,5,1,474,2019m1,1,521,1,1,2,2,200,1,3,5,,2024-04-17 20:11
8056,152602,25,2022,65,2,1,969,2020m11,1,442,1,3,2,2,200,2,3,5,,2024-04-17 20:11
5296,152604,25,2022,40,3,,,,,,,2,2,2,,,,5,,2024-04-17 20:11
1527,152702,25,2022,79,2,,,,,,,3,2,2,,,,5,,2024-04-17 20:11
5812,152703,25,2022,48,6,1,851,2022m4,2,247,1,2,8,2,55,2,2,3,,2024-04-17 20:11
1527,152704,25,2022,23,4,,,,,,,1,2,2,,,,5,,2024-04-17 20:11
9965,152705,25,2022,25,4,,,,,,,1,7,1,,,,5,,2024-04-17 20:11
1528,152802,25,2022,55,6,,,,,,,3,2,2,,,,5,,2024-04-17 20:11
1528,152805,25,2022,28,6,1,529,2021m2,1,312,1,1,2,1,270,1,2,4,,2024-04-17 20:11
1528,152806,25,2022,19,4,,,,,,,1,2,1,,,,4,,2024-04-17 20:11
5810,153003,25,2022,45,6,1,857,2011m3,2,254,1,2,2,2,230,2,3,3,,2024-04-17 20:11
1531,153101,25,2022,76,6,,,,,,,2,2,1,,,,5,,2024-04-17 20:11
1531,153102,25,2022,70,2,,,,,,,2,2,2,,,,5,,2024-04-17 20:11
5835,153103,25,2022,50,6,,,,,,,2,2,1,,,,4,,2024-04-17 20:11
6952,153105,25,2022,45,6,,,,,,,2,3,2,,,,3,,2024-04-17 20:11
5835,153106,25,2022,49,5,1,562,2021m10,2,441,1,2,2,2,180,2,3,5,,2024-04-17 20:11
1532,153201,25,2022,81,6,,,,,,,2,2,1,,,,3,,2024-04-17 20:11
1532,153202,25,2022,76,6,,,,,,,2,2,2,,,,3,,2024-04-17 20:11
5790,153203,25,2022,49,6,1,292,2015m9,1,312,1,2,1,1,600,1,2,4,,2024-04-17 20:11
1533,153301,25,2022,72,6,,,,,,,2,2,1,,,,3,,2024-04-17 20:11
1533,153302,25,2022,70,3,,,,,,,2,2,2,,,,3,,2024-04-17 20:11
6921,153303,25,2022,45,6,1,360,2005m1,1,237,1,2,2,1,586,1,2,4,,2024-04-17 20:11
7163,153304,25,2022,42,5,1,465,2022m1,1,273,1,2,8,1,320,1,3,5,,2024-04-17 20:11
1534,153402,25,2022,66,2,,,,,,,3,2,2,,,,5,,2024-04-17 20:11
6685,153403,25,2022,43,6,1,611,2004m7,1,320,1,2,2,2,340,1,2,5,,2024-04-17 20:11
7591,153404,25,2022,41,6,1,861,2014m4,1,312,1,2,8,1,600,1,2,4,,2024-04-17 20:11
1535,153501,25,2022,66,2,,,,,,,3,2,1,,,,6,,2024-04-17 20:11
7818,153502,25,2022,62,2,1,742,2022m3,1,941,1,3,11,2,143,2,2,3,,2024-04-17 20:11
6306,153503,25,2022,42,4,2,529,2022m1,4,873,2,2,1,1,300,,2,3,,2024-04-17 20:11
9520,153504,25,2022,38,4,1,852,2017m5,2,254,1,2,11,2,300,2,2,3,,2024-04-17 20:11
1536,153601,25,2022,74,2,3,479,1986m3,5,532,2,2,2,1,,,3,5,,2024-04-17 20:11
1536,153602,25,2022,69,2,2,479,1986m3,4,532,2,2,2,2,150,,3,5,,2024-04-17 20:11
7592,153604,25,2022,44,6,1,641,2003m12,1,320,1,1,2,1,1000,1,2,3,,2024-04-17 20:11
1537,153701,25,2022,87,6,,,,,,,2,15,1,,,,5,,2024-04-17 20:11
1537,153702,25,2022,81,6,,,,,,,2,15,2,,,,4,,2024-04-17 20:11
5122,153703,25,2022,50,6,2,855,2003m4,4,254,2,2,15,2,400,,3,4,,2024-04-17 20:11
6815,153804,25,2022,42,5,,,,,,,2,2,1,,,,5,,2024-04-17 20:11
6392,154003,25,2022,47,6,1,421,2010m11,1,312,1,2,2,1,400,1,3,5,,2024-04-17 20:11
1541,154101,25,2022,64,3,2,529,2003m9,4,312,2,2,2,1,250,,3,4,,2024-04-17 20:11
1541,154102,25,2022,64,3,1,851,2017m4,3,952,1,2,2,2,40,2,3,4,,2024-04-17 20:11
9618,154103,25,2022,35,6,1,521,2014m2,1,312,1,2,8,2,420,1,2,3,,2024-04-17 20:11
10050,154104,25,2022,34,6,1,651,2017m1,1,132,1,2,2,1,730,1,2,4,,2024-04-17 20:11
1542,154201,25,2022,70,2,,,,,,,2,2,1,,,,5,,2024-04-17 20:11
1542,154202,25,2022,69,2,,,,,,,2,2,2,,,,4,,2024-04-17 20:11
1544,154401,25,2022,68,3,1,682,2022m2,2,783,1,2,2,1,160,2,3,4,,2024-04-17 20:11
1544,154402,25,2022,67,3,,,,,,,2,2,2,,,,4,,2024-04-17 20:11
8330,154403,25,2022,40,6,1,712,2018m1,1,313,1,2,2,2,100,2,3,4,,2024-04-17 20:11
9966,154404,25,2022,38,6,1,511,2011m6,1,431,1,2,1,1,550,1,2,4,,2024-04-17 20:11
1545,154501,25,2022,65,2,,,,,,,2,2,1,,,,4,,2024-04-17 20:11
1545,154502,25,2022,65,2,,,,,,,2,2,2,,,,4,,2024-04-17 20:11
8630,154503,25,2022,42,6,,,,,,,2,2,2,,,,4,,2024-04-17 20:11
8631,154504,25,2022,40,5,1,423,2007m8,1,772,1,2,2,1,330,1,3,4,,2024-04-17 20:11
1547,154702,25,2022,87,2,,,,,,,3,2,2,,,,6,,2024-04-17 20:11
1548,154801,25,2022,75,3,2,651,1990m6,4,510,2,2,2,1,200,,3,4,,2024-04-17 20:11
1548,154802,25,2022,76,3,,,,,,,2,2,2,,,,5,,2024-04-17 20:11
6280,154803,25,2022,51,3,1,285,1990m4,1,863,1,2,2,1,320,1,3,4,,2024-04-17 20:11
6279,154804,25,2022,49,5,1,319,2004m10,1,832,1,2,15,1,450,1,3,5,,2024-04-17 20:11
1550,155001,25,2022,68,2,1,477,2017m6,1,953,1,2,2,1,200,1,3,4,,2024-04-17 20:11
1550,155002,25,2022,65,2,,,,,,,2,2,2,,,,4,,2024-04-17 20:11
7011,155004,25,2022,42,5,2,477,2015m5,4,313,2,2,2,1,500,,3,4,,2024-04-17 20:11
1551,155101,25,2022,67,3,2,912,2002m8,4,432,2,2,2,1,,,4,4,,2024-04-17 20:11
1551,155102,25,2022,65,3,3,912,2002m8,5,432,2,2,2,2,,,3,4,,2024-04-17 20:11
1551,155103,25,2022,39,6,,,,,,,1,2,1,,,,4,,2024-04-17 20:11
1552,155202,25,2022,88,6,,,,,,,3,2,2,,,,5,,2024-04-17 20:11
1553,155301,25,2022,62,5,,,,,,,2,2,1,,,,4,,2024-04-17 20:11
1553,155302,25,2022,60,3,,,,,,,2,2,2,,,,3,,2024-04-17 20:11
1553,155303,25,2022,33,6,1,861,2022m7,1,246,1,1,2,2,215,1,3,4,,2024-04-17 20:11
1553,155304,25,2022,30,3,,,,,,,1,2,1,,,,4,,2024-04-17 20:11
1553,155305,25,2022,22,4,,,,,,,1,2,2,,,,4,,2024-04-17 20:11
1554,155401,25,2022,66,6,2,493,2012m3,4,875,2,2,15,1,350,,2,4,,2024-04-17 20:11
1554,155402,25,2022,64,3,,,,,,,2,15,2,,,,4,,2024-04-17 20:11
9967,155404,25,2022,35,6,,,,,,,2,2,2,,,,4,,2024-04-17 20:11
1555,155501,25,2022,67,3,1,411,1977m3,3,782,1,2,2,1,150,2,3,5,,2024-04-17 20:11
1555,155502,25,2022,64,2,2,479,2003m6,4,532,2,2,2,2,100,,3,4,,2024-04-17 20:11
1555,155503,25,2022,39,6,1,221,2011m2,1,832,1,1,2,1,300,1,3,4,,2024-04-17 20:11
1556,155601,25,2022,92,2,,,,,,,3,2,2,,,,6,,2024-04-17 20:11
1556,155602,25,2022,63,2,,,,,,,3,2,1,,,,6,,2024-04-17 20:11
7182,155703,25,2022,45,6,1,493,2018m3,1,873,1,3,2,1,330,1,3,4,,2024-04-17 20:11
1558,155802,25,2022,77,6,1,463,2013m6,1,312,1,2,2,1,400,2,2,3,,2024-04-17 20:11
1558,155803,25,2022,71,6,1,463,2015m1,1,313,1,2,2,2,450,2,2,3,,2024-04-17 20:11
1559,155902,25,2022,78,2,,,,,,,2,2,2,,,,5,,2024-04-17 20:11
1560,156002,25,2022,77,2,,,,,,,3,2,2,,,,5,,2024-04-17 20:11
1562,156201,25,2022,75,6,,,,,,,2,2,1,,,,4,,2024-04-17 20:11
1562,156202,25,2022,72,6,,,,,,,2,2,2,,,,5,,2024-04-17 20:11
1562,156205,25,2022,49,3,,,,,,,1,2,2,,,,4,,2024-04-17 20:11
1563,156302,25,2022,74,2,,,,,,,3,2,2,,,,4,,2024-04-17 20:11
5611,156303,25,2022,47,3,1,651,1994m4,1,312,1,2,2,2,300,1,2,4,,2024-04-17 20:11
7594,156304,25,2022,45,6,1,292,2009m10,1,235,1,2,15,1,550,1,2,3,,2024-04-17 20:11
1563,156305,25,2022,43,5,1,233,2007m5,1,783,1,1,2,1,200,1,3,4,,2024-04-17 20:11
6609,156404,25,2022,54,3,1,493,2003m3,1,873,1,1,2,1,260,2,3,5,,2024-04-17 20:11
9521,156405,25,2022,35,4,1,493,2022m3,1,312,1,2,2,2,243,1,3,5,,2024-04-17 20:11
7819,156407,25,2022,61,2,1,561,2008m7,1,952,1,3,2,2,150,2,3,5,,2024-04-17 20:11
7819,156408,25,2022,23,4,,,,,,,1,2,1,,,,5,,2024-04-17 20:11
1566,156601,25,2022,48,6,2,591,2019m11,4,288,2,2,1,2,100,,2,4,,2024-04-17 20:11
1566,156602,25,2022,51,6,1,844,1997m3,1,411,1,2,1,1,500,1,2,4,,2024-04-17 20:11
1566,156603,25,2022,17,2,,,,,,,1,1,2,,,,4,,2024-04-17 20:11
1568,156801,25,2022,77,2,,,,,,,2,2,1,,,,5,,2024-04-17 20:11
1568,156802,25,2022,73,2,1,424,2008m3,3,910,1,2,2,2,100,2,3,5,,2024-04-17 20:11
7449,156803,25,2022,41,3,1,682,2017m3,1,312,1,2,2,2,170,2,3,4,,2024-04-17 20:11
1568,156804,25,2022,39,5,1,501,2017m5,1,312,1,1,2,2,180,1,3,5,,2024-04-17 20:11
9619,156805,25,2022,38,2,1,411,2017m5,3,782,1,2,2,1,300,2,3,5,,2024-04-17 20:11
1570,157001,25,2022,66,2,2,292,2004m5,4,851,2,2,2,1,200,,2,5,,2024-04-17 20:11
1570,157002,25,2022,65,2,3,242,2013m1,5,851,2,2,2,2,,,3,5,,2024-04-17 20:11
6737,157003,25,2022,46,6,1,221,2004m5,1,832,1,2,2,1,340,1,3,5,,2024-04-17 20:11
9282,157005,25,2022,62,2,1,241,2004m5,1,851,1,1,2,1,80,2,3,5,,2024-04-17 20:11
1571,157101,25,2022,69,2,1,751,2015m2,1,942,1,2,2,1,150,2,3,5,,2024-04-17 20:11
1571,157102,25,2022,67,2,,,,,,,2,2,2,,,,5,,2024-04-17 20:11
6105,157103,25,2022,41,3,,,,,,,3,2,2,,,,5,,2024-04-17 20:11
8746,157104,25,2022,39,3,,,,,,,1,2,1,,,,6,,2024-04-17 20:11
1572,157201,25,2022,70,2,,,,,,,2,2,1,,,,5,,2024-04-17 20:11
1572,157202,25,2022,65,2,,,,,,,2,2,2,,,,5,,2024-04-17 20:11
7820,157203,25,2022,40,5,,,,,,,2,1,2,,,,5,,2024-04-17 20:11
9809,157204,25,2022,39,3,1,466,2019m1,1,922,1,2,2,1,250,1,3,4,,2024-04-17 20:11
1575,157501,25,2022,60,3,1,421,2021m2,2,875,1,2,2,1,300,2,3,4,,2024-04-17 20:11
1575,157502,25,2022,58,2,,,,,,,2,2,2,,,,4,,2024-04-17 20:11
10131,157503,25,2022,32,6,1,949,2020m1,1,312,1,2,2,2,200,1,2,4,,2024-04-17 20:11
1575,157504,25,2022,29,6,1,582,2022m3,1,222,1,1,2,1,380,1,2,4,,2024-04-17 20:11
1577,157701,25,2022,68,2,,,,,,,2,2,1,,,,6,,2024-04-17 20:11
1577,157702,25,2022,68,2,1,911,2020m9,2,941,1,2,2,2,120,2,4,5,,2024-04-17 20:11
9470,157704,25,2022,41,5,1,262,2003m8,1,864,1,1,2,1,500,1,2,5,,2024-04-17 20:11
1578,157801,25,2022,83,2,,,,,,,2,2,1,,,,5,,2024-04-17 20:11
1578,157802,25,2022,77,2,,,,,,,2,2,2,,,,5,,2024-04-17 20:11
5297,157803,25,2022,52,5,1,303,2021m11,1,854,1,2,15,1,165,1,3,5,,2024-04-17 20:11
1578,157804,25,2022,47,2,,,,,,,1,2,1,,,,5,,2024-04-17 20:11
1579,157902,25,2022,52,2,1,131,2021m7,1,821,1,3,2,2,180,2,3,6,,2024-04-17 20:11
9471,157903,25,2022,30,3,1,463,2020m4,1,922,1,2,2,1,400,2,3,5,,2024-04-17 20:11
1580,158001,25,2022,64,3,,,,,,,2,2,1,,,,4,,2024-04-17 20:11
1580,158002,25,2022,58,2,1,141,,3,721,1,2,2,2,60,2,3,4,,2024-04-17 20:11
9620,158003,25,2022,35,6,1,641,2012m9,1,320,1,2,2,2,400,1,2,4,,2024-04-17 20:11
10132,158005,25,2022,27,6,1,841,2020m11,1,312,1,1,13,2,220,1,2,5,,2024-04-17 20:11
1581,158101,25,2022,63,2,1,424,2001m3,3,783,1,2,2,1,300,2,3,5,,2024-04-17 20:11
1581,158102,25,2022,58,2,,,,,,,2,2,2,,,,5,,2024-04-17 20:11
8331,158103,25,2022,38,4,,,,,,,2,2,2,,,,5,,2024-04-17 20:11
1582,158201,25,2022,53,3,1,424,2009m8,1,783,1,2,8,1,420,2,2,4,,2024-04-17 20:11
1582,158202,25,2022,56,3,1,471,2016m5,1,521,1,2,8,2,135,2,3,4,,2024-04-17 20:11
1582,158203,25,2022,25,5,,,,,,,1,8,1,,,,4,,2024-04-17 20:11
1583,158301,25,2022,68,3,1,423,2010m11,3,762,1,2,15,1,200,2,3,4,,2024-04-17 20:11
1583,158302,25,2022,60,3,,,,,,,2,15,2,,,,4,,2024-04-17 20:11
9089,158304,25,2022,33,6,1,582,2021m7,1,222,1,1,1,1,200,1,3,5,,2024-04-17 20:11
1585,158501,25,2022,77,2,,,,,,,3,2,1,,,,6,,2024-04-17 20:11
6315,158603,25,2022,69,2,,,,,,,3,15,2,,,,6,,2024-04-17 20:11
1587,158701,25,2022,99,2,,,,,,,2,2,1,,,,4,,2024-04-17 20:11
1587,158702,25,2022,84,2,,,,,,,2,2,2,,,,4,,2024-04-17 20:11
1588,158802,25,2022,72,2,,,,,,,3,2,2,,,,6,,2024-04-17 20:11
5286,158803,25,2022,47,3,2,562,2019m5,4,441,2,2,7,2,,,3,5,,2024-04-17 20:11
1588,158804,25,2022,44,3,2,961,2008m3,4,422,2,3,2,2,250,,3,5,,2024-04-17 20:11
6876,158805,25,2022,42,6,2,961,2020m6,4,422,2,2,14,2,150,,3,4,,2024-04-17 20:11
1590,159002,25,2022,59,3,3,239,2005m3,5,784,2,2,2,2,,,2,3,,2024-04-17 20:11
1590,159003,25,2022,34,6,1,239,2017m6,1,784,1,1,2,1,300,1,3,4,,2024-04-17 20:11
1590,159004,25,2022,31,6,1,239,2021m8,1,843,1,1,2,1,250,1,2,4,,2024-04-17 20:11
1592,159201,25,2022,62,6,,,,,,,2,3,1,,,,4,,2024-04-17 20:11
1592,159202,25,2022,58,5,1,851,2018m8,1,441,1,2,3,2,205,2,2,3,,2024-04-17 20:11
8747,159203,25,2022,32,6,1,851,2013m3,1,252,1,2,3,2,,1,2,3,,2024-04-17 20:11
9347,159204,25,2022,31,5,1,861,2016m1,1,243,1,2,3,2,,1,2,4,,2024-04-17 20:11
10133,159205,25,2022,28,5,1,852,2021m3,1,252,1,1,7,1,250,2,2,5,,2024-04-17 20:11
1593,159301,25,2022,58,3,,,,,,,2,2,1,,,,4,,2024-04-17 20:11
1593,159302,25,2022,53,3,,,,,,,2,2,2,,,,4,,2024-04-17 20:11
1593,159303,25,2022,26,5,1,861,2019m5,1,,1,1,2,2,200,1,2,4,,2024-04-17 20:11
1596,159602,25,2022,67,2,1,861,2021m1,2,941,1,3,15,2,140,2,3,5,,2024-04-17 20:11
1596,159603,25,2022,45,3,,,,,,,3,15,2,,,,5,,2024-04-17 20:11
8057,159604,25,2022,40,5,2,465,2020m6,4,521,2,2,15,1,500,,3,4,,2024-04-17 20:11
8057,159605,25,2022,38,3,,,,,,,2,15,2,,,,3,,2024-04-17 20:11
1598,159802,25,2022,70,3,,,,,,,3,15,2,,,,5,,2024-04-17 20:11
8511,159803,25,2022,40,5,1,732,2009m9,1,285,1,2,2,1,320,1,3,4,,2024-04-17 20:11
8058,159804,25,2022,38,5,1,292,2011m9,1,853,1,2,15,1,360,1,3,4,,2024-04-17 20:11
1599,159901,25,2022,70,3,2,711,2019m10,4,330,2,2,2,1,200,,4,4,,2024-04-17 20:11
1599,159902,25,2022,66,2,,,,,,,2,2,2,,,,4,,2024-04-17 20:11
6856,159903,25,2022,43,6,2,855,2020m6,4,254,2,2,2,2,150,,4,4,,2024-04-17 20:11
7821,159904,25,2022,42,6,1,412,2005m11,1,235,1,2,8,1,500,1,2,4,,2024-04-17 20:11
8332,159905,25,2022,37,5,,,,,,,2,15,2,,,,4,,2024-04-17 20:11
1601,160101,25,2022,55,2,2,952,2007m5,4,751,2,2,8,1,400,,4,5,,2024-04-17 20:11
1601,160102,25,2022,57,3,,,,,,,2,8,2,,,,6,,2024-04-17 20:11
1601,160103,25,2022,28,5,1,212,2019m3,1,211,1,1,8,1,270,1,2,5,,2024-04-17 20:11
1601,160104,25,2022,25,3,,,,,,,1,8,1,,,,5,,2024-04-17 20:11
1602,160201,25,2022,74,3,,,,,,,3,15,2,,,,5,,2024-04-17 20:11
9883,160202,25,2022,50,5,1,181,2021m1,1,892,1,2,8,1,320,1,3,4,,2024-04-17 20:11
8199,160203,25,2022,48,6,1,351,2003m3,1,312,1,2,8,1,380,1,3,3,,2024-04-17 20:11
9883,160206,25,2022,44,6,,,,,,,2,8,2,,,,3,,2024-04-17 20:11
1603,160302,25,2022,72,2,1,561,2021m2,1,441,1,3,15,2,160,1,2,4,,2024-04-17 20:11
1604,160401,25,2022,74,2,,,,,,,2,2,1,,,,5,,2024-04-17 20:11
1604,160402,25,2022,75,2,,,,,,,2,2,2,,,,5,,2024-04-17 20:11
9003,160403,25,2022,38,6,1,851,2021m10,2,952,1,2,2,2,60,2,3,4,,2024-04-17 20:11
1605,160501,25,2022,75,2,,,,,,,2,2,1,,,,4,,2024-04-17 20:11
1605,160502,25,2022,68,2,,,,,,,2,2,2,,,,4,,2024-04-17 20:11
6130,160503,25,2022,45,3,1,561,2021m3,2,952,1,2,2,2,80,2,3,5,,2024-04-17 20:11
8333,160504,25,2022,42,3,,,,,,,2,2,2,,,,4,,2024-04-17 20:11
1605,160505,25,2022,39,3,1,561,2018m10,1,521,1,1,2,2,250,1,2,4,,2024-04-17 20:11
1605,160506,25,2022,37,6,1,855,2020m1,2,254,1,1,2,2,200,2,2,4,,2024-04-17 20:11
1606,160601,25,2022,69,3,1,411,2019m4,3,782,1,2,15,1,320,2,2,4,,2024-04-17 20:11
1606,160602,25,2022,67,3,,,,,,,2,15,2,,,,4,,2024-04-17 20:11
7161,160603,25,2022,44,3,1,561,2020m10,2,442,1,2,15,2,100,2,2,4,,2024-04-17 20:11
1606,160604,25,2022,42,2,,,,,,,1,15,1,,,,5,,2024-04-17 20:11
1607,160701,25,2022,67,3,,,,,,,3,2,1,,,,5,,2024-04-17 20:11
7822,160702,25,2022,39,5,,,,,,,2,15,2,,,,4,,2024-04-17 20:11
1609,160902,25,2022,74,2,,,,,,,3,2,2,,,,5,,2024-04-17 20:11
5487,160903,25,2022,50,3,2,262,2000m10,4,235,2,2,7,1,600,,2,4,,2024-04-17 20:11
10314,160904,25,2022,48,5,2,303,2010m8,4,312,2,1,14,1,500,,2,3,,2024-04-17 20:11
1610,161001,25,2022,63,5,2,952,1992m10,4,751,2,2,2,1,900,,1,3,,2024-04-17 20:11
1610,161002,25,2022,61,2,1,651,2021m6,1,313,1,2,2,2,100,1,2,3,,2024-04-17 20:11
8512,161003,25,2022,37,5,2,952,2019m1,4,751,2,2,15,1,120,,4,3,,2024-04-17 20:11
9198,161004,25,2022,34,6,1,101,2019m2,1,510,1,2,2,1,250,1,3,4,,2024-04-17 20:11
1611,161101,25,2022,67,2,1,841,2022m2,2,941,1,3,2,2,215,2,3,5,,2024-04-17 20:11
9968,161102,25,2022,58,2,,,,,,,3,15,1,,,,6,,2024-04-17 20:11
7327,161401,25,2022,77,2,1,753,2019m4,2,942,1,3,2,1,80,2,1,6,,2024-04-17 20:11
5887,161404,25,2022,50,2,2,426,2017m1,4,875,2,2,2,1,300,,3,5,,2024-04-17 20:11
1617,161701,25,2022,61,6,1,853,2018m9,1,251,1,2,2,1,280,2,2,3,,2024-04-17 20:11
1617,161702,25,2022,55,6,,,,,,,2,2,2,,,,4,,2024-04-17 20:11
1618,161801,25,2022,66,4,1,682,2016m7,2,274,1,2,2,1,100,2,2,5,,2024-04-17 20:11
1618,161802,25,2022,60,3,1,472,2019m9,1,521,1,2,2,2,200,1,3,4,,2024-04-17 20:11
1618,161804,25,2022,30,1,,,,,,,1,2,1,,,,5,,2024-04-17 20:11
1619,161901,25,2022,76,3,,,,,,,2,2,1,,,,4,,2024-04-17 20:11
1619,161902,25,2022,70,2,,,,,,,2,2,2,,,,4,,2024-04-17 20:11
5161,161903,25,2022,49,6,1,511,1999m10,1,392,1,2,5,2,360,1,3,4,,2024-04-17 20:11
1620,162001,25,2022,63,2,2,471,2018m10,4,521,2,2,2,1,300,,2,4,,2024-04-17 20:11
1620,162002,25,2022,59,2,2,561,2019m1,4,521,2,2,2,2,400,,3,4,,2024-04-17 20:11
1620,162004,25,2022,32,6,1,471,2021m11,1,521,1,1,2,1,250,1,3,4,,2024-04-17 20:11
1621,162101,25,2022,71,2,,,,,,,2,2,1,,,,4,,2024-04-17 20:11
1621,162102,25,2022,62,2,,,,,,,2,2,2,,,,3,,2024-04-17 20:11
1621,162103,25,2022,30,6,1,949,2017m4,1,224,1,1,2,2,230,2,3,4,,2024-04-17 20:11
1622,162201,25,2022,74,3,,,,,,,2,2,1,,,,4,,2024-04-17 20:11
1622,162202,25,2022,69,2,,,,,,,2,2,2,,,,5,,2024-04-17 20:11
8059,162204,25,2022,48,5,2,478,2013m1,4,521,2,2,2,1,1500,,2,3,,2024-04-17 20:11
1622,162205,25,2022,45,6,2,869,2018m3,4,245,2,1,2,2,50,,4,4,,2024-04-17 20:11
1623,162301,25,2022,60,3,,,,,,,2,2,1,,,,4,,2024-04-17 20:11
1623,162302,25,2022,56,3,1,471,2011m4,1,521,1,2,2,2,200,1,3,4,,2024-04-17 20:11
10051,162303,25,2022,32,6,1,412,2018m1,1,312,1,1,2,1,375,1,3,4,,2024-04-17 20:11
1625,162501,25,2022,61,3,2,479,2013m5,4,532,2,3,2,2,250,,2,4,,2024-04-17 20:11
8632,162502,25,2022,34,6,,,,,,,2,8,2,,,,4,,2024-04-17 20:11
9969,162503,25,2022,31,5,2,911,2022m5,4,286,2,1,2,1,500,,2,3,,2024-04-17 20:11
1626,162603,25,2022,67,2,,,,,,,3,2,2,,,,5,,2024-04-17 20:11
1626,162605,25,2022,42,6,,,,,,,1,2,1,,,,4,,2024-04-17 20:11
1627,162701,25,2022,64,3,,,,,,,2,2,1,,,,5,,2024-04-17 20:11
1627,162702,25,2022,65,3,2,961,1993m6,4,422,2,2,2,2,100,,2,5,,2024-04-17 20:11
7823,162703,25,2022,39,6,,,,,,,2,16,2,,,,4,,2024-04-17 20:11
7132,162901,25,2022,62,2,1,872,2018m9,1,421,1,2,15,2,200,2,2,3,,2024-04-17 20:11
8294,162903,25,2022,39,3,1,463,2019m9,1,312,1,2,15,2,176,1,3,4,,2024-04-17 20:11
8163,162904,25,2022,35,2,1,911,2020m1,2,432,1,3,15,2,400,2,2,5,,2024-04-17 20:11
1630,163001,25,2022,55,3,2,479,2004m8,4,922,2,3,2,1,960,,2,3,,2024-04-17 20:11
1631,163102,25,2022,67,2,1,141,2021m5,2,721,1,2,2,2,150,2,3,5,,2024-04-17 20:11
7251,163105,25,2022,41,5,1,311,2014m8,1,743,1,2,7,1,375,1,2,4,,2024-04-17 20:11
1632,163201,25,2022,75,2,1,841,2017m4,2,941,1,3,2,2,27,2,3,6,,2024-04-17 20:11
5163,163202,25,2022,52,3,1,291,1998m9,1,753,1,2,2,1,350,1,3,4,,2024-04-17 20:11
6295,163302,25,2022,52,4,,,,,,,3,2,2,,,,5,,2024-04-17 20:11
1634,163401,25,2022,64,3,,,,,,,3,2,1,,,,4,,2024-04-17 20:11
1634,163403,25,2022,33,6,,,,,,,1,2,1,,,,4,,2024-04-17 20:11
1636,163601,25,2022,64,2,1,411,2016m1,3,910,1,3,7,1,50,2,4,6,,2024-04-17 20:11
7946,163602,25,2022,39,3,,,,,,,2,14,1,,,,4,,2024-04-17 20:11
8972,163603,25,2022,37,3,,,,,,,2,14,1,,,,4,,2024-04-17 20:11
1637,163701,25,2022,53,3,1,411,2020m1,3,792,1,2,2,1,350,2,3,6,,2024-04-17 20:11
1637,163702,25,2022,50,3,,,,,,,2,2,2,,,,4,,2024-04-17 20:11
1637,163704,25,2022,19,3,,,,,,,1,2,2,,,,5,,2024-04-17 20:11
1638,163803,25,2022,68,2,3,463,1994m9,5,811,2,2,2,1,,,3,4,,2024-04-17 20:11
1638,163804,25,2022,65,2,2,463,1994m9,4,521,2,2,2,2,200,,3,5,,2024-04-17 20:11
1639,163902,25,2022,66,2,,,,,,,3,2,2,,,,5,,2024-04-17 20:11
5279,163903,25,2022,47,3,1,751,2019m6,1,312,1,2,2,2,260,1,2,5,,2024-04-17 20:11
1639,163904,25,2022,45,5,1,423,2012m7,1,762,1,1,2,1,330,1,3,2,,2024-04-17 20:11
6828,163905,25,2022,42,5,1,472,2018m8,2,953,1,2,2,2,100,2,3,4,,2024-04-17 20:11
1639,163907,25,2022,33,4,2,561,,4,441,2,1,2,1,200,,2,4,,2024-04-17 20:11
1640,164001,25,2022,78,2,,,,,,,3,2,1,,,,6,,2024-04-17 20:11
1641,164101,25,2022,61,2,1,751,2018m4,1,942,1,2,2,1,190,2,3,4,,2024-04-17 20:11
6738,164102,25,2022,52,3,1,132,2015m1,2,721,1,3,2,2,130,2,3,6,,2024-04-17 20:11
9162,164103,25,2022,29,3,1,759,2018m10,1,399,1,1,2,2,275,2,2,5,,2024-04-17 20:11
1641,164105,25,2022,44,3,,,,,,,2,2,2,,,,5,,2024-04-17 20:11
1644,164401,25,2022,78,2,1,753,2016m9,1,942,1,3,2,1,180,2,3,4,,2024-04-17 20:11
6313,164403,25,2022,46,5,1,292,2020m10,1,851,1,2,2,1,360,1,3,4,,2024-04-17 20:11
5277,164404,25,2022,48,3,3,463,2019m10,5,953,2,2,2,2,,,3,4,,2024-04-17 20:11
1645,164501,25,2022,56,6,2,561,2021m2,4,441,2,2,15,1,300,,2,4,,2024-04-17 20:11
1645,164502,25,2022,54,4,2,662,2014m10,4,510,2,2,15,2,400,,2,4,,2024-04-17 20:11
1645,164503,25,2022,25,4,,,,,,,1,15,1,,,,4,,2024-04-17 20:11
1645,164504,25,2022,22,4,,,,,,,1,15,1,,,,4,,2024-04-17 20:11
1646,164601,25,2022,66,4,2,713,2000m10,4,953,2,3,2,1,500,,3,4,,2024-04-17 20:11
5115,164604,25,2022,80,2,,,,,,,3,2,2,,,,6,,2024-04-17 20:11
1647,164701,25,2022,70,6,,,,,,,2,2,1,,,,3,,2024-04-17 20:11
1647,164702,25,2022,65,3,1,969,2013m1,1,429,1,2,2,2,100,2,3,3,,2024-04-17 20:11
1647,164705,25,2022,91,1,,,,,,,3,2,2,,,,4,,2024-04-17 20:11
1649,164901,25,2022,79,2,2,493,1974m5,4,875,2,2,2,1,80,,3,5,,2024-04-17 20:11
1649,164902,25,2022,74,2,,,,,,,2,2,2,,,,5,,2024-04-17 20:11
7824,164903,25,2022,45,5,1,411,2011m4,1,312,1,2,2,1,430,1,3,5,,2024-04-17 20:11
1651,165102,25,2022,84,2,,,,,,,3,2,2,,,,6,,2024-04-17 20:11
7328,165103,25,2022,46,2,1,411,2008m10,3,910,1,1,2,1,170,2,3,6,,2024-04-17 20:11
7598,165104,25,2022,53,2,1,331,2013m7,1,791,1,3,15,1,280,2,3,5,,2024-04-17 20:11
1652,165202,25,2022,71,3,,,,,,,3,2,2,,,,4,,2024-04-17 20:11
9344,165203,25,2022,46,6,2,856,2020m9,4,254,2,3,2,2,200,,3,5,,2024-04-17 20:11
8845,165204,25,2022,43,6,,,,,,,2,7,2,,,,3,,2024-04-17 20:11
8846,165205,25,2022,41,6,,,,,,,2,2,2,,,,3,,2024-04-17 20:11
1654,165401,25,2022,66,3,1,502,2011m2,1,238,1,2,2,1,450,1,2,3,,2024-04-17 20:11
1654,165402,25,2022,64,2,,,,,,,2,2,2,,,,3,,2024-04-17 20:11
1655,165502,25,2022,75,3,,,,,,,3,2,2,,,,3,,2024-04-17 20:11
7267,165503,25,2022,49,6,,,,,,,2,2,2,,,,4,,2024-04-17 20:11
1655,165504,25,2022,52,6,,,,,,,3,2,1,,,,3,,2024-04-17 20:11
1655,165505,25,2022,24,6,,,,,,,1,2,2,,,,3,,2024-04-17 20:11
1656,165601,25,2022,66,3,2,463,2001m1,4,782,2,2,2,1,1000,,2,3,,2024-04-17 20:11
1656,165602,25,2022,62,3,,,,,,,2,2,2,,,,3,,2024-04-17 20:11
1656,165603,25,2022,39,6,,,,,,,1,2,2,,,,4,,2024-04-17 20:11
1656,165604,25,2022,34,6,1,841,2017m3,1,311,1,1,2,2,250,1,2,4,,2024-04-17 20:11
1658,165801,25,2022,81,6,,,,,,,2,2,1,,,,4,,2024-04-17 20:11
1658,165802,25,2022,75,3,,,,,,,2,2,2,,,,4,,2024-04-17 20:11
6741,165804,25,2022,44,6,2,902,2018m12,4,312,2,2,2,1,300,,3,4,,2024-04-17 20:11
1659,165902,25,2022,64,3,1,872,2018m7,2,421,1,3,16,2,100,2,4,4,,2024-04-17 20:11
1660,166002,25,2022,57,3,1,561,2008m10,1,510,1,3,2,2,200,1,3,4,,2024-04-17 20:11
7825,166003,25,2022,36,6,1,872,2021m9,1,312,1,1,1,1,270,1,3,4,,2024-04-17 20:11
9970,166004,25,2022,32,6,1,842,2017m3,1,311,1,2,2,2,275,1,2,4,,2024-04-17 20:11
1662,166201,25,2022,55,3,1,561,2019m8,1,710,1,3,2,1,530,1,2,4,,2024-04-17 20:11
1662,166205,25,2022,85,2,,,,,,,3,2,2,,,,4,,2024-04-17 20:11
1664,166401,25,2022,75,2,,,,,,,2,2,1,,,,4,,2024-04-17 20:11
1664,166402,25,2022,74,2,,,,,,,2,2,2,,,,4,,2024-04-17 20:11
1664,166404,25,2022,42,6,1,424,2021m3,1,783,1,1,2,1,300,1,3,4,,2024-04-17 20:11
1666,166602,25,2022,82,2,,,,,,,3,8,2,,,,5,,2024-04-17 20:11
1667,166701,25,2022,66,2,2,969,1982m4,4,823,2,2,2,1,250,,3,4,,2024-04-17 20:11
1667,166702,25,2022,64,2,3,969,1982m4,5,722,2,2,2,2,,,3,4,,2024-04-17 20:11
1668,166801,25,2022,71,6,,,,,,,2,2,1,,,,3,,2024-04-17 20:11
1668,166802,25,2022,63,6,,,,,,,2,2,2,,,,4,,2024-04-17 20:11
8439,166803,25,2022,38,6,1,478,2019m5,2,242,1,2,2,2,150,2,2,5,,2024-04-17 20:11
1669,166901,25,2022,79,3,,,,,,,2,2,1,,,,4,,2024-04-17 20:11
1669,166902,25,2022,77,2,1,841,2022m2,2,941,1,2,2,2,31,2,2,4,,2024-04-17 20:11
5767,166903,25,2022,48,5,1,422,2015m1,1,313,1,2,2,2,275,1,2,3,,2024-04-17 20:11
8636,166906,25,2022,40,6,,,,,,,2,2,1,,,,4,,2024-04-17 20:11
6180,167002,25,2022,63,6,,,,,,,3,1,2,,,,5,,2024-04-17 20:11
8161,167003,25,2022,38,6,1,108,2022m9,1,312,1,3,1,2,310,1,3,5,,2024-04-17 20:11
6180,167004,25,2022,34,6,1,581,2021m9,1,312,1,1,1,2,300,1,2,5,,2024-04-17 20:11
1672,167201,25,2022,70,3,1,492,2022m1,2,873,1,2,15,1,200,2,3,4,,2024-04-17 20:11
1672,167202,25,2022,67,3,,,,,,,2,15,2,,,,4,,2024-04-17 20:11
7600,167203,25,2022,42,5,1,529,2009m2,1,271,1,2,15,1,330,1,3,4,,2024-04-17 20:11
7826,167204,25,2022,39,6,1,641,2007m3,1,320,1,2,1,2,800,1,2,4,,2024-04-17 20:11
1673,167301,25,2022,64,2,1,682,2022m1,1,762,1,2,2,1,150,1,3,4,,2024-04-17 20:11
1673,167302,25,2022,63,3,1,872,2022m1,1,421,1,2,2,2,160,2,2,4,,2024-04-17 20:11
1674,167401,25,2022,66,2,1,292,2022m2,1,741,1,2,2,1,185,1,3,5,,2024-04-17 20:11
1674,167402,25,2022,56,2,,,,,,,2,2,2,,,,5,,2024-04-17 20:11
7601,167403,25,2022,37,3,2,969,2021m3,4,422,2,2,2,1,200,,2,5,,2024-04-17 20:11
10315,167405,25,2022,26,4,1,465,2022m6,1,312,1,1,1,2,190,1,3,5,,2024-04-17 20:11
7602,167501,25,2022,53,3,,,,,,,2,14,2,,,,6,,2024-04-17 20:11
1675,167502,25,2022,51,2,2,493,2007m3,4,875,2,2,2,1,300,,3,5,,2024-04-17 20:11
6106,167503,25,2022,50,3,1,561,2021m8,1,442,1,2,15,2,107,2,2,4,,2024-04-17 20:11
7827,167504,25,2022,47,3,1,751,2020m10,3,910,1,1,2,1,200,2,3,6,,2024-04-17 20:11
1675,167505,25,2022,50,3,,,,,,,2,2,2,,,,5,,2024-04-17 20:11
1676,167601,25,2022,73,2,,,,,,,2,2,2,,,,4,,2024-04-17 20:11
1676,167602,25,2022,79,2,,,,,,,2,2,1,,,,4,,2024-04-17 20:11
7275,167603,25,2022,46,6,1,721,2020m1,1,231,1,2,19,1,500,1,2,4,,2024-04-17 20:11
8060,167604,25,2022,43,5,,,,,,,2,2,2,,,,3,,2024-04-17 20:11
1677,167701,25,2022,68,2,1,241,2016m5,1,841,1,2,15,1,360,1,2,4,,2024-04-17 20:11
1677,167702,25,2022,65,2,,,,,,,2,15,2,,,,4,,2024-04-17 20:11
1678,167801,25,2022,79,2,,,,,,,3,2,2,,,,5,,2024-04-17 20:11
6742,167803,25,2022,47,6,,,,,,,2,1,2,,,,4,,2024-04-17 20:11
1680,168001,25,2022,60,3,1,311,1999m9,1,743,1,2,15,1,320,1,3,5,,2024-04-17 20:11
1680,168002,25,2022,52,3,1,844,2021m6,2,441,1,2,15,2,112,2,3,5,,2024-04-17 20:11
9472,168003,25,2022,29,5,,,,,,,2,2,2,,,,5,,2024-04-17 20:11
1680,168004,25,2022,27,3,1,562,2022m2,1,441,1,1,15,2,197,1,2,5,,2024-04-17 20:11
1680,168005,25,2022,24,5,,,,,,,1,15,1,,,,5,,2024-04-17 20:11
1682,168201,25,2022,66,2,2,31,2015m5,4,630,2,3,14,1,300,,2,4,,2024-04-17 20:11
1684,168401,25,2022,81,2,,,,,,,3,2,1,,,,6,,2024-04-17 20:11
1685,168501,25,2022,58,6,1,467,2022m1,1,873,1,2,2,1,300,1,2,4,,2024-04-17 20:11
1685,168502,25,2022,54,3,1,841,2016m1,1,941,1,2,2,2,400,1,2,4,,2024-04-17 20:11
1685,168503,25,2022,26,5,,,,,,,1,2,2,,,,4,,2024-04-17 20:11
1685,168504,25,2022,24,5,,,,,,,1,2,1,,,,4,,2024-04-17 20:11
1687,168701,25,2022,58,2,,,,,,,2,2,1,,,,4,,2024-04-17 20:11
1687,168704,25,2022,62,2,2,561,2011m12,4,441,2,2,2,2,250,,2,4,,2024-04-17 20:11
1688,168801,25,2022,62,3,1,467,2021m7,3,941,1,2,2,1,180,2,3,4,,2024-04-17 20:11
1688,168802,25,2022,55,3,1,561,2020m10,1,441,1,2,2,2,120,2,2,4,,2024-04-17 20:11
1688,168803,25,2022,30,5,1,869,2016m2,1,245,1,1,2,2,300,1,2,4,,2024-04-17 20:11
1688,168804,25,2022,28,6,1,841,2022m1,1,314,1,1,2,2,195,2,3,4,,2024-04-17 20:11
1688,168805,25,2022,25,5,1,862,2022m4,1,245,1,1,2,2,170,1,3,4,,2024-04-17 20:11
1689,168901,25,2022,77,2,1,682,2014m12,2,942,1,2,15,1,180,2,2,4,,2024-04-17 20:11
1689,168902,25,2022,73,1,,,,,,,2,15,2,,,,4,,2024-04-17 20:11
1689,168904,25,2022,48,5,1,474,2022m2,1,521,1,1,15,2,200,1,2,4,,2024-04-17 20:11
1690,169001,25,2022,63,3,1,467,2013m8,2,875,1,3,15,1,185,1,2,4,,2024-04-17 20:11
6602,169002,25,2022,63,2,1,102,2022m4,1,710,1,3,2,2,180,2,3,6,,2024-04-17 20:11
6602,169003,25,2022,36,2,,,,,,,1,2,1,,,,6,,2024-04-17 20:11
1691,169101,25,2022,58,3,1,521,1997m8,1,922,1,3,2,1,230,1,3,5,,2024-04-17 20:11
1691,169103,25,2022,24,3,1,262,2022m4,1,863,1,1,2,1,300,1,2,4,,2024-04-17 20:11
10134,169104,25,2022,22,5,1,241,2020m12,1,842,1,1,2,2,210,1,3,6,,2024-04-17 20:11
1695,169501,25,2022,81,6,,,,,,,3,1,1,,,,5,,2024-04-17 20:11
1696,169601,25,2022,83,1,,,,,,,3,2,2,,,,4,,2024-04-17 20:11
1697,169701,25,2022,83,3,,,,,,,3,2,2,,,,5,,2024-04-17 20:11
7013,169702,25,2022,50,6,2,949,2010m12,4,248,2,2,4,1,200,,3,4,,2024-04-17 20:11
1699,169901,25,2022,67,2,1,751,2003m9,2,782,1,2,5,1,300,2,3,4,,2024-04-17 20:11
1699,169902,25,2022,66,2,1,291,2019m2,1,941,1,2,5,2,91,1,2,4,,2024-04-17 20:11
7450,169903,25,2022,41,6,1,561,2019m8,1,244,1,2,5,2,304,1,3,4,,2024-04-17 20:11
8919,169904,25,2022,39,3,1,292,2021m11,1,851,1,2,5,1,402,1,2,4,,2024-04-17 20:11
1703,170301,25,2022,60,2,1,411,1991m8,3,783,1,2,2,1,250,2,3,4,,2024-04-17 20:11
1703,170302,25,2022,58,3,1,471,2012m12,1,521,1,2,2,2,150,2,2,4,,2024-04-17 20:11
1703,170304,25,2022,34,3,1,423,2012m1,3,762,1,1,2,1,240,2,3,5,,2024-04-17 20:11
1704,170401,25,2022,68,2,2,492,2016m4,4,875,2,2,2,1,150,,3,5,,2024-04-17 20:11
1704,170402,25,2022,65,2,,,,,,,2,2,2,,,,4,,2024-04-17 20:11
7829,170403,25,2022,41,6,1,311,2006m1,1,235,1,2,7,1,550,1,2,4,,2024-04-17 20:11
8920,170404,25,2022,39,6,1,311,2016m6,1,854,1,2,7,1,350,1,2,4,,2024-04-17 20:11
1706,170601,25,2022,71,2,,,,,,,3,2,2,,,,4,,2024-04-17 20:11
1707,170701,25,2022,55,3,1,111,2001m6,1,710,1,2,15,1,665,1,2,5,,2024-04-17 20:11
1707,170704,25,2022,49,3,,,,,,,2,15,2,,,,5,,2024-04-17 20:11
1708,170801,25,2022,71,2,2,969,1983m10,4,823,2,2,2,1,80,,3,4,,2024-04-17 20:11
1708,170802,25,2022,67,2,,,,,,,2,2,2,,,,4,,2024-04-17 20:11
8513,170803,25,2022,44,6,2,855,2013m6,4,254,2,2,15,1,500,,2,4,,2024-04-17 20:11
7949,170804,25,2022,41,5,1,729,2008m4,1,236,1,2,7,1,300,1,2,4,,2024-04-17 20:11
1709,170901,25,2022,50,5,1,292,2020m7,1,235,1,2,2,1,580,1,2,4,,2024-04-17 20:11
1710,171001,25,2022,72,3,,,,,,,2,2,1,,,,5,,2024-04-17 20:11
1710,171002,25,2022,62,2,1,861,2020m6,1,421,1,2,2,2,180,1,3,4,,2024-04-17 20:11
1710,171004,25,2022,41,3,,,,,,,1,2,1,,,,4,,2024-04-17 20:11
1712,171201,25,2022,84,2,,,,,,,3,2,2,,,,6,,2024-04-17 20:11
1715,171501,25,2022,73,2,,,,,,,3,2,2,,,,6,,2024-04-17 20:11
1716,171601,25,2022,70,2,,,,,,,1,2,1,,,,6,,2024-04-17 20:11
1717,171701,25,2022,69,2,2,467,2019m1,4,941,2,3,2,1,40,,3,6,,2024-04-17 20:11
9887,171702,25,2022,68,2,,,,,,,3,2,2,,,,4,,2024-04-17 20:11
1718,171801,25,2022,66,2,2,953,2006m7,4,771,2,2,15,1,400,,3,5,,2024-04-17 20:11
1718,171802,25,2022,66,2,2,475,1995m1,4,521,2,2,15,2,150,,3,5,,2024-04-17 20:11
1718,171804,25,2022,41,5,1,953,2014m1,1,771,1,1,15,1,300,1,3,5,,2024-04-17 20:11
1719,171901,25,2022,81,3,,,,,,,2,15,1,,,,6,,2024-04-17 20:11
1719,171902,25,2022,78,2,,,,,,,2,15,2,,,,6,,2024-04-17 20:11
6744,171904,25,2022,53,6,,,,,,,2,8,2,,,,4,,2024-04-17 20:11
7604,171905,25,2022,51,6,1,851,2012m1,1,131,1,2,2,2,360,1,2,5,,2024-04-17 20:11
1724,172401,25,2022,55,3,2,172,2000m2,4,891,2,2,2,1,400,,2,4,,2024-04-17 20:11
1724,172402,25,2022,54,3,3,172,2003m3,5,930,2,2,2,2,,,2,4,,2024-04-17 20:11
9621,172403,25,2022,29,3,1,241,2019m2,1,851,1,3,2,1,250,1,2,5,,2024-04-17 20:11
1724,172404,25,2022,25,3,,,,,,,1,2,2,,,,3,,2024-04-17 20:11
1725,172501,25,2022,72,3,1,872,2021m10,1,421,1,2,2,1,70,2,2,4,,2024-04-17 20:11
1725,172502,25,2022,69,2,1,861,2020m5,1,421,1,2,2,2,190,2,3,4,,2024-04-17 20:11
8061,172503,25,2022,46,5,2,855,2010m2,4,254,2,3,2,2,400,,2,4,,2024-04-17 20:11
8062,172505,25,2022,43,6,1,311,2020m1,1,239,1,2,1,1,600,1,2,5,,2024-04-17 20:11
1725,172506,25,2022,96,1,,,,,,,3,2,2,,,,4,,2024-04-17 20:11
9473,172601,25,2022,62,2,1,561,2021m4,2,441,1,3,2,2,100,2,4,4,,2024-04-17 20:11
1726,172602,25,2022,59,3,1,492,1997m8,1,875,1,3,2,1,400,1,2,4,,2024-04-17 20:11
1728,172801,25,2022,96,1,,,,,,,3,2,1,,,,6,,2024-04-17 20:11
5577,173003,25,2022,62,2,1,492,1993m5,1,875,1,2,15,1,125,2,3,4,,2024-04-17 20:11
1731,173102,25,2022,62,4,,,,,,,3,2,2,,,,5,,2024-04-17 20:11
1731,173103,25,2022,39,3,1,426,2008m3,1,874,1,1,2,1,350,1,3,5,,2024-04-17 20:11
1731,173104,25,2022,37,2,1,651,,1,313,1,1,2,1,350,1,3,5,,2024-04-17 20:11
1732,173202,25,2022,63,2,1,969,2019m8,2,951,1,3,2,2,80,2,2,6,,2024-04-17 20:11
9090,173203,25,2022,39,4,1,466,2021m8,1,312,1,2,15,1,270,1,3,6,,2024-04-17 20:11
9091,173204,25,2022,37,3,1,474,2004m8,1,521,1,2,2,1,270,1,2,5,,2024-04-17 20:11
1734,173401,25,2022,84,2,,,,,,,2,2,1,,,,6,,2024-04-17 20:11
1734,173402,25,2022,78,2,,,,,,,2,2,2,,,,6,,2024-04-17 20:11
1734,173403,25,2022,52,3,2,561,2012m3,4,442,2,1,2,1,350,,3,6,,2024-04-17 20:11
8335,173405,25,2022,47,3,1,561,2012m5,1,441,1,2,2,1,300,1,3,6,,2024-04-17 20:11
1737,173702,25,2022,70,2,,,,,,,3,2,2,,,,5,,2024-04-17 20:11
7451,173703,25,2022,40,6,2,855,2021m3,4,254,2,2,2,2,100,,3,4,,2024-04-17 20:11
1739,173901,25,2022,68,2,1,411,1999m3,3,782,1,2,2,1,200,2,3,6,,2024-04-17 20:11
1739,173902,25,2022,66,2,,,,,,,2,2,2,,,,6,,2024-04-17 20:11
6608,173904,25,2022,44,5,1,311,2003m9,1,762,1,2,7,1,375,1,2,5,,2024-04-17 20:11
1740,174001,25,2022,64,3,1,682,2021m8,2,783,1,2,2,1,180,2,3,6,,2024-04-17 20:11
1740,174002,25,2022,57,3,,,,,,,2,2,2,,,,6,,2024-04-17 20:11
1740,174003,25,2022,32,6,,,,,,,1,2,1,,,,6,,2024-04-17 20:11
10316,174004,25,2022,30,6,1,861,2021m11,1,243,1,2,2,2,210,1,3,5,,2024-04-17 20:11
1741,174101,25,2022,66,3,2,320,1988m3,4,312,2,2,2,1,400,,2,4,,2024-04-17 20:11
1741,174102,25,2022,62,3,3,320,1988m3,5,314,2,2,2,2,,,2,4,,2024-04-17 20:11
7830,174103,25,2022,41,6,2,856,2021m10,4,254,2,2,15,2,200,,3,4,,2024-04-17 20:11
1742,174201,25,2022,70,3,1,844,2022m3,2,412,1,2,15,2,55,2,2,5,,2024-04-17 20:11
1742,174202,25,2022,39,6,1,855,2011m10,1,254,1,1,15,1,300,2,3,5,,2024-04-17 20:11
1742,174203,25,2022,74,3,1,872,2018m8,2,873,1,2,15,1,100,2,3,5,,2024-04-17 20:11
10135,174204,25,2022,43,6,1,855,2021m3,2,254,1,1,15,2,100,2,3,6,,2024-04-17 20:11
1743,174301,25,2022,65,5,2,291,1988m10,4,841,2,2,2,1,300,,2,4,,2024-04-17 20:11
1743,174302,25,2022,61,3,3,259,1988m10,5,851,2,2,2,2,,,2,4,,2024-04-17 20:11
8514,174303,25,2022,37,6,1,852,2012m3,1,252,1,2,2,2,80,1,2,3,,2024-04-17 20:11
9092,174304,25,2022,34,6,1,911,2010m11,2,286,1,1,2,1,150,2,2,6,,2024-04-17 20:11
1744,174401,25,2022,74,2,,,,,,,2,2,1,,,,4,,2024-04-17 20:11
1744,174402,25,2022,68,2,,,,,,,2,2,2,,,,4,,2024-04-17 20:11
1745,174501,25,2022,59,6,2,259,2007m7,4,842,2,2,2,1,500,,2,4,,2024-04-17 20:11
1745,174502,25,2022,57,5,3,259,2016m10,5,313,2,2,2,2,,,2,4,,2024-04-17 20:11
1745,174503,25,2022,29,6,1,651,2016m6,1,311,1,1,2,2,230,1,2,4,,2024-04-17 20:11
1745,174504,25,2022,27,6,1,721,2022m5,1,239,1,1,2,1,220,1,2,4,,2024-04-17 20:11
1746,174601,25,2022,59,2,2,292,1992m4,4,841,2,2,15,1,300,,3,4,,2024-04-17 20:11
1746,174602,25,2022,50,3,,,,,,,2,15,2,,,,4,,2024-04-17 20:11
9201,174603,25,2022,30,4,1,411,2017m9,1,313,1,2,15,2,200,1,2,4,,2024-04-17 20:11
1747,174701,25,2022,56,3,,,,,,,3,1,2,,,,5,,2024-04-17 20:11
1747,174702,25,2022,32,6,,,,,,,1,1,2,,,,5,,2024-04-17 20:11
6353,174803,25,2022,53,5,1,411,2018m4,3,782,1,2,15,1,350,2,4,5,,2024-04-17 20:11
6076,174804,25,2022,53,3,1,291,2019m10,1,851,1,2,15,1,350,1,3,5,,2024-04-17 20:11
1749,174901,25,2022,66,2,2,11,1984m9,4,611,2,3,2,1,20,,2,5,,2024-04-17 20:11
9007,174902,25,2022,64,2,,,,,,,3,2,2,,,,6,,2024-04-17 20:11
1750,175002,25,2022,92,1,,,,,,,3,2,2,,,,6,,2024-04-17 20:11
7453,175101,25,2022,87,1,,,,,,,3,2,2,,,,5,,2024-04-17 20:11
1751,175102,25,2022,70,2,1,852,2019m2,2,942,1,2,2,1,80,2,2,4,,2024-04-17 20:11
1751,175103,25,2022,68,2,,,,,,,2,2,2,,,,4,,2024-04-17 20:11
1751,175104,25,2022,45,2,,,,,,,1,2,2,,,,4,,2024-04-17 20:11
7831,175105,25,2022,43,5,,,,,,,2,2,2,,,,3,,2024-04-17 20:11
8336,175106,25,2022,41,5,,,,,,,2,2,2,,,,4,,2024-04-17 20:11
1751,175107,25,2022,27,5,1,463,2018m4,1,922,1,1,2,1,270,1,2,4,,2024-04-17 20:11
1752,175201,25,2022,77,2,,,,,,,3,2,2,,,,5,,2024-04-17 20:11
1754,175401,25,2022,69,2,1,311,2009m5,3,743,1,2,2,1,260,2,3,3,,2024-04-17 20:11
1754,175402,25,2022,60,2,1,105,2012m5,1,441,1,2,2,2,260,2,2,4,,2024-04-17 20:11
9971,175403,25,2022,35,5,1,291,2017m9,1,851,1,2,2,1,300,1,2,5,,2024-04-17 20:11
1755,175501,25,2022,74,2,2,953,2016m6,4,722,2,2,2,1,100,,3,5,,2024-04-17 20:11
1755,175502,25,2022,69,2,,,,,,,2,2,2,,,,5,,2024-04-17 20:11
6745,175503,25,2022,46,3,,,,,,,2,3,2,,,,3,,2024-04-17 20:11
6577,175504,25,2022,44,5,1,471,2003m5,1,273,1,2,2,1,600,1,3,4,,2024-04-17 20:11
8847,175505,25,2022,41,6,,,,,,,2,2,2,,,,4,,2024-04-17 20:11
1756,175601,25,2022,68,2,2,492,2007m10,4,875,2,2,2,1,200,,2,4,,2024-04-17 20:11
1756,175602,25,2022,63,2,1,862,2014m3,2,710,1,2,2,2,220,2,3,5,,2024-04-17 20:11
7016,175603,25,2022,40,4,2,463,,4,922,2,1,8,1,600,,3,5,,2024-04-17 20:11
1758,175801,25,2022,60,3,1,411,1991m4,1,231,1,2,2,1,400,1,2,5,,2024-04-17 20:11
1758,175802,25,2022,60,2,1,141,2021m11,2,721,1,2,2,2,170,2,3,5,,2024-04-17 20:11
10136,175803,25,2022,33,6,1,152,2018m12,1,312,1,2,2,2,320,1,2,5,,2024-04-17 20:11
9093,175804,25,2022,30,6,1,721,2020m4,1,239,1,2,2,2,270,1,3,5,,2024-04-17 20:11
9810,175805,25,2022,28,6,1,303,2022m5,1,312,1,1,8,1,330,1,2,5,,2024-04-17 20:11
1759,175901,25,2022,62,2,1,171,2006m1,1,874,1,2,7,1,280,2,3,4,,2024-04-17 20:11
1759,175902,25,2022,57,2,1,242,2016m11,1,941,1,2,7,2,160,2,3,4,,2024-04-17 20:11
1759,175903,25,2022,38,5,1,171,2015m9,1,874,1,1,7,1,280,2,3,5,,2024-04-17 20:11
6922,175904,25,2022,37,3,,,,,,,2,14,2,,,,3,,2024-04-17 20:11
1760,176001,25,2022,72,3,1,423,2008m8,3,762,1,2,2,1,150,2,3,5,,2024-04-17 20:11
1760,176002,25,2022,72,2,,,,,,,2,2,2,,,,5,,2024-04-17 20:11
6746,176003,25,2022,46,6,2,911,2022m5,4,783,2,2,2,1,250,,2,4,,2024-04-17 20:11
1762,176202,25,2022,82,2,,,,,,,3,2,2,,,,5,,2024-04-17 20:11
6363,176203,25,2022,49,6,1,841,2004m1,1,311,1,2,8,1,410,1,2,3,,2024-04-17 20:11
7331,176204,25,2022,46,6,1,841,2007m4,1,311,1,2,1,2,350,1,3,4,,2024-04-17 20:11
1763,176301,25,2022,60,6,1,303,2020m9,1,313,1,2,2,1,300,2,2,4,,2024-04-17 20:11
1763,176302,25,2022,56,6,1,841,1990m10,1,262,1,2,2,2,580,1,2,4,,2024-04-17 20:11
1763,176303,25,2022,29,6,1,844,2021m12,1,311,1,1,2,2,185,1,2,4,,2024-04-17 20:11
1763,176304,25,2022,26,4,,,,,,,1,2,2,,,,4,,2024-04-17 20:11
1764,176401,25,2022,78,2,,,,,,,3,15,2,,,,4,,2024-04-17 20:11
5012,176402,25,2022,53,5,2,494,2019m1,4,922,2,1,15,1,150,,4,6,,2024-04-17 20:11
1767,176701,25,2022,58,6,1,641,2016m1,1,412,1,2,2,1,330,2,3,4,,2024-04-17 20:11
1767,176702,25,2022,54,5,1,861,1989m6,1,320,1,2,2,2,600,1,3,4,,2024-04-17 20:11
1767,176703,25,2022,26,6,1,861,2020m4,1,243,1,1,2,2,330,1,2,4,,2024-04-17 20:11
1767,176704,25,2022,22,4,1,471,2019m1,2,521,1,1,2,2,38,2,3,4,,2024-04-17 20:11
1768,176803,25,2022,64,6,2,759,2007m10,4,753,2,2,15,1,300,,3,4,,2024-04-17 20:11
1768,176805,25,2022,63,6,,,,,,,2,15,2,,,,4,,2024-04-17 20:11
1769,176901,25,2022,65,4,1,423,2021m3,1,234,1,2,2,1,400,2,2,3,,2024-04-17 20:11
1769,176902,25,2022,65,3,2,651,1993m6,4,510,2,2,2,2,400,,3,3,,2024-04-17 20:11
8064,176903,25,2022,42,6,1,451,2007m3,1,510,1,2,2,1,750,1,2,3,,2024-04-17 20:11
7454,176904,25,2022,40,6,1,412,2010m11,1,312,1,2,1,2,750,1,2,3,,2024-04-17 20:11
9543,176905,25,2022,38,6,1,855,2015m3,1,254,1,2,8,1,300,1,2,3,,2024-04-17 20:11
1770,177001,25,2022,58,6,1,451,1994m9,1,510,1,2,2,1,750,1,2,4,,2024-04-17 20:11
1770,177002,25,2022,50,3,,,,,,,2,2,2,,,,4,,2024-04-17 20:11
1770,177003,25,2022,23,4,,,,,,,1,2,1,,,,4,,2024-04-17 20:11
1770,177004,25,2022,21,4,,,,,,,1,2,1,,,,4,,2024-04-17 20:11
1771,177101,25,2022,67,3,2,423,1995m11,4,141,2,2,2,1,550,,2,3,,2024-04-17 20:11
1771,177102,25,2022,56,3,,,,,,,2,2,2,,,,3,,2024-04-17 20:11
5030,177404,25,2022,52,6,1,411,2016m5,1,141,1,2,8,1,700,1,2,3,,2024-04-17 20:11
1778,177802,25,2022,57,3,1,861,2014m4,1,441,1,3,2,2,270,1,3,5,,2024-04-17 20:11
9622,177803,25,2022,36,6,1,529,2012m5,1,312,1,2,15,2,350,1,3,4,,2024-04-17 20:11
9623,177804,25,2022,34,6,1,651,2013m1,1,311,1,3,2,2,400,1,2,5,,2024-04-17 20:11
1778,177805,25,2022,31,6,1,844,2019m6,1,411,1,1,2,1,300,1,2,5,,2024-04-17 20:11
1779,177902,25,2022,63,2,2,151,1997m12,4,721,2,2,2,2,600,,2,5,,2024-04-17 20:11
1779,177903,25,2022,69,2,3,151,1997m12,5,521,2,2,2,1,,,3,5,,2024-04-17 20:11
7455,177904,25,2022,41,5,2,561,2016m10,4,442,2,2,2,2,,,3,4,,2024-04-17 20:11
10137,177906,25,2022,31,6,1,561,2016m12,1,442,1,2,2,1,280,2,2,5,,2024-04-17 20:11
1780,178002,25,2022,63,2,,,,,,,2,2,2,,,,4,,2024-04-17 20:11
9624,178003,25,2022,38,5,2,751,2008m2,4,312,2,2,2,1,800,,3,4,,2024-04-17 20:11
5293,178004,25,2022,41,3,1,969,2021m9,1,,1,2,2,2,180,2,3,4,,2024-04-17 20:11
1780,178005,25,2022,65,3,2,426,2019m3,4,875,2,2,2,1,500,,3,4,,2024-04-17 20:11
1781,178101,25,2022,80,4,,,,,,,2,2,1,,,,4,,2024-04-17 20:11
1781,178102,25,2022,76,2,,,,,,,2,2,2,,,,4,,2024-04-17 20:11
1786,178602,25,2022,85,2,,,,,,,3,2,2,,,,4,,2024-04-17 20:11
9474,178603,25,2022,35,5,,,,,,,2,2,2,,,,4,,2024-04-17 20:11
1787,178702,25,2022,82,6,,,,,,,3,2,2,,,,3,,2024-04-17 20:11
5793,178703,25,2022,45,6,2,855,2012m8,4,254,2,3,2,1,3000,,2,1,,2024-04-17 20:11
1788,178801,25,2022,85,6,,,,,,,2,2,1,,,,2,,2024-04-17 20:11
1788,178802,25,2022,76,6,,,,,,,2,2,2,,,,3,,2024-04-17 20:11
1789,178901,25,2022,61,6,1,751,1998m1,1,313,1,2,2,1,200,1,2,2,,2024-04-17 20:11
1789,178902,25,2022,61,6,1,501,2015m8,1,313,1,2,2,2,200,1,2,2,,2024-04-17 20:11
1789,178903,25,2022,33,6,,,,,,,1,2,1,,,,3,,2024-04-17 20:11
1793,179301,25,2022,72,2,,,,,,,2,2,1,,,,5,,2024-04-17 20:11
1793,179302,25,2022,66,2,1,970,2021m7,2,951,1,2,2,2,160,2,5,5,,2024-04-17 20:11
7456,179303,25,2022,42,6,1,661,2006m12,1,272,1,2,7,1,900,1,2,4,,2024-04-17 20:11
8748,179304,25,2022,40,6,1,551,2020m4,3,,1,3,4,2,200,1,3,3,,2024-04-17 20:11
1794,179401,25,2022,82,6,,,,,,,2,15,1,,,,4,,2024-04-17 20:11
1794,179402,25,2022,76,5,,,,,,,2,15,2,,,,4,,2024-04-17 20:11
6182,179403,25,2022,53,6,1,529,2021m10,1,312,1,2,2,1,250,1,3,4,,2024-04-17 20:11
6864,179404,25,2022,50,6,1,561,2021m9,1,922,1,2,15,1,150,1,3,4,,2024-04-17 20:11
1795,179501,25,2022,80,3,,,,,,,3,2,1,,,,4,,2024-04-17 20:11
1796,179601,25,2022,66,3,1,311,1978m6,1,630,1,2,2,1,250,1,3,4,,2024-04-17 20:11
1796,179602,25,2022,62,2,,,,,,,2,2,2,,,,5,,2024-04-17 20:11
1796,179603,25,2022,35,6,1,423,2014m12,1,235,1,1,2,1,250,1,3,4,,2024-04-17 20:11
9811,179604,25,2022,34,6,,,,,,,2,2,2,,,,4,,2024-04-17 20:11
1798,179801,25,2022,75,3,,,,,,,2,15,1,,,,4,,2024-04-17 20:11
1798,179802,25,2022,69,3,,,,,,,2,15,2,,,,4,,2024-04-17 20:11
6294,179803,25,2022,45,6,1,853,2001m3,1,312,1,2,15,1,300,1,2,5,,2024-04-17 20:11
8065,179804,25,2022,43,6,1,620,2021m4,1,222,1,2,8,1,420,1,3,5,,2024-04-17 20:11
1802,180201,25,2022,89,1,,,,,,,3,2,2,,,,4,,2024-04-17 20:11
1802,180202,25,2022,59,3,,,,,,,3,2,1,,,,4,,2024-04-17 20:11
10317,180203,25,2022,29,6,1,467,2022m3,1,312,1,1,2,2,250,1,3,4,,2024-04-17 20:11
1802,180204,25,2022,27,6,1,476,2021m3,2,521,1,1,2,2,130,2,4,4,,2024-04-17 20:11
1802,180205,25,2022,25,5,,,,,,,1,2,1,,,,4,,2024-04-17 20:11
1803,180301,25,2022,66,3,2,562,1996m8,4,441,2,3,2,2,150,,4,5,,2024-04-17 20:11
8066,180302,25,2022,41,5,1,422,2022m1,2,792,1,2,14,1,600,2,3,4,,2024-04-17 20:11
1804,180401,25,2022,75,1,,,,,,,3,2,2,,,,5,,2024-04-17 20:11
1805,180501,25,2022,68,2,,,,,,,3,13,2,,,,4,,2024-04-17 20:11
7773,180502,25,2022,46,3,2,561,2018m5,4,441,2,3,13,1,500,,3,4,,2024-04-17 20:11
6402,180503,25,2022,43,6,1,841,2005m12,1,311,1,2,13,2,480,1,2,3,,2024-04-17 20:11
5776,180504,25,2022,41,2,,,,,,,1,13,1,,,,5,,2024-04-17 20:11
1807,180701,25,2022,58,3,1,411,2005m8,3,910,1,2,2,1,300,2,3,5,,2024-04-17 20:11
1807,180702,25,2022,56,2,,,,,,,2,2,2,,,,5,,2024-04-17 20:11
1807,180703,25,2022,30,4,1,303,2016m3,1,851,1,2,2,1,250,1,3,5,,2024-04-17 20:11
10318,180704,25,2022,29,4,,,,,,,2,15,2,,,,5,,2024-04-17 20:11
1807,180705,25,2022,29,5,,,,,,,2,2,2,,,,5,,2024-04-17 20:11
1810,181001,25,2022,59,3,2,467,1993m7,4,521,2,2,2,1,1200,,2,4,,2024-04-17 20:11
1810,181002,25,2022,56,2,,,,,,,2,2,2,,,,4,,2024-04-17 20:11
9972,181003,25,2022,33,6,1,529,2016m10,1,921,1,2,2,1,375,1,2,4,,2024-04-17 20:11
9973,181004,25,2022,29,6,,,,,,,2,2,2,,,,4,,2024-04-17 20:11
9972,181005,25,2022,34,5,,,,,,,2,2,2,,,,3,,2024-04-17 20:11
1811,181101,25,2022,64,2,,,,,,,1,2,1,,,,6,,2024-04-17 20:11
1812,181203,25,2022,63,3,1,742,2020m10,2,941,1,3,2,2,150,2,3,6,,2024-04-17 20:11
9544,181204,25,2022,33,4,1,855,2021m8,2,254,1,2,14,2,,2,3,4,,2024-04-17 20:11
1812,181205,25,2022,30,3,1,303,2022m4,1,743,1,1,2,1,200,1,3,5,,2024-04-17 20:11
1814,181402,25,2022,84,2,,,,,,,3,2,2,,,,6,,2024-04-17 20:11
1815,181502,25,2022,53,3,,,,,,,3,2,2,,,,4,,2024-04-17 20:11
1815,181503,25,2022,82,2,,,,,,,2,2,2,,,,4,,2024-04-17 20:11
1815,181505,25,2022,81,1,,,,,,,2,2,1,,,,4,,2024-04-17 20:11
1816,181602,25,2022,55,3,1,861,2020m1,1,246,1,3,15,2,200,1,3,2,,2024-04-17 20:11
1817,181701,25,2022,67,2,,,,,,,2,2,1,,,,5,,2024-04-17 20:11
1817,181702,25,2022,62,2,1,751,2015m3,3,521,1,2,2,2,160,2,3,4,,2024-04-17 20:11
1817,181705,25,2022,30,3,1,463,2022m2,1,873,1,1,2,1,230,1,2,4,,2024-04-17 20:11
1819,181901,25,2022,64,3,1,970,2019m3,2,951,1,3,2,2,50,2,3,5,,2024-04-17 20:11
8067,181902,25,2022,43,3,1,862,2019m12,1,246,1,2,2,2,170,1,2,4,,2024-04-17 20:11
1820,182002,25,2022,50,2,1,872,2020m1,1,421,1,2,2,2,100,2,2,4,,2024-04-17 20:11
9625,182101,25,2022,57,2,1,424,2020m7,3,231,1,3,2,1,160,2,3,5,,2024-04-17 20:11
1821,182102,25,2022,56,3,1,152,2017m1,1,721,1,3,2,2,70,2,4,4,,2024-04-17 20:11
1821,182103,25,2022,31,6,1,861,2018m2,1,244,1,1,2,2,190,1,2,3,,2024-04-17 20:11
1821,182104,25,2022,28,6,1,721,2021m3,1,312,1,1,2,1,280,1,2,4,,2024-04-17 20:11
1822,182201,25,2022,64,2,2,11,2011m11,4,611,2,2,15,1,250,,2,4,,2024-04-17 20:11
1822,182202,25,2022,61,2,3,11,2009m10,5,611,2,2,15,2,,,2,4,,2024-04-17 20:11
9974,182203,25,2022,38,3,,,,,,,1,15,2,,,,6,,2024-04-17 20:11
10194,182204,25,2022,36,3,1,872,2022m1,1,900,1,3,2,2,130,2,3,6,,2024-04-17 20:11
8749,182205,25,2022,34,5,1,259,2021m4,1,922,1,2,2,1,270,1,3,5,,2024-04-17 20:11
1823,182301,25,2022,58,6,1,852,1989m4,1,252,1,2,2,1,400,1,1,3,,2024-04-17 20:11
1823,182302,25,2022,58,6,1,651,,1,132,1,2,2,2,700,2,3,3,,2024-04-17 20:11
1823,182303,25,2022,27,6,1,852,2022m3,2,252,1,1,2,2,250,2,2,3,,2024-04-17 20:11
1823,182304,25,2022,26,4,1,841,2022m5,1,311,1,1,2,1,220,1,2,4,,2024-04-17 20:11
1824,182401,25,2022,84,3,,,,,,,2,2,1,,,,4,,2024-04-17 20:11
1824,182402,25,2022,83,3,,,,,,,2,2,2,,,,4,,2024-04-17 20:11
1824,182403,25,2022,54,4,2,423,2003m10,4,762,2,2,2,1,500,,3,4,,2024-04-17 20:11
1824,182404,25,2022,50,3,,,,,,,2,2,2,,,,4,,2024-04-17 20:11
1824,182405,25,2022,26,4,,,,,,,1,2,2,,,,4,,2024-04-17 20:11
1824,182406,25,2022,19,3,1,465,2022m4,1,313,1,1,2,2,175,1,2,4,,2024-04-17 20:11
1825,182501,25,2022,57,6,2,949,2021m9,4,248,2,2,15,1,300,,3,5,,2024-04-17 20:11
1825,182502,25,2022,54,6,,,,,,,2,15,2,,,,5,,2024-04-17 20:11
1825,182505,25,2022,18,4,,,,,,,1,15,2,,,,5,,2024-04-17 20:11
1826,182601,25,2022,69,3,1,493,1986m7,1,875,1,2,2,1,450,2,2,3,,2024-04-17 20:11
1826,182602,25,2022,61,3,2,479,2018m9,4,532,2,2,2,2,100,,2,4,,2024-04-17 20:11
9812,182603,25,2022,38,6,1,855,2010m8,2,254,1,3,2,2,100,2,3,4,,2024-04-17 20:11
1828,182801,25,2022,68,3,1,969,2018m11,3,873,1,3,2,1,60,2,3,6,,2024-04-17 20:11
1829,182902,25,2022,75,2,,,,,,,3,15,2,,,,5,,2024-04-17 20:11
1830,183001,25,2022,50,3,1,134,2009m11,1,821,1,2,2,1,270,1,3,6,,2024-04-17 20:11
1830,183002,25,2022,52,3,,,,,,,2,2,2,,,,6,,2024-04-17 20:11
1830,183003,25,2022,23,4,,,,,,,1,2,1,,,,5,,2024-04-17 20:11
1830,183004,25,2022,20,4,,,,,,,1,2,1,,,,5,,2024-04-17 20:11
1832,183201,25,2022,84,2,1,841,2019m2,2,,1,2,2,1,27,2,3,5,,2024-04-17 20:11
1832,183202,25,2022,79,2,1,841,2021m2,2,941,1,2,2,2,27,2,3,5,,2024-04-17 20:11
5119,183203,25,2022,53,3,,,,,,,2,2,1,,,,4,,2024-04-17 20:11
5764,183204,25,2022,50,3,1,320,2010m11,1,730,1,2,2,1,370,1,2,4,,2024-04-17 20:11
8515,183205,25,2022,50,6,1,841,2005m1,1,313,1,2,2,1,460,1,1,3,,2024-04-17 20:11
5119,183206,25,2022,51,3,,,,,,,2,2,2,,,,4,,2024-04-17 20:11
5119,183207,25,2022,27,5,1,861,2021m3,2,246,1,1,2,2,170,2,3,4,,2024-04-17 20:11
1833,183301,25,2022,58,6,2,562,2019m8,4,442,2,2,2,1,500,,2,4,,2024-04-17 20:11
1833,183302,25,2022,56,6,2,562,2012m12,4,442,2,2,2,2,500,,2,3,,2024-04-17 20:11
1833,183303,25,2022,31,6,1,729,2020m2,1,236,1,1,2,1,280,1,2,3,,2024-04-17 20:11
1833,183304,25,2022,29,6,1,861,2021m4,1,243,1,1,2,2,260,1,2,4,,2024-04-17 20:11
1835,183501,25,2022,84,3,,,,,,,3,2,2,,,,6,,2024-04-17 20:11
1836,183602,25,2022,92,3,,,,,,,3,2,2,,,,5,,2024-04-17 20:11
10319,183802,25,2022,54,3,1,729,2009m9,1,234,1,3,15,2,360,1,2,4,,2024-04-17 20:11
10319,183803,25,2022,28,5,1,101,2020m5,1,312,1,1,15,1,230,1,3,4,,2024-04-17 20:11
10319,183804,25,2022,26,4,,,,,,,1,15,1,,,,5,,2024-04-17 20:11
1843,184301,25,2022,63,2,2,561,1993m4,4,441,2,2,2,1,350,,3,5,,2024-04-17 20:11
1843,184302,25,2022,59,3,3,561,1993m4,5,442,2,2,2,2,,,3,5,,2024-04-17 20:11
1843,184304,25,2022,33,6,,,,,,,1,2,1,,,,4,,2024-04-17 20:11
1844,184401,25,2022,87,2,,,,,,,3,2,2,,,,6,,2024-04-17 20:11
6354,184402,25,2022,59,3,,,,,,,3,2,2,,,,5,,2024-04-17 20:11
1845,184501,25,2022,70,2,,,,,,,2,2,1,,,,6,,2024-04-17 20:11
1845,184502,25,2022,72,2,,,,,,,2,2,2,,,,6,,2024-04-17 20:11
7833,184503,25,2022,39,3,1,303,2010m8,1,743,1,2,15,1,280,1,3,5,,2024-04-17 20:11
1847,184701,25,2022,68,2,,,,,,,2,15,1,,,,5,,2024-04-17 20:11
1847,184702,25,2022,66,2,,,,,,,2,15,2,,,,5,,2024-04-17 20:11
6371,184703,25,2022,42,3,1,351,2006m9,1,236,1,2,2,1,500,1,2,4,,2024-04-17 20:11
8208,184704,25,2022,38,4,1,411,2022m5,3,941,1,2,15,1,255,2,4,6,,2024-04-17 20:11
1849,184902,25,2022,92,1,,,,,,,3,3,2,,,,4,,2024-04-17 20:11
1849,184903,25,2022,60,6,,,,,,,1,3,2,,,,4,,2024-04-17 20:11
1851,185101,25,2022,82,3,,,,,,,2,3,1,,,,4,,2024-04-17 20:11
1851,185102,25,2022,77,2,,,,,,,2,3,2,,,,4,,2024-04-17 20:11
5783,185103,25,2022,49,5,1,134,2014m6,1,237,1,2,3,1,300,1,3,4,,2024-04-17 20:11
7019,185104,25,2022,50,6,,,,,,,2,14,2,,,,3,,2024-04-17 20:11
6552,185105,25,2022,46,5,1,952,2020m6,1,751,1,2,3,1,250,1,4,4,,2024-04-17 20:11
1852,185202,25,2022,80,2,1,841,2022m3,2,941,1,3,3,2,27,2,3,6,,2024-04-17 20:11
1853,185301,25,2022,69,2,,,,,,,2,3,1,,,,5,,2024-04-17 20:11
1853,185302,25,2022,72,2,,,,,,,2,3,2,,,,5,,2024-04-17 20:11
10138,185303,25,2022,46,6,1,855,2018m6,2,254,1,1,3,2,150,2,3,5,,2024-04-17 20:11
6185,185304,25,2022,45,6,1,843,2006m9,1,311,1,2,19,1,426,1,2,3,,2024-04-17 20:11
8849,185305,25,2022,42,6,1,492,2007m3,1,782,1,2,3,1,360,1,3,4,,2024-04-17 20:11
1854,185402,25,2022,71,2,1,912,2022m5,2,941,1,3,3,2,80,2,3,5,,2024-04-17 20:11
1854,185405,25,2022,42,3,,,,,,,1,3,1,,,,5,,2024-04-17 20:11
1855,185501,25,2022,78,2,,,,,,,3,3,2,,,,6,,2024-04-17 20:11
6114,185503,25,2022,52,6,1,855,2018m1,1,254,1,2,3,2,250,1,2,4,,2024-04-17 20:11
1856,185601,25,2022,52,3,1,241,2010m9,1,841,1,2,15,1,300,1,3,4,,2024-04-17 20:11
1856,185602,25,2022,51,3,1,851,2021m6,1,441,1,2,15,2,185,1,3,5,,2024-04-17 20:11
8921,185603,25,2022,29,3,1,862,2022m1,1,392,1,2,15,2,200,1,3,5,,2024-04-17 20:11
1856,185604,25,2022,22,3,1,862,2019m2,1,421,1,1,15,2,165,1,2,5,,2024-04-17 20:11
1858,185801,25,2022,64,3,,,,,,,3,3,1,,,,5,,2024-04-17 20:11
1858,185803,25,2022,37,5,1,701,2015m8,1,223,1,2,3,1,290,1,3,5,,2024-04-17 20:11
1858,185806,25,2022,35,5,,,,,,,2,3,2,,,,5,,2024-04-17 20:11
1859,185904,25,2022,45,3,1,612,2013m2,1,772,1,1,3,1,370,1,3,4,,2024-04-17 20:11
1860,186001,25,2022,76,2,,,,,,,3,3,2,,,,5,,2024-04-17 20:11
1861,186101,25,2022,55,6,1,721,2018m5,1,231,1,2,3,1,580,1,3,4,,2024-04-17 20:11
1861,186102,25,2022,52,3,1,467,2010m3,1,312,1,2,3,2,400,1,3,4,,2024-04-17 20:11
1861,186104,25,2022,24,4,,,,,,,1,3,1,,,,4,,2024-04-17 20:11
1863,186301,25,2022,48,5,,,,,,,2,15,2,,,,4,,2024-04-17 20:11
6361,186303,25,2022,43,6,1,211,2018m5,1,222,1,2,8,1,500,1,2,3,,2024-04-17 20:11
1863,186305,25,2022,49,5,1,292,2005m5,1,753,1,2,15,1,530,1,2,4,,2024-04-17 20:11
1864,186401,25,2022,87,3,,,,,,,2,3,1,,,,5,,2024-04-17 20:11
1864,186402,25,2022,83,2,,,,,,,2,3,2,,,,5,,2024-04-17 20:11
7230,186403,25,2022,46,6,,,,,,,2,3,1,,,,3,,2024-04-17 20:11
6933,186404,25,2022,55,3,,,,,,,3,3,2,,,,5,,2024-04-17 20:11
1866,186602,25,2022,78,3,,,,,,,3,3,2,,,,5,,2024-04-17 20:11
6937,186604,25,2022,44,6,1,861,2007m8,1,312,1,2,3,1,480,1,3,4,,2024-04-17 20:11
1867,186701,25,2022,66,3,1,841,2021m1,2,783,1,2,3,1,210,2,3,4,,2024-04-17 20:11
1867,186702,25,2022,64,2,,,,,,,2,3,2,,,,4,,2024-04-17 20:11
1868,186801,25,2022,67,3,,,,,,,2,14,1,,,,5,,2024-04-17 20:11
1868,186802,25,2022,66,2,,,,,,,2,14,2,,,,5,,2024-04-17 20:11
8069,186804,25,2022,38,6,1,852,2021m3,1,252,1,2,14,2,450,1,3,3,,2024-04-17 20:11
9975,186806,25,2022,42,6,1,856,2021m11,2,254,1,2,14,1,214,2,2,4,,2024-04-17 20:11
9975,186807,25,2022,30,5,,,,,,,2,14,2,,,,4,,2024-04-17 20:11
1870,187001,25,2022,65,3,,,,,,,2,3,1,,,,4,,2024-04-17 20:11
1870,187002,25,2022,60,2,2,561,,4,442,2,2,3,2,500,,2,3,,2024-04-17 20:11
1870,187003,25,2022,28,6,3,561,2017m9,5,952,2,1,3,1,,,2,3,,2024-04-17 20:11
9012,187101,25,2022,81,3,,,,,,,3,3,1,,,,4,,2024-04-17 20:11
7613,187103,25,2022,46,5,1,264,2001m4,1,312,1,2,14,1,1100,1,1,3,,2024-04-17 20:11
8851,187104,25,2022,35,5,1,291,2012m3,1,274,1,1,3,1,310,1,3,4,,2024-04-17 20:11
1872,187202,25,2022,58,6,1,651,,1,510,1,1,3,2,400,2,2,3,,2024-04-17 20:11
1875,187501,25,2022,78,2,,,,,,,2,3,1,,,,4,,2024-04-17 20:11
1875,187502,25,2022,71,2,,,,,,,2,3,2,,,,4,,2024-04-17 20:11
6186,187503,25,2022,50,6,1,612,1999m1,1,312,1,2,8,1,700,1,2,3,,2024-04-17 20:11
1877,187702,25,2022,80,2,,,,,,,3,3,2,,,,5,,2024-04-17 20:11
1877,187703,25,2022,50,3,,,,,,,1,3,2,,,,5,,2024-04-17 20:11
7172,188201,25,2022,46,6,,,,,,,2,7,2,,,,4,,2024-04-17 20:11
1882,188203,25,2022,72,2,2,11,1995m3,4,611,2,2,14,1,170,,3,4,,2024-04-17 20:11
1882,188204,25,2022,69,2,3,11,2017m2,5,611,2,2,14,2,,,3,4,,2024-04-17 20:11
6678,188205,25,2022,45,6,1,844,2009m6,1,411,1,2,11,1,565,1,2,4,,2024-04-17 20:11
1887,188701,25,2022,74,2,1,841,2022m3,3,941,1,2,3,1,27,2,3,6,,2024-04-17 20:11
1887,188702,25,2022,72,2,,,,,,,2,3,2,,,,6,,2024-04-17 20:11
6461,188703,25,2022,48,5,1,843,1996m2,1,980,1,2,9,1,330,1,2,4,,2024-04-17 20:11
9545,188704,25,2022,45,5,1,851,2018m3,1,253,1,1,3,2,200,1,3,5,,2024-04-17 20:11
1888,188801,25,2022,59,3,2,476,1995m12,4,752,2,2,3,1,400,,3,4,,2024-04-17 20:11
1888,188802,25,2022,59,3,,,,,,,2,3,2,,,,4,,2024-04-17 20:11
9976,188803,25,2022,34,6,2,478,2021m1,4,521,2,2,3,2,200,,2,4,,2024-04-17 20:11
10139,188804,25,2022,32,6,2,478,2018m12,4,521,2,2,3,2,100,,2,4,,2024-04-17 20:11
1890,189001,25,2022,80,3,,,,,,,2,3,1,,,,4,,2024-04-17 20:11
1890,189002,25,2022,72,2,,,,,,,2,3,2,,,,4,,2024-04-17 20:11
1890,189003,25,2022,49,6,2,855,,4,254,2,1,3,2,200,,3,4,,2024-04-17 20:11
1891,189101,25,2022,76,2,2,11,1971m3,4,611,2,2,3,1,80,,3,6,,2024-04-17 20:11
7335,189102,25,2022,72,2,,,,,,,3,14,2,,,,5,,2024-04-17 20:11
5336,189104,25,2022,46,3,1,162,2019m11,1,930,1,2,14,2,210,1,2,4,,2024-04-17 20:11
5475,189105,25,2022,43,3,1,292,2021m11,3,412,1,3,8,2,480,2,3,4,,2024-04-17 20:11
1891,189106,25,2022,67,1,3,11,2005m6,5,611,2,2,3,2,,,3,6,,2024-04-17 20:11
5734,189302,25,2022,45,3,2,561,1999m8,4,922,2,2,3,1,1000,,3,4,,2024-04-17 20:11
7772,189303,25,2022,40,3,1,841,2018m1,1,941,1,2,3,1,310,1,2,4,,2024-04-17 20:11
1894,189401,25,2022,71,3,1,872,2021m2,2,421,1,2,3,2,70,2,2,4,,2024-04-17 20:11
9094,189402,25,2022,47,6,1,854,2021m2,1,312,1,2,3,2,180,2,2,4,,2024-04-17 20:11
1894,189403,25,2022,44,2,,,,,,,1,3,1,,,,4,,2024-04-17 20:11
1894,189405,25,2022,70,6,1,201,2014m6,1,141,1,2,3,1,200,1,3,4,,2024-04-17 20:11
7458,189502,25,2022,52,3,1,291,2004m6,1,855,1,3,3,2,280,1,2,5,,2024-04-17 20:11
7458,189503,25,2022,29,3,1,562,2022m3,2,441,1,1,3,2,100,2,3,5,,2024-04-17 20:11
1897,189702,25,2022,75,2,,,,,,,3,3,1,,,,4,,2024-04-17 20:11
5091,189704,25,2022,49,5,1,844,1998m6,1,411,1,2,3,1,400,1,3,4,,2024-04-17 20:11
6868,189705,25,2022,44,5,1,411,2015m10,1,782,1,2,3,1,330,2,2,3,,2024-04-17 20:11
1898,189801,25,2022,63,2,2,412,2003m12,4,392,2,2,3,1,450,,3,4,,2024-04-17 20:11
1898,189802,25,2022,63,2,,,,,,,2,3,2,,,,4,,2024-04-17 20:11
7617,189804,25,2022,42,5,1,139,2021m5,1,822,1,2,14,2,210,1,3,5,,2024-04-17 20:11
1899,189901,25,2022,70,3,,,,,,,2,3,1,,,,4,,2024-04-17 20:11
1899,189902,25,2022,66,2,,,,,,,2,3,2,,,,4,,2024-04-17 20:11
7952,189903,25,2022,41,5,1,682,2015m3,1,274,1,2,9,1,350,1,2,4,,2024-04-17 20:11
9095,189904,25,2022,38,5,2,682,2022m1,4,274,2,2,3,1,500,,2,4,,2024-04-17 20:11
1900,190001,25,2022,79,2,1,872,2021m2,2,,1,2,3,1,27,2,3,5,,2024-04-17 20:11
1900,190002,25,2022,76,2,,,,,,,2,3,2,,,,5,,2024-04-17 20:11
1901,190101,25,2022,63,2,,,,,,,2,3,1,,,,5,,2024-04-17 20:11
1901,190102,25,2022,64,2,1,742,2018m9,1,941,1,2,3,2,195,2,3,5,,2024-04-17 20:11
1901,190103,25,2022,44,5,1,474,2012m1,2,521,1,1,3,2,260,2,3,4,,2024-04-17 20:11
1902,190202,25,2022,79,2,,,,,,,3,3,2,,,,5,,2024-04-17 20:11
5100,190203,25,2022,54,6,2,551,2016m7,4,432,2,3,3,1,250,,2,4,,2024-04-17 20:11
1903,190301,25,2022,68,2,2,492,2012m6,4,875,2,3,3,1,130,,2,5,,2024-04-17 20:11
7022,190302,25,2022,38,3,1,303,2021m3,1,312,1,1,14,1,230,1,3,4,,2024-04-17 20:11
7022,190303,25,2022,38,3,1,202,2013m4,1,832,1,1,14,1,270,1,3,4,,2024-04-17 20:11
1905,190501,25,2022,71,2,,,,,,,3,3,1,,,,6,,2024-04-17 20:11
9626,190502,25,2022,34,3,1,262,2019m11,1,842,1,1,8,1,305,2,3,5,,2024-04-17 20:11
1906,190601,25,2022,61,2,1,339,2019m3,2,721,1,3,3,2,120,2,3,6,,2024-04-17 20:11
1906,190602,25,2022,38,5,,,,,,,1,3,1,,,,5,,2024-04-17 20:11
10320,190603,25,2022,36,6,1,463,2022m3,1,312,1,1,3,1,200,1,2,5,,2024-04-17 20:11
1907,190701,25,2022,66,2,,,,,,,2,3,1,,,,5,,2024-04-17 20:11
1907,190702,25,2022,56,2,,,,,,,2,3,2,,,,5,,2024-04-17 20:11
1907,190703,25,2022,29,5,1,712,2016m12,1,313,1,1,3,2,200,1,3,5,,2024-04-17 20:11
8976,190704,25,2022,27,5,1,292,2021m10,1,743,1,1,3,1,280,1,2,4,,2024-04-17 20:11
1908,190801,25,2022,64,3,,,,,,,2,3,1,,,,5,,2024-04-17 20:11
1908,190802,25,2022,59,5,1,861,2012m3,1,442,1,2,3,2,190,2,2,5,,2024-04-17 20:11
1909,190901,25,2022,74,2,,,,,,,2,3,1,,,,5,,2024-04-17 20:11
1909,190902,25,2022,73,2,1,872,2021m3,2,421,1,2,3,2,27,2,3,5,,2024-04-17 20:11
1912,191201,25,2022,75,6,,,,,,,2,3,1,,,,4,,2024-04-17 20:11
1912,191202,25,2022,72,6,,,,,,,2,3,2,,,,3,,2024-04-17 20:11
1913,191302,25,2022,81,2,,,,,,,3,3,2,,,,5,,2024-04-17 20:11
1915,191501,25,2022,77,2,,,,,,,2,3,1,,,,4,,2024-04-17 20:11
1915,191502,25,2022,72,2,,,,,,,2,3,2,,,,4,,2024-04-17 20:11
5300,191504,25,2022,46,6,2,856,2021m1,4,254,2,2,3,2,100,,3,4,,2024-04-17 20:11
1916,191601,25,2022,73,3,2,11,2006m7,4,611,2,2,3,1,80,,2,4,,2024-04-17 20:11
1916,191602,25,2022,71,3,3,11,2017m5,5,611,2,2,3,2,,,3,4,,2024-04-17 20:11
7837,191604,25,2022,46,5,1,611,2008m1,1,922,1,2,3,1,315,2,2,4,,2024-04-17 20:11
5891,191605,25,2022,44,6,1,872,2016m11,1,247,1,2,3,2,200,1,3,4,,2024-04-17 20:11
10321,191606,25,2022,42,5,1,339,2020m8,2,873,1,1,3,1,150,2,3,4,,2024-04-17 20:11
1917,191702,25,2022,69,3,,,,,,,3,7,1,,,,5,,2024-04-17 20:11
9627,191704,25,2022,40,6,1,303,2018m4,1,851,1,2,7,1,260,1,3,4,,2024-04-17 20:11
1917,191705,25,2022,39,5,1,451,2013m11,1,510,1,1,7,1,230,2,3,5,,2024-04-17 20:11
1918,191803,25,2022,59,2,,,,,,,3,3,2,,,,5,,2024-04-17 20:11
1918,191804,25,2022,32,5,1,721,2022m7,1,231,1,1,3,1,280,1,2,5,,2024-04-17 20:11
1918,191805,25,2022,29,5,1,351,2021m6,1,314,1,1,3,1,300,1,2,4,,2024-04-17 20:11
1921,192101,25,2022,71,6,,,,,,,2,14,1,,,,4,,2024-04-17 20:11
1921,192102,25,2022,68,5,,,,,,,2,14,2,,,,4,,2024-04-17 20:11
1925,192501,25,2022,85,2,,,,,,,2,3,1,,,,5,,2024-04-17 20:11
1925,192502,25,2022,75,2,,,,,,,2,3,2,,,,5,,2024-04-17 20:11
1928,192801,25,2022,66,2,,,,,,,3,3,2,,,,6,,2024-04-17 20:11
8337,192803,25,2022,46,3,1,411,2014m6,3,783,1,2,3,1,200,2,2,6,,2024-04-17 20:11
1930,193001,25,2022,77,2,,,,,,,2,3,1,,,,4,,2024-04-17 20:11
1930,193002,25,2022,72,2,,,,,,,2,3,2,,,,4,,2024-04-17 20:11
7268,193003,25,2022,47,6,1,492,2003m12,1,231,1,2,3,1,540,1,2,4,,2024-04-17 20:11
6748,193106,25,2022,45,5,,,,,,,2,5,2,,,,3,,2024-04-17 20:11
1932,193201,25,2022,74,2,1,841,2020m3,2,941,1,2,12,1,27,2,3,4,,2024-04-17 20:11
1932,193202,25,2022,69,2,1,841,2020m5,2,941,1,2,12,2,27,2,3,4,,2024-04-17 20:11
7955,193204,25,2022,42,5,1,292,2017m4,1,854,1,2,8,1,420,1,3,5,,2024-04-17 20:11
1933,193301,25,2022,62,2,,,,,,,2,3,1,,,,4,,2024-04-17 20:11
1933,193302,25,2022,57,3,2,662,2012m12,4,510,2,2,3,2,250,,3,4,,2024-04-17 20:11
8753,193303,25,2022,33,4,1,105,2021m1,1,762,1,2,3,1,395,1,3,4,,2024-04-17 20:11
1934,193401,25,2022,86,2,,,,,,,3,3,1,,,,5,,2024-04-17 20:11
1935,193501,25,2022,72,2,,,,,,,3,3,1,,,,5,,2024-04-17 20:11
5386,193503,25,2022,48,5,1,292,2016m10,1,851,1,2,15,1,340,1,3,4,,2024-04-17 20:11
1937,193701,25,2022,53,3,2,493,2005m2,4,875,2,3,10,1,700,,2,4,,2024-04-17 20:11
8852,193702,25,2022,50,3,2,961,2011m7,4,422,2,3,3,2,300,,2,5,,2024-04-17 20:11
9813,193703,25,2022,27,4,1,856,2019m5,1,286,1,1,1,1,80,2,2,5,,2024-04-17 20:11
10195,193704,25,2022,25,6,1,844,2020m12,1,411,1,1,9,2,230,1,2,4,,2024-04-17 20:11
1938,193801,25,2022,67,3,,,,,,,2,3,1,,,,4,,2024-04-17 20:11
1938,193802,25,2022,68,2,,,,,,,2,3,2,,,,4,,2024-04-17 20:11
1939,193901,25,2022,61,6,1,259,2016m10,1,312,1,2,14,1,370,1,2,4,,2024-04-17 20:11
1939,193902,25,2022,57,3,,,,,,,2,14,2,,,,4,,2024-04-17 20:11
9475,193903,25,2022,31,5,1,721,2019m2,1,235,1,2,3,1,260,1,1,3,,2024-04-17 20:11
10398,193904,25,2022,28,5,1,252,2022m2,1,851,1,1,14,1,495,1,2,3,,2024-04-17 20:11
10140,193905,25,2022,25,5,1,201,2022m4,1,852,1,1,10,1,335,1,2,4,,2024-04-17 20:11
1940,194002,25,2022,76,2,,,,,,,3,3,2,,,,4,,2024-04-17 20:11
6081,194004,25,2022,51,6,1,492,1998m4,1,521,1,2,3,1,550,1,2,4,,2024-04-17 20:11
7027,194005,25,2022,49,5,,,,,,,2,3,2,,,,4,,2024-04-17 20:11
1941,194101,25,2022,64,6,2,901,2014m10,4,284,2,2,3,1,,,5,4,,2024-04-17 20:11
1941,194102,25,2022,62,5,2,562,2020m7,4,441,2,2,3,2,300,,2,4,,2024-04-17 20:11
1945,194501,25,2022,63,2,,,,,,,1,3,1,,,,6,,2024-04-17 20:11
1946,194601,25,2022,49,3,1,303,2022m3,3,851,1,1,3,1,190,2,3,5,,2024-04-17 20:11
1947,194701,25,2022,65,2,2,961,1980m3,4,422,2,2,3,1,100,,3,5,,2024-04-17 20:11
1947,194702,25,2022,60,2,,,,,,,2,3,2,,,,6,,2024-04-17 20:11
1948,194802,25,2022,63,2,,,,,,,3,3,2,,,,5,,2024-04-17 20:11
8338,194803,25,2022,40,6,,,,,,,2,14,2,,,,3,,2024-04-17 20:11
8339,194804,25,2022,38,5,,,,,,,2,15,2,,,,4,,2024-04-17 20:11
1948,194805,25,2022,40,5,,,,,,,3,3,2,,,,6,,2024-04-17 20:11
1949,194903,25,2022,70,2,3,106,2008m6,5,710,2,3,3,2,,,3,6,,2024-04-17 20:11
6098,194905,25,2022,58,3,1,292,2009m3,1,743,1,1,3,1,350,1,2,3,,2024-04-17 20:11
1950,195001,25,2022,72,3,1,493,2022m2,3,930,1,2,3,1,85,2,3,4,,2024-04-17 20:11
1950,195002,25,2022,66,3,2,471,2004m12,4,521,2,2,3,2,500,,3,3,,2024-04-17 20:11
1950,195003,25,2022,44,6,3,471,2018m12,5,521,2,1,3,1,,,2,4,,2024-04-17 20:11
9096,195004,25,2022,42,6,1,221,2009m2,1,313,1,2,1,1,440,1,3,3,,2024-04-17 20:11
1951,195101,25,2022,60,3,1,134,2008m1,1,821,1,2,3,1,300,1,2,4,,2024-04-17 20:11
1951,195102,25,2022,56,3,1,872,2014m9,1,429,1,2,3,2,120,2,2,4,,2024-04-17 20:11
10322,195103,25,2022,29,6,1,872,2022m3,1,245,1,1,3,1,250,1,2,4,,2024-04-17 20:11
1951,195104,25,2022,27,3,,,,,,,1,3,2,,,,5,,2024-04-17 20:11
5751,195105,25,2022,52,3,2,470,2005m4,4,521,2,2,3,1,1000,,3,4,,2024-04-17 20:11
1955,195503,25,2022,67,2,1,561,2014m2,1,441,1,3,3,2,235,2,2,5,,2024-04-17 20:11
7270,195504,25,2022,42,5,1,862,2018m8,1,246,1,2,14,2,196,1,3,4,,2024-04-17 20:11
6124,195505,25,2022,40,5,1,850,2021m3,2,,1,2,15,2,80,2,3,5,,2024-04-17 20:11
1955,195506,25,2022,30,6,1,471,2018m5,1,710,1,1,3,1,275,1,2,4,,2024-04-17 20:11
1956,195601,25,2022,71,3,1,134,2012m7,1,875,1,2,3,1,230,1,3,4,,2024-04-17 20:11
1956,195602,25,2022,69,2,,,,,,,2,3,2,,,,4,,2024-04-17 20:11
9097,195603,25,2022,44,6,,,,,,,2,3,2,,,,4,,2024-04-17 20:11
9628,195604,25,2022,42,5,,,,,,,2,3,1,,,,4,,2024-04-17 20:11
1957,195702,25,2022,86,2,,,,,,,3,3,2,,,,4,,2024-04-17 20:11
6466,195703,25,2022,52,6,2,949,2011m3,4,248,2,2,3,1,230,,2,4,,2024-04-17 20:11
6466,195704,25,2022,52,6,1,872,2022m1,1,421,1,2,3,2,100,2,2,4,,2024-04-17 20:11
10390,195705,25,2022,25,5,1,479,2021m7,1,274,1,1,1,2,230,2,2,4,,2024-04-17 20:11
1957,195713,25,2022,61,2,1,141,2021m1,2,721,1,3,3,2,190,2,3,4,,2024-04-17 20:11
1958,195802,25,2022,81,3,,,,,,,2,3,1,,,,3,,2024-04-17 20:11
1958,195803,25,2022,76,2,,,,,,,2,3,2,,,,3,,2024-04-17 20:11
1963,196301,25,2022,55,2,1,411,2020m10,3,910,1,3,3,1,380,2,2,4,,2024-04-17 20:11
1965,196501,25,2022,60,3,1,721,2018m6,1,762,1,2,3,1,270,1,2,3,,2024-04-17 20:11
1965,196502,25,2022,58,5,1,872,2019m6,1,421,1,2,3,2,180,1,2,3,,2024-04-17 20:11
1965,196504,25,2022,30,6,1,852,2019m2,1,311,1,1,3,2,200,1,2,3,,2024-04-17 20:11
1965,196505,25,2022,28,6,,,,,,,1,3,1,,,,4,,2024-04-17 20:11
1967,196701,25,2022,57,3,1,493,2021m10,1,922,1,2,3,1,260,2,2,5,,2024-04-17 20:11
1967,196702,25,2022,52,3,,,,,,,2,3,2,,,,5,,2024-04-17 20:11
1967,196703,25,2022,27,6,1,339,2022m3,1,285,1,1,3,2,210,1,2,5,,2024-04-17 20:11
1967,196704,25,2022,26,6,1,471,2021m4,2,521,1,1,3,1,86,2,3,4,,2024-04-17 20:11
1967,196705,25,2022,77,1,1,682,2012m2,1,941,1,3,3,2,110,2,3,5,,2024-04-17 20:11
1968,196802,25,2022,60,2,,,,,,,3,14,2,,,,4,,2024-04-17 20:11
9285,196803,25,2022,39,4,2,424,2019m12,4,783,2,2,3,1,1000,,2,4,,2024-04-17 20:11
8516,196804,25,2022,37,5,1,529,2017m5,3,921,1,1,3,1,400,2,3,4,,2024-04-17 20:11
1972,197201,25,2022,77,3,,,,,,,2,3,1,,,,5,,2024-04-17 20:11
1972,197202,25,2022,75,2,,,,,,,2,3,2,,,,5,,2024-04-17 20:11
5500,197203,25,2022,46,5,3,561,2018m5,5,441,2,2,3,2,,,3,4,,2024-04-17 20:11
6068,197204,25,2022,45,5,1,271,2022m3,1,864,1,2,3,2,230,1,2,5,,2024-04-17 20:11
1973,197301,25,2022,54,2,2,492,2011m8,4,875,2,2,3,1,100,,1,3,,2024-04-17 20:11
1973,197302,25,2022,55,3,,,,,,,2,3,2,,,,3,,2024-04-17 20:11
1973,197303,25,2022,27,4,,,,,,,1,3,1,,,,3,,2024-04-17 20:11
1973,197304,25,2022,21,4,,,,,,,1,3,2,,,,3,,2024-04-17 20:11
1976,197601,25,2022,86,3,,,,,,,2,3,1,,,,3,,2024-04-17 20:11
1976,197602,25,2022,75,2,,,,,,,2,3,2,,,,3,,2024-04-17 20:11
5794,197603,25,2022,51,5,1,411,2011m1,1,312,1,2,3,1,650,1,2,4,,2024-04-17 20:11
1977,197702,25,2022,44,5,,,,,,,2,3,2,,,,4,,2024-04-17 20:11
1977,197703,25,2022,48,5,1,411,2015m10,1,313,1,2,3,1,370,1,3,4,,2024-04-17 20:11
1977,197704,25,2022,15,2,,,,,,,1,3,2,,,,4,,2024-04-17 20:11
1978,197801,25,2022,59,3,,,,,,,2,14,2,,,,4,,2024-04-17 20:11
1978,197802,25,2022,62,5,1,494,2011m8,1,922,1,2,14,1,450,2,2,4,,2024-04-17 20:11
1978,197804,25,2022,17,2,,,,,,,1,14,2,,,,4,,2024-04-17 20:11
1979,197902,25,2022,76,2,,,,,,,3,15,2,,,,5,,2024-04-17 20:11
1983,198301,25,2022,63,5,1,462,1996m5,1,521,1,2,3,1,300,1,3,4,,2024-04-17 20:11
1983,198302,25,2022,60,3,,,,,,,2,3,2,,,,4,,2024-04-17 20:11
1983,198304,25,2022,32,5,,,,,,,1,3,1,,,,4,,2024-04-17 20:11
1984,198402,25,2022,71,3,1,872,2012m10,1,429,1,3,3,2,62,2,2,5,,2024-04-17 20:11
9730,198403,25,2022,36,6,1,844,2018m7,1,411,1,2,8,1,345,1,2,4,,2024-04-17 20:11
1985,198501,25,2022,87,1,,,,,,,3,3,2,,,,6,,2024-04-17 20:11
1986,198601,25,2022,58,5,2,424,2022m1,4,782,2,2,3,1,100,,4,4,,2024-04-17 20:11
1986,198602,25,2022,56,3,1,471,2014m3,1,953,1,2,3,2,200,1,2,4,,2024-04-17 20:11
1986,198604,25,2022,25,4,1,561,2020m8,2,442,1,1,3,2,70,2,3,3,,2024-04-17 20:11
6467,198605,25,2022,84,2,,,,,,,2,14,1,,,,4,,2024-04-17 20:11
6467,198606,25,2022,82,2,,,,,,,2,14,2,,,,4,,2024-04-17 20:11
1987,198701,25,2022,72,3,,,,,,,2,3,1,,,,4,,2024-04-17 20:11
1987,198702,25,2022,68,3,,,,,,,2,3,2,,,,4,,2024-04-17 20:11
7623,198703,25,2022,43,6,1,271,2015m5,1,235,1,1,1,1,400,1,3,4,,2024-04-17 20:11
8814,198704,25,2022,41,6,1,611,2008m1,1,320,1,2,8,2,350,1,2,3,,2024-04-17 20:11
1987,198705,25,2022,93,2,,,,,,,3,3,2,,,,5,,2024-04-17 20:11
1988,198801,25,2022,56,2,1,411,2017m1,2,783,1,2,3,1,600,2,2,2,,2024-04-17 20:11
1988,198802,25,2022,56,3,,,,,,,2,3,2,,,,2,,2024-04-17 20:11
1988,198803,25,2022,28,5,,,,,,,1,3,2,,,,2,,2024-04-17 20:11
1988,198804,25,2022,24,4,,,,,,,1,3,2,,,,2,,2024-04-17 20:11
1991,199101,25,2022,81,2,,,,,,,2,3,1,,,,6,,2024-04-17 20:11
1991,199102,25,2022,80,2,,,,,,,2,3,2,,,,6,,2024-04-17 20:11
6954,199104,25,2022,52,3,1,259,2002m1,1,851,1,2,3,1,320,1,3,5,,2024-04-17 20:11
5101,199105,25,2022,57,6,1,729,2019m1,1,236,1,2,3,1,450,1,2,3,,2024-04-17 20:11
5101,199106,25,2022,48,3,,,,,,,2,3,2,,,,3,,2024-04-17 20:11
5101,199107,25,2022,25,6,1,303,2019m11,1,313,1,1,3,2,273,1,3,3,,2024-04-17 20:11
1992,199201,25,2022,66,3,1,492,2017m10,1,873,1,3,3,1,120,1,2,4,,2024-04-17 20:11
1993,199303,25,2022,49,5,1,872,2022m3,1,247,1,2,3,2,93,1,2,3,,2024-04-17 20:11
1994,199401,25,2022,79,2,,,,,,,3,3,2,,,,6,,2024-04-17 20:11
5171,199402,25,2022,48,5,1,551,2010m10,1,441,1,2,3,1,430,1,2,4,,2024-04-17 20:11
5172,199403,25,2022,49,5,1,411,2015m10,3,783,1,2,3,1,300,2,3,5,,2024-04-17 20:11
1994,199404,25,2022,82,2,,,,,,,3,3,1,,,,6,,2024-04-17 20:11
5325,199603,25,2022,46,4,1,841,2020m1,1,941,1,2,7,1,470,1,2,4,,2024-04-17 20:11
10028,199802,25,2022,82,2,,,,,,,3,8,2,,,,5,,2024-04-17 20:11
6187,199803,25,2022,47,3,1,104,2001m9,1,862,1,2,8,1,320,1,3,5,,2024-04-17 20:11
10028,199804,25,2022,49,3,,,,,,,1,8,2,,,,5,,2024-04-17 20:11
1999,199902,25,2022,52,2,,,,,,,1,3,1,,,,6,,2024-04-17 20:11
2000,200002,25,2022,82,2,,,,,,,3,3,2,,,,6,,2024-04-17 20:11
2001,200101,25,2022,73,2,2,471,1987m6,4,521,2,3,3,2,30,,3,5,,2024-04-17 20:11
5173,200102,25,2022,49,6,1,872,2015m8,1,247,1,2,3,2,225,1,2,4,,2024-04-17 20:11
5389,200103,25,2022,47,5,1,494,2020m8,1,392,1,2,3,2,150,1,2,4,,2024-04-17 20:11
8340,200104,25,2022,45,3,,,,,,,2,3,2,,,,5,,2024-04-17 20:11
8071,200105,25,2022,42,5,2,292,2019m9,4,851,2,2,3,1,500,,2,3,,2024-04-17 20:11
2010,201001,25,2022,61,2,1,251,1997m10,1,743,1,2,3,1,285,1,2,4,,2024-04-17 20:11
2010,201002,25,2022,61,2,1,259,2010m3,1,930,1,2,3,2,216,1,2,4,,2024-04-17 20:11
7957,201003,25,2022,37,5,1,620,2009m4,1,223,1,2,8,1,400,1,2,4,,2024-04-17 20:11
2012,201201,25,2022,68,3,2,,1985m6,4,510,2,2,3,1,300,,3,4,,2024-04-17 20:11
2012,201202,25,2022,62,3,3,259,1995m10,5,313,2,2,3,2,,,3,4,,2024-04-17 20:11
7624,201203,25,2022,40,6,,,,,,,2,3,2,,,,5,,2024-04-17 20:11
2013,201301,25,2022,57,3,1,134,2010m12,1,821,1,2,3,1,270,1,3,5,,2024-04-17 20:11
2013,201302,25,2022,52,3,,,,,,,2,3,2,,,,4,,2024-04-17 20:11
2013,201303,25,2022,26,5,1,551,2021m10,1,441,1,1,3,1,280,1,2,5,,2024-04-17 20:11
2013,201304,25,2022,23,5,1,851,2021m3,1,253,1,1,3,2,230,1,3,4,,2024-04-17 20:11
2014,201402,25,2022,63,2,1,411,2022m1,3,910,1,2,3,1,130,2,3,6,,2024-04-17 20:11
2014,201403,25,2022,63,2,,,,,,,2,3,2,,,,6,,2024-04-17 20:11
2015,201501,25,2022,77,1,,,,,,,3,3,2,,,,5,,2024-04-17 20:11
6188,201502,25,2022,52,5,1,303,1999m4,1,224,1,2,3,1,410,1,3,4,,2024-04-17 20:11
2016,201602,25,2022,78,3,,,,,,,3,3,2,,,,4,,2024-04-17 20:11
2018,201801,25,2022,70,3,,,,,,,2,3,1,,,,3,,2024-04-17 20:11
2018,201802,25,2022,65,3,,,,,,,2,3,2,,,,3,,2024-04-17 20:11
8072,201803,25,2022,42,6,,,,,,,2,14,1,,,,4,,2024-04-17 20:11
8341,201804,25,2022,39,6,1,301,2020m12,1,239,1,2,8,1,350,1,3,4,,2024-04-17 20:11
2019,201901,25,2022,72,3,,,,,,,3,3,1,,,,3,,2024-04-17 20:11
2021,202101,25,2022,66,3,,,,,,,2,14,1,,,,5,,2024-04-17 20:11
2021,202102,25,2022,63,3,,,,,,,2,14,2,,,,5,,2024-04-17 20:11
2022,202201,25,2022,70,2,,,,,,,2,3,1,,,,4,,2024-04-17 20:11
2022,202202,25,2022,65,2,1,871,2011m11,1,429,1,2,3,2,220,2,3,4,,2024-04-17 20:11
7626,202204,25,2022,42,6,1,281,2021m1,1,234,1,2,3,1,600,1,2,3,,2024-04-17 20:11
2023,202301,25,2022,63,2,1,381,2007m4,1,875,1,2,14,1,336,1,2,5,,2024-04-17 20:11
2023,202302,25,2022,60,2,,,,,,,2,14,2,,,,5,,2024-04-17 20:11
9977,202303,25,2022,30,4,1,611,2018m3,1,311,1,1,3,1,140,2,3,5,,2024-04-17 20:11
2024,202401,25,2022,73,2,,,,,,,3,3,1,,,,5,,2024-04-17 20:11
5390,202402,25,2022,65,2,1,682,2017m3,1,941,1,2,3,2,115,2,2,4,,2024-04-17 20:11
9629,202403,25,2022,42,5,1,281,2017m9,1,224,1,2,3,2,335,1,2,4,,2024-04-17 20:11
2025,202501,25,2022,67,2,2,561,2014m2,4,441,2,2,3,1,200,,3,5,,2024-04-17 20:11
2025,202502,25,2022,63,2,3,561,2014m2,5,952,2,2,3,2,,,3,5,,2024-04-17 20:11
2025,202503,25,2022,37,5,,,,,,,1,3,2,,,,5,,2024-04-17 20:11
2025,202504,25,2022,33,5,1,721,2018m3,1,231,1,1,3,1,240,1,3,5,,2024-04-17 20:11
2026,202602,25,2022,85,1,,,,,,,3,3,2,,,,5,,2024-04-17 20:11
5175,202603,25,2022,54,3,1,303,2015m4,1,854,1,2,3,2,200,1,3,4,,2024-04-17 20:11
2027,202702,25,2022,75,2,,,,,,,3,3,2,,,,5,,2024-04-17 20:11
6589,202703,25,2022,51,5,2,855,2019m6,4,254,2,2,3,2,400,,1,3,,2024-04-17 20:11
5176,202704,25,2022,49,5,1,463,2018m10,1,313,1,2,8,2,250,1,2,3,,2024-04-17 20:11
2027,202705,25,2022,47,3,1,492,2014m3,1,875,1,1,3,1,130,1,4,5,,2024-04-17 20:11
2027,202706,25,2022,45,5,2,682,,4,274,2,1,3,1,200,,3,5,,2024-04-17 20:11
2028,202802,25,2022,92,1,,,,,,,3,15,2,,,,5,,2024-04-17 20:11
2028,202803,25,2022,66,2,,,,,,,2,15,2,,,,4,,2024-04-17 20:11
2028,202804,25,2022,72,3,,,,,,,2,15,1,,,,4,,2024-04-17 20:11
2030,203001,25,2022,53,6,1,412,2011m1,1,312,1,2,3,1,350,2,2,4,,2024-04-17 20:11
2030,203002,25,2022,53,6,1,841,2014m1,2,254,1,2,3,2,110,2,2,3,,2024-04-17 20:11
2030,203003,25,2022,24,6,1,861,2021m7,1,243,1,1,3,2,350,1,3,4,,2024-04-17 20:11
2030,203004,25,2022,20,4,,,,,,,1,3,2,,,,4,,2024-04-17 20:11
2030,203005,25,2022,20,3,1,682,2021m1,1,311,1,1,3,2,370,1,2,4,,2024-04-17 20:11
2033,203301,25,2022,59,6,1,422,1999m4,1,231,1,2,14,1,300,1,2,3,,2024-04-17 20:11
2033,203302,25,2022,57,3,,,,,,,2,14,2,,,,3,,2024-04-17 20:11
10323,203303,25,2022,30,6,1,853,2018m9,1,251,1,1,14,2,250,2,2,4,,2024-04-17 20:11
9286,203304,25,2022,29,5,1,529,2017m7,1,,1,1,14,1,200,1,2,4,,2024-04-17 20:11
2035,203502,25,2022,78,2,,,,,,,3,3,2,,,,6,,2024-04-17 20:11
7460,203503,25,2022,48,3,1,262,2021m9,1,864,1,1,3,2,270,1,2,4,,2024-04-17 20:11
2036,203601,25,2022,71,2,,,,,,,2,3,1,,,,4,,2024-04-17 20:11
2036,203602,25,2022,67,2,,,,,,,2,3,2,,,,3,,2024-04-17 20:11
7627,203604,25,2022,41,6,1,852,2003m3,1,252,1,2,3,2,400,1,2,4,,2024-04-17 20:11
2037,203701,25,2022,56,3,2,953,1997m3,4,771,2,2,3,1,450,,2,4,,2024-04-17 20:11
2037,203702,25,2022,51,3,,,,,,,2,3,2,,,,4,,2024-04-17 20:11
10324,203703,25,2022,28,5,1,132,2022m3,1,510,1,1,3,1,200,1,2,4,,2024-04-17 20:11
10325,203704,25,2022,25,5,,,,,,,1,1,2,,,,4,,2024-04-17 20:11
2041,204102,25,2022,84,1,,,,,,,3,3,2,,,,5,,2024-04-17 20:11
2041,204103,25,2022,62,3,2,682,2018m8,4,274,2,3,3,2,200,,2,4,,2024-04-17 20:11
2042,204201,25,2022,72,2,,,,,,,2,3,1,,,,6,,2024-04-17 20:11
2042,204202,25,2022,64,2,,,,,,,2,3,2,,,,6,,2024-04-17 20:11
10326,204203,25,2022,37,4,,,,,,,1,3,1,,,,6,,2024-04-17 20:11
10326,204204,25,2022,35,3,,,,,,,1,3,2,,,,6,,2024-04-17 20:11
2045,204501,25,2022,85,4,,,,,,,2,14,1,,,,3,,2024-04-17 20:11
2045,204502,25,2022,82,2,,,,,,,2,14,2,,,,3,,2024-04-17 20:11
2047,204701,25,2022,78,6,2,474,1988m6,4,521,2,2,3,1,100,,3,5,,2024-04-17 20:11
2047,204702,25,2022,74,3,1,855,2005m6,2,286,1,2,3,2,150,2,3,5,,2024-04-17 20:11
6827,204703,25,2022,40,5,1,262,2005m10,1,312,1,2,14,1,558,1,2,3,,2024-04-17 20:11
2048,204801,25,2022,64,5,1,492,2013m12,1,873,1,2,3,1,150,1,2,5,,2024-04-17 20:11
2048,204802,25,2022,64,3,,,,,,,2,3,2,,,,4,,2024-04-17 20:11
2054,205403,25,2022,66,6,,,,,,,2,1,2,,,,3,,2024-04-17 20:11
2054,205404,25,2022,57,6,,,,,,,2,1,1,,,,4,,2024-04-17 20:11
2056,205601,25,2022,52,6,1,423,2010m2,1,772,1,2,3,1,500,1,3,4,,2024-04-17 20:11
2056,205602,25,2022,51,3,1,423,2020m12,2,312,1,2,3,2,220,2,3,4,,2024-04-17 20:11
2056,205603,25,2022,16,2,,,,,,,1,3,1,,,,3,,2024-04-17 20:11
2057,205701,25,2022,59,3,1,492,1986m12,1,312,1,2,3,1,430,1,3,4,,2024-04-17 20:11
2057,205702,25,2022,56,3,,,,,,,2,3,2,,,,4,,2024-04-17 20:11
9349,205703,25,2022,33,5,1,312,2020m5,1,743,1,1,3,1,300,1,2,3,,2024-04-17 20:11
2057,205704,25,2022,31,6,1,472,2016m6,1,312,1,1,3,2,270,1,3,4,,2024-04-17 20:11
2059,205902,25,2022,66,6,,,,,,,3,3,2,,,,4,,2024-04-17 20:11
8854,205903,25,2022,40,6,1,852,2010m3,1,252,1,2,3,1,380,1,3,3,,2024-04-17 20:11
2061,206102,25,2022,71,2,,,,,,,3,3,2,,,,4,,2024-04-17 20:11
5554,206103,25,2022,46,6,,,,,,,2,7,2,,,,4,,2024-04-17 20:11
2062,206202,25,2022,76,3,1,872,2020m3,3,,1,3,3,2,68,2,2,4,,2024-04-17 20:11
7630,206203,25,2022,48,6,1,841,2018m3,1,311,1,2,19,1,320,1,2,3,,2024-04-17 20:11
7631,206204,25,2022,46,6,1,289,2022m1,1,312,1,2,3,1,550,1,2,4,,2024-04-17 20:11
2063,206301,25,2022,59,5,2,479,2021m2,4,531,2,2,3,1,,,5,3,,2024-04-17 20:11
2063,206302,25,2022,53,5,1,471,,2,521,1,2,3,2,135,2,3,3,,2024-04-17 20:11
7633,206501,25,2022,60,3,1,103,2022m5,2,930,1,3,2,2,200,2,2,4,,2024-04-17 20:11
9098,206503,25,2022,38,4,1,411,2021m5,1,782,1,2,14,1,400,1,2,4,,2024-04-17 20:11
2066,206602,25,2022,87,1,,,,,,,3,3,2,,,,5,,2024-04-17 20:11
7034,206603,25,2022,49,6,1,411,2015m9,1,141,1,2,9,1,500,1,2,3,,2024-04-17 20:11
7034,206607,25,2022,20,4,,,,,,,1,9,2,,,,3,,2024-04-17 20:11
2067,206701,25,2022,64,2,2,493,2017m5,4,875,2,2,3,1,200,,3,3,,2024-04-17 20:11
2067,206702,25,2022,62,2,,,,,,,2,3,2,,,,4,,2024-04-17 20:11
8923,206704,25,2022,37,6,1,303,2017m11,1,312,1,2,3,1,340,1,2,4,,2024-04-17 20:11
2069,206901,25,2022,60,3,2,251,2017m1,4,783,2,2,3,1,400,,3,4,,2024-04-17 20:11
2069,206902,25,2022,58,3,2,961,1994m9,4,422,2,2,3,2,200,,3,4,,2024-04-17 20:11
9630,206903,25,2022,32,6,,,,,,,2,3,1,,,,4,,2024-04-17 20:11
2069,206904,25,2022,30,6,,,,,,,1,3,1,,,,5,,2024-04-17 20:11
2070,207001,25,2022,65,6,1,412,2007m8,1,312,1,3,3,1,400,1,3,3,,2024-04-17 20:11
8645,207003,25,2022,36,6,,,,,,,1,3,2,,,,6,,2024-04-17 20:11
9099,207004,25,2022,34,6,1,351,2021m8,2,399,1,2,3,1,250,2,3,4,,2024-04-17 20:11
2071,207101,25,2022,61,6,2,857,2012m2,4,247,2,2,15,1,300,,3,4,,2024-04-17 20:11
2071,207102,25,2022,62,6,1,857,2013m6,1,314,1,2,15,2,185,1,2,4,,2024-04-17 20:11
2072,207201,25,2022,56,6,2,562,2012m1,4,441,2,2,3,1,250,,3,3,,2024-04-17 20:11
2072,207202,25,2022,56,6,1,851,1989m3,1,253,1,2,3,2,400,1,2,3,,2024-04-17 20:11
2072,207203,25,2022,28,6,1,861,2020m4,1,243,1,1,3,1,230,1,2,4,,2024-04-17 20:11
2072,207204,25,2022,25,6,,,,,,,1,3,1,,,,4,,2024-04-17 20:11
2074,207403,25,2022,47,3,2,682,,4,274,2,3,3,1,100,,3,4,,2024-04-17 20:11
7035,207405,25,2022,45,6,1,263,2001m4,1,753,1,2,19,1,550,1,3,4,,2024-04-17 20:11
10141,207406,25,2022,25,6,1,854,2022m4,2,252,1,1,3,1,178,2,2,5,,2024-04-17 20:11
10142,207410,25,2022,23,6,,,,,,,1,3,2,,,,3,,2024-04-17 20:11
2075,207501,25,2022,83,2,,,,,,,2,3,1,,,,4,,2024-04-17 20:11
2075,207502,25,2022,80,2,,,,,,,2,3,2,,,,4,,2024-04-17 20:11
2075,207503,25,2022,54,3,,,,,,,3,3,1,,,,6,,2024-04-17 20:11
2076,207601,25,2022,61,3,1,411,2008m3,3,783,1,2,3,1,200,2,3,3,,2024-04-17 20:11
2076,207602,25,2022,63,3,,,,,,,2,3,2,,,,3,,2024-04-17 20:11
2076,207603,25,2022,35,6,2,562,2020m5,4,441,2,1,3,2,100,,2,3,,2024-04-17 20:11
2078,207801,25,2022,84,2,,,,,,,3,3,2,,,,3,,2024-04-17 20:11
8855,208006,25,2022,45,6,1,582,2020m12,1,222,1,2,8,1,550,1,2,3,,2024-04-17 20:11
2083,208301,25,2022,57,3,1,11,,2,611,1,3,3,1,150,2,4,6,,2024-04-17 20:11
2084,208402,25,2022,55,6,,,,,,,3,3,2,,,,6,,2024-04-17 20:11
2084,208403,25,2022,26,6,,,,,,,1,3,1,,,,5,,2024-04-17 20:11
2084,208404,25,2022,24,6,,,,,,,1,3,2,,,,5,,2024-04-17 20:11
2085,208501,25,2022,83,2,,,,,,,2,3,1,,,,6,,2024-04-17 20:11
2085,208502,25,2022,77,2,,,,,,,2,3,2,,,,6,,2024-04-17 20:11
8344,208504,25,2022,46,6,1,851,2009m3,1,252,1,2,3,2,500,1,2,3,,2024-04-17 20:11
7636,208505,25,2022,48,3,2,494,2021m1,4,922,2,2,14,1,400,,3,4,,2024-04-17 20:11
2086,208601,25,2022,73,3,,,,,,,2,3,1,,,,4,,2024-04-17 20:11
5093,208602,25,2022,72,2,,,,,,,3,3,2,,,,6,,2024-04-17 20:11
5897,208605,25,2022,44,6,1,681,2019m8,1,312,1,2,3,2,300,1,2,4,,2024-04-17 20:11
9631,208606,25,2022,39,6,1,844,2010m10,1,411,1,2,3,1,350,1,1,2,,2024-04-17 20:11
2086,208607,25,2022,67,2,,,,,,,2,3,2,,,,4,,2024-04-17 20:11
2090,209001,25,2022,77,2,1,872,2021m2,2,941,1,3,14,2,27,2,3,4,,2024-04-17 20:11
2090,209002,25,2022,51,3,1,426,2002m4,1,875,1,2,14,1,342,1,3,4,,2024-04-17 20:11
2090,209004,25,2022,33,3,1,264,2018m9,2,864,1,2,14,2,80,2,3,4,,2024-04-17 20:11
7909,209103,25,2022,50,2,,,,,,,3,1,1,,,,6,,2024-04-17 20:11
5005,209104,25,2022,48,3,1,762,2016m10,1,771,1,3,1,2,200,1,3,5,,2024-04-17 20:11
5005,209105,25,2022,26,3,1,494,2022m1,2,922,1,1,1,1,170,2,3,5,,2024-04-17 20:11
2092,209201,25,2022,74,2,,,,,,,3,3,2,,,,6,,2024-04-17 20:11
5131,209303,25,2022,57,6,,,,,,,2,3,2,,,,4,,2024-04-17 20:11
6066,209304,25,2022,49,6,2,204,2012m6,4,232,2,2,3,1,1000,,1,3,,2024-04-17 20:11
7036,209305,25,2022,25,5,1,872,2018m3,1,930,1,1,14,1,40,2,2,4,,2024-04-17 20:11
2094,209401,25,2022,67,3,,,,,,,3,3,2,,,,3,,2024-04-17 20:11
7037,209402,25,2022,44,6,1,661,2005m6,1,272,1,2,1,1,800,1,1,3,,2024-04-17 20:11
2097,209701,25,2022,59,6,1,651,1988m1,1,132,1,2,3,1,820,1,2,3,,2024-04-17 20:11
2097,209702,25,2022,56,6,1,852,2003m3,1,243,1,2,3,2,470,1,2,2,,2024-04-17 20:11
6117,209803,25,2022,52,5,,,,,,,2,3,2,,,,4,,2024-04-17 20:11
5179,209804,25,2022,50,3,1,952,2020m1,1,751,1,2,3,1,360,1,2,4,,2024-04-17 20:11
2099,209901,25,2022,82,2,2,475,1988m6,4,521,2,2,3,1,100,,3,5,,2024-04-17 20:11
2099,209902,25,2022,76,2,,,,,,,2,3,2,,,,5,,2024-04-17 20:11
7838,209903,25,2022,45,6,1,582,2022m2,1,222,1,1,5,1,535,1,2,5,,2024-04-17 20:11
9731,209904,25,2022,41,4,,,,,,,2,14,2,,,,4,,2024-04-17 20:11
2100,210002,25,2022,67,2,,,,,,,3,3,2,,,,4,,2024-04-17 20:11
8345,210003,25,2022,43,5,2,714,2019m6,4,391,2,2,3,2,100,,3,4,,2024-04-17 20:11
2101,210101,25,2022,48,3,1,952,1996m6,1,751,1,2,3,1,340,1,2,4,,2024-04-17 20:11
5660,210102,25,2022,46,3,1,851,2015m7,1,441,1,2,3,2,130,2,2,4,,2024-04-17 20:11
2101,210103,25,2022,43,3,1,712,2014m10,1,313,1,2,3,2,220,1,3,4,,2024-04-17 20:11
2101,210104,25,2022,17,2,,,,,,,1,3,1,,,,4,,2024-04-17 20:11
2102,210201,25,2022,57,3,2,952,1994m11,4,751,2,2,10,1,600,,2,4,,2024-04-17 20:11
2102,210202,25,2022,52,3,3,952,2019m1,5,751,2,2,10,2,,,3,4,,2024-04-17 20:11
2102,210204,25,2022,19,4,,,,,,,1,10,1,,,,4,,2024-04-17 20:11
6398,210301,25,2022,73,2,,,,,,,3,3,2,,,,6,,2024-04-17 20:11
2103,210303,25,2022,46,3,1,144,2021m11,2,822,1,3,3,2,50,2,3,6,,2024-04-17 20:11
2103,210304,25,2022,21,3,1,843,2020m4,1,980,1,1,3,1,200,1,1,3,,2024-04-17 20:11
2103,210305,25,2022,19,2,,,,,,,1,3,1,,,,5,,2024-04-17 20:11
2104,210401,25,2022,88,1,,,,,,,3,3,2,,,,6,,2024-04-17 20:11
8074,210701,25,2022,63,6,,,,,,,3,3,1,,,,5,,2024-04-17 20:11
2107,210702,25,2022,64,5,1,872,2020m2,1,421,1,2,3,2,70,2,3,4,,2024-04-17 20:11
8074,210703,25,2022,82,2,,,,,,,3,3,2,,,,5,,2024-04-17 20:11
8754,210704,25,2022,36,6,1,360,2022m1,1,881,1,2,3,1,260,1,2,3,,2024-04-17 20:11
9100,210705,25,2022,35,6,1,71,2018m12,1,510,1,2,19,1,450,1,2,4,,2024-04-17 20:11
2108,210801,25,2022,64,4,2,32,2020m9,4,630,2,3,15,1,940,,3,5,,2024-04-17 20:11
9732,210803,25,2022,33,4,1,844,2013m3,1,411,1,2,3,1,400,1,2,3,,2024-04-17 20:11
10058,210804,25,2022,35,3,2,493,2019m1,4,873,2,1,3,1,700,,2,3,,2024-04-17 20:11
2108,210807,25,2022,60,3,1,902,2022m7,2,941,1,1,15,2,90,2,1,5,,2024-04-17 20:11
2110,211001,25,2022,63,3,1,411,2010m3,3,910,1,2,3,1,250,2,2,5,,2024-04-17 20:11
2110,211002,25,2022,60,3,,,,,,,2,3,2,,,,5,,2024-04-17 20:11
2110,211004,25,2022,32,5,1,851,2013m1,1,253,1,1,3,2,250,1,2,4,,2024-04-17 20:11
2112,211202,25,2022,75,2,1,841,2022m1,2,941,1,3,3,2,27,2,2,5,,2024-04-17 20:11
2113,211302,25,2022,53,3,1,872,2017m8,1,421,1,3,3,2,212,1,2,5,,2024-04-17 20:11
2113,211303,25,2022,27,3,1,181,2021m9,1,892,1,1,3,1,245,1,3,5,,2024-04-17 20:11
2113,211304,25,2022,24,5,,,,,,,1,3,1,,,,5,,2024-04-17 20:11
2114,211402,25,2022,65,3,,,,,,,3,3,2,,,,4,,2024-04-17 20:11
9287,211405,25,2022,37,4,1,107,2015m7,1,852,1,2,3,1,330,1,4,4,,2024-04-17 20:11
2115,211501,25,2022,80,6,2,751,1997m4,4,312,2,2,3,1,300,,2,3,,2024-04-17 20:11
2115,211502,25,2022,76,3,,,,,,,2,3,2,,,,4,,2024-04-17 20:11
6470,211503,25,2022,49,6,1,844,2000m5,1,392,1,2,3,2,150,1,3,4,,2024-04-17 20:11
2115,211505,25,2022,45,6,1,853,2019m3,1,251,1,1,3,2,120,2,3,4,,2024-04-17 20:11
2117,211701,25,2022,64,2,2,20,2014m1,4,620,2,2,3,1,80,,3,4,,2024-04-17 20:11
2118,211802,25,2022,75,2,,,,,,,3,3,2,,,,5,,2024-04-17 20:11
2119,211901,25,2022,72,2,2,492,1985m7,4,875,2,2,3,1,200,,2,4,,2024-04-17 20:11
2119,211902,25,2022,73,2,,,,,,,2,3,2,,,,4,,2024-04-17 20:11
8856,211903,25,2022,45,6,1,465,2016m1,1,312,1,2,3,1,300,1,3,4,,2024-04-17 20:11
2124,212401,25,2022,75,3,2,11,1970m12,4,611,2,2,3,1,200,,3,5,,2024-04-17 20:11
2124,212402,25,2022,75,2,3,11,1973m2,5,611,2,2,3,2,,,3,5,,2024-04-17 20:11
2127,212701,25,2022,60,6,1,682,2022m2,1,862,1,3,3,1,280,1,2,5,,2024-04-17 20:11
9288,212702,25,2022,60,6,1,861,2022m5,2,421,1,3,3,2,200,1,2,5,,2024-04-17 20:11
9207,212703,25,2022,34,6,1,855,2022m1,2,254,1,1,1,1,350,2,2,5,,2024-04-17 20:11
9348,212704,25,2022,33,6,1,582,2021m5,1,285,1,1,8,1,420,1,2,3,,2024-04-17 20:11
2128,212801,25,2022,64,5,,,,,,,2,3,1,,,,4,,2024-04-17 20:11
2128,212802,25,2022,59,3,1,471,2007m2,2,521,1,2,3,2,100,2,3,4,,2024-04-17 20:11
9476,212803,25,2022,36,6,1,264,2012m3,1,312,1,2,3,1,470,1,3,4,,2024-04-17 20:11
9814,212804,25,2022,35,6,,,,,,,2,3,2,,,,4,,2024-04-17 20:11
2129,212901,25,2022,63,5,2,661,2014m5,4,320,2,2,3,1,70,,4,4,,2024-04-17 20:11
2129,212902,25,2022,62,3,,,,,,,2,3,2,,,,5,,2024-04-17 20:11
2129,212904,25,2022,32,6,,,,,,,1,3,2,,,,5,,2024-04-17 20:11
2130,213001,25,2022,70,6,,,,,,,2,3,1,,,,4,,2024-04-17 20:11
2130,213002,25,2022,66,3,,,,,,,2,3,2,,,,4,,2024-04-17 20:11
2130,213003,25,2022,41,6,1,262,2012m10,1,753,1,1,3,1,310,1,3,4,,2024-04-17 20:11
2131,213102,25,2022,75,2,,,,,,,2,3,2,,,,4,,2024-04-17 20:11
2131,213103,25,2022,74,2,,,,,,,2,3,1,,,,5,,2024-04-17 20:11
2132,213202,25,2022,72,6,,,,,,,2,3,1,,,,4,,2024-04-17 20:11
2132,213203,25,2022,71,3,,,,,,,2,3,2,,,,4,,2024-04-17 20:11
2132,213204,25,2022,45,6,,,,,,,1,3,2,,,,4,,2024-04-17 20:11
2132,213205,25,2022,43,6,,,,,,,1,3,1,,,,4,,2024-04-17 20:11
2133,213301,25,2022,49,5,1,303,2016m2,1,930,1,2,3,2,180,1,2,4,,2024-04-17 20:11
2133,213302,25,2022,53,5,1,682,2021m4,1,783,1,2,3,1,240,2,3,4,,2024-04-17 20:11
2133,213303,25,2022,18,2,,,,,,,1,3,1,,,,4,,2024-04-17 20:11
2134,213401,25,2022,64,3,1,424,2007m9,3,783,1,2,3,1,100,2,3,5,,2024-04-17 20:11
2134,213402,25,2022,59,2,1,172,2013m11,1,930,1,2,3,2,200,1,3,5,,2024-04-17 20:11
2134,213403,25,2022,38,5,1,284,2015m5,1,510,1,1,3,1,220,1,2,5,,2024-04-17 20:11
2138,213801,25,2022,69,2,2,11,2005m5,4,611,2,3,15,1,100,,2,5,,2024-04-17 20:11
6472,213802,25,2022,66,2,1,561,2019m8,2,952,1,3,3,2,140,2,3,5,,2024-04-17 20:11
9592,213804,25,2022,40,3,,,,,,,2,8,2,,,,5,,2024-04-17 20:11
8075,213903,25,2022,43,5,1,862,2016m3,1,245,1,2,3,2,160,1,3,4,,2024-04-17 20:11
2140,214001,25,2022,65,2,2,493,2014m11,4,875,2,2,3,1,300,,3,4,,2024-04-17 20:11
2140,214002,25,2022,53,3,1,303,2004m9,1,762,1,2,3,2,200,1,2,4,,2024-04-17 20:11
2140,214003,25,2022,29,6,,,,,,,1,3,2,,,,4,,2024-04-17 20:11
2140,214004,25,2022,26,6,1,862,2017m9,1,245,1,1,3,2,197,1,3,4,,2024-04-17 20:11
2141,214101,25,2022,71,3,,,,,,,2,3,1,,,,4,,2024-04-17 20:11
2141,214102,25,2022,68,2,,,,,,,2,3,2,,,,4,,2024-04-17 20:11
8646,214103,25,2022,42,6,1,841,2008m10,1,311,1,2,3,2,300,1,2,4,,2024-04-17 20:11
2141,214105,25,2022,38,6,1,472,2016m3,1,521,1,1,3,1,245,1,3,4,,2024-04-17 20:11
2142,214201,25,2022,66,5,,,,,,,2,3,1,,,,5,,2024-04-17 20:11
2142,214202,25,2022,62,3,,,,,,,2,3,2,,,,4,,2024-04-17 20:11
2142,214203,25,2022,35,6,1,911,2019m8,1,432,1,1,3,1,300,1,3,4,,2024-04-17 20:11
2142,214204,25,2022,27,5,,,,,,,1,3,1,,,,4,,2024-04-17 20:11
2144,214401,25,2022,69,3,1,721,2006m5,1,231,1,3,3,1,400,2,2,4,,2024-04-17 20:11
6191,214701,25,2022,62,6,1,661,1999m4,1,272,1,2,3,1,9000,2,2,3,,2024-04-17 20:11
2149,214901,25,2022,56,2,1,251,1992m12,1,851,1,3,3,1,260,1,2,4,,2024-04-17 20:11
9733,214903,25,2022,32,5,1,582,2020m3,1,222,1,1,3,1,270,1,2,3,,2024-04-17 20:11
9290,214904,25,2022,30,3,1,303,2016m9,1,854,1,2,14,1,380,1,2,5,,2024-04-17 20:11
2149,214905,25,2022,24,4,1,562,2021m12,1,441,1,1,3,2,220,1,2,4,,2024-04-17 20:11
2150,215002,25,2022,83,3,,,,,,,3,3,2,,,,4,,2024-04-17 20:11
2151,215101,25,2022,65,3,1,952,2016m8,1,751,1,2,3,1,250,1,3,4,,2024-04-17 20:11
2151,215102,25,2022,59,3,,,,,,,2,3,2,,,,5,,2024-04-17 20:11
9016,215104,25,2022,34,4,2,494,2010m5,4,922,2,2,3,1,750,,2,3,,2024-04-17 20:11
2152,215201,25,2022,66,2,2,561,2020m1,4,441,2,3,10,2,100,,4,5,,2024-04-17 20:11
7039,215202,25,2022,42,5,,,,,,,2,1,2,,,,4,,2024-04-17 20:11
8076,215203,25,2022,39,5,1,422,2018m4,1,231,1,1,3,1,300,1,3,6,,2024-04-17 20:11
2153,215301,25,2022,54,3,1,411,2014m1,1,783,1,2,3,1,480,1,2,5,,2024-04-17 20:11
2153,215302,25,2022,50,3,1,872,2017m2,2,429,1,2,3,2,80,2,3,5,,2024-04-17 20:11
2153,215303,25,2022,23,5,,,,,,,1,3,1,,,,6,,2024-04-17 20:11
2153,215305,25,2022,18,2,,,,,,,1,3,1,,,,4,,2024-04-17 20:11
2154,215402,25,2022,59,2,1,861,2020m2,1,421,1,3,3,2,140,2,3,6,,2024-04-17 20:11
2154,215404,25,2022,30,5,1,471,2018m3,2,521,1,1,3,2,200,2,4,5,,2024-04-17 20:11
2156,215602,25,2022,68,3,2,11,2017m5,4,612,2,2,3,1,350,,2,4,,2024-04-17 20:11
2156,215603,25,2022,63,2,,,,,,,2,3,2,,,,4,,2024-04-17 20:11
2156,215605,25,2022,37,4,,,,,,,1,3,1,,,,5,,2024-04-17 20:11
2157,215701,25,2022,79,3,,,,,,,2,3,1,,,,6,,2024-04-17 20:11
2157,215702,25,2022,72,2,,,,,,,2,3,2,,,,6,,2024-04-17 20:11
6095,215703,25,2022,51,6,1,742,2006m8,1,312,1,2,3,1,250,1,3,5,,2024-04-17 20:11
8442,215704,25,2022,46,3,1,494,2022m3,3,922,1,1,3,1,174,2,3,6,,2024-04-17 20:11
2158,215802,25,2022,74,1,,,,,,,3,3,2,,,,4,,2024-04-17 20:11
7339,215803,25,2022,46,3,1,952,2012m1,1,751,1,2,14,1,300,1,3,4,,2024-04-17 20:11
2161,216101,25,2022,73,2,2,11,2007m1,4,611,2,2,3,1,150,,3,4,,2024-04-17 20:11
2161,216102,25,2022,67,2,3,11,2020m3,5,611,2,2,3,2,,,3,4,,2024-04-17 20:11
2161,216103,25,2022,45,5,1,411,2018m4,3,792,1,1,3,1,240,2,3,4,,2024-04-17 20:11
7040,216105,25,2022,41,5,1,281,2012m6,1,851,1,2,7,1,450,2,2,4,,2024-04-17 20:11
2162,216201,25,2022,84,3,,,,,,,3,3,2,,,,5,,2024-04-17 20:11
5322,216202,25,2022,51,2,,,,,,,3,3,2,,,,5,,2024-04-17 20:11
2163,216301,25,2022,70,2,,,,,,,2,3,1,,,,3,,2024-04-17 20:11
2163,216302,25,2022,62,2,1,969,2004m5,1,429,1,2,3,2,180,2,2,4,,2024-04-17 20:11
2165,216502,25,2022,79,2,,,,,,,3,3,2,,,,4,,2024-04-17 20:11
2166,216601,25,2022,63,2,,,,,,,1,8,1,,,,6,,2024-04-17 20:11
2167,216703,25,2022,49,4,1,292,2020m10,1,841,1,1,3,1,300,1,3,3,,2024-04-17 20:11
8347,216801,25,2022,69,3,2,492,2005m12,4,875,2,3,5,1,150,,3,4,,2024-04-17 20:11
2168,216802,25,2022,72,2,,,,,,,3,5,2,,,,5,,2024-04-17 20:11
9101,216803,25,2022,39,5,1,272,2014m6,1,239,1,2,5,1,335,1,3,5,,2024-04-17 20:11
2169,216901,25,2022,72,2,,,,,,,3,5,2,,,,5,,2024-04-17 20:11
8077,216902,25,2022,44,3,2,493,2015m7,4,875,2,2,5,1,500,,3,4,,2024-04-17 20:11
2170,217001,25,2022,58,3,2,493,2003m7,4,875,2,2,5,1,200,,3,4,,2024-04-17 20:11
2170,217002,25,2022,48,3,1,561,2007m9,1,442,1,2,5,2,255,1,3,4,,2024-04-17 20:11
2170,217003,25,2022,25,5,,,,,,,1,5,1,,,,5,,2024-04-17 20:11
2170,217004,25,2022,22,3,,,,,,,1,5,1,,,,4,,2024-04-17 20:11
2171,217101,25,2022,79,2,,,,,,,2,5,1,,,,4,,2024-04-17 20:11
2171,217102,25,2022,75,2,,,,,,,2,5,2,,,,4,,2024-04-17 20:11
6841,217103,25,2022,71,2,,,,,,,3,5,1,,,,6,,2024-04-17 20:11
5445,217104,25,2022,50,6,1,292,1998m1,1,231,1,2,5,1,645,1,3,4,,2024-04-17 20:11
2172,217201,25,2022,77,3,1,841,2020m2,3,941,1,3,10,2,27,2,3,5,,2024-04-17 20:11
2179,217901,25,2022,56,3,1,426,2008m11,3,874,1,2,5,1,292,2,3,5,,2024-04-17 20:11
2179,217902,25,2022,54,3,1,561,2019m11,1,442,1,2,5,2,224,1,3,5,,2024-04-17 20:11
2179,217903,25,2022,29,3,1,473,2022m3,1,531,1,1,5,1,244,1,2,4,,2024-04-17 20:11
2179,217904,25,2022,23,3,1,453,2021m11,1,752,1,1,5,1,199,1,3,4,,2024-04-17 20:11
2180,218001,25,2022,74,5,1,871,2009m7,1,429,1,3,5,2,179,1,2,4,,2024-04-17 20:11
2180,218003,25,2022,45,5,1,411,2018m4,1,231,1,1,5,1,363,1,3,4,,2024-04-17 20:11
2181,218103,25,2022,54,6,1,872,2022m5,1,252,1,1,5,2,199,1,3,4,,2024-04-17 20:11
7340,218104,25,2022,48,3,1,474,2022m3,2,521,1,2,5,2,130,2,2,4,,2024-04-17 20:11
8755,218106,25,2022,51,3,1,411,2021m1,3,910,1,2,15,1,120,2,3,6,,2024-04-17 20:11
2182,218202,25,2022,49,3,1,464,2005m1,1,312,1,2,5,1,450,1,3,5,,2024-04-17 20:11
2182,218203,25,2022,45,3,1,265,2014m9,1,312,1,2,5,2,240,1,3,5,,2024-04-17 20:11
2182,218204,25,2022,23,6,,,,,,,1,5,2,,,,5,,2024-04-17 20:11
2182,218205,25,2022,19,4,,,,,,,1,5,1,,,,4,,2024-04-17 20:11
2183,218301,25,2022,65,3,,,,,,,1,5,1,,,,4,,2024-04-17 20:11
2185,218501,25,2022,68,3,,,,,,,2,5,1,,,,4,,2024-04-17 20:11
2185,218502,25,2022,63,3,2,474,2022m1,4,521,2,2,5,2,160,,4,5,,2024-04-17 20:11
2186,218601,25,2022,65,3,,,,,,,2,5,1,,,,5,,2024-04-17 20:11
2186,218602,25,2022,48,2,1,303,2022m6,1,854,1,2,5,2,179,1,3,5,,2024-04-17 20:11
2186,218603,25,2022,29,3,1,562,2017m8,2,441,1,1,5,2,198,2,2,4,,2024-04-17 20:11
2186,218604,25,2022,27,3,1,303,2022m1,1,312,1,1,5,2,213,1,2,5,,2024-04-17 20:11
2186,218605,25,2022,25,3,1,911,2022m3,1,284,1,1,5,1,243,1,2,4,,2024-04-17 20:11
2186,218606,25,2022,21,4,,,,,,,1,5,1,,,,4,,2024-04-17 20:11
2189,218901,25,2022,66,2,2,411,1983m9,4,312,2,2,5,1,700,,2,2,,2024-04-17 20:11
2189,218902,25,2022,62,2,,,,,,,2,5,2,,,,2,,2024-04-17 20:11
8348,218903,25,2022,40,6,1,424,2017m3,1,783,1,2,5,1,570,1,2,2,,2024-04-17 20:11
5484,218905,25,2022,51,6,2,424,1996m10,4,783,2,2,5,1,600,,2,4,,2024-04-17 20:11
8443,218906,25,2022,34,3,1,682,2016m6,1,862,1,2,5,1,304,1,5,4,,2024-04-17 20:11
9477,219003,25,2022,52,3,,,,,,,1,5,2,,,,5,,2024-04-17 20:11
10143,219004,25,2022,50,3,1,561,2021m9,3,442,1,1,5,2,108,2,3,6,,2024-04-17 20:11
2190,219005,25,2022,48,3,1,339,2021m7,1,891,1,1,5,1,189,1,3,5,,2024-04-17 20:11
2190,219006,25,2022,46,3,1,562,2020m5,1,441,1,1,5,2,200,2,2,5,,2024-04-17 20:11
2192,219201,25,2022,67,3,1,751,2020m1,2,942,1,2,5,1,200,2,3,6,,2024-04-17 20:11
2192,219202,25,2022,70,2,,,,,,,2,5,2,,,,5,,2024-04-17 20:11
5058,219206,25,2022,26,6,1,872,2020m2,1,247,1,1,5,2,210,1,3,5,,2024-04-17 20:11
5058,219207,25,2022,25,4,2,713,2021m10,4,273,2,1,5,1,300,,3,5,,2024-04-17 20:11
2193,219301,25,2022,79,3,,,,,,,2,5,1,,,,4,,2024-04-17 20:11
2193,219302,25,2022,78,2,,,,,,,2,5,2,,,,4,,2024-04-17 20:11
5483,219304,25,2022,48,6,,,,,,,2,8,2,,,,5,,2024-04-17 20:11
2194,219401,25,2022,59,6,2,424,2007m6,4,783,2,2,5,1,600,,3,5,,2024-04-17 20:11
2194,219402,25,2022,53,6,3,424,2007m6,5,783,2,2,5,2,,,3,5,,2024-04-17 20:11
2194,219403,25,2022,24,4,,,,,,,1,5,1,,,,5,,2024-04-17 20:11
6547,219404,25,2022,93,1,,,,,,,3,5,2,,,,5,,2024-04-17 20:11
2194,219405,25,2022,22,4,,,,,,,1,5,2,,,,5,,2024-04-17 20:11
2195,219502,25,2022,55,3,,,,,,,2,8,2,,,,5,,2024-04-17 20:11
2196,219601,25,2022,53,3,,,,,,,2,8,2,,,,4,,2024-04-17 20:11
2198,219802,25,2022,63,3,1,872,2014m3,2,421,1,3,1,2,65,2,2,4,,2024-04-17 20:11
2199,219902,25,2022,74,3,,,,,,,3,5,2,,,,4,,2024-04-17 20:11
2199,219904,25,2022,47,6,,,,,,,2,5,2,,,,4,,2024-04-17 20:11
2199,219908,25,2022,18,2,,,,,,,1,5,1,,,,4,,2024-04-17 20:11
2201,220101,25,2022,79,2,,,,,,,2,5,1,,,,5,,2024-04-17 20:11
2201,220102,25,2022,73,2,1,841,2021m2,2,941,1,2,5,2,71,2,3,6,,2024-04-17 20:11
2204,220401,25,2022,67,3,2,493,2004m1,4,875,2,2,5,1,200,,3,5,,2024-04-17 20:11
2204,220402,25,2022,56,3,1,861,2005m9,1,441,1,2,5,2,216,1,3,4,,2024-04-17 20:11
2204,220403,25,2022,33,6,,,,,,,1,5,1,,,,5,,2024-04-17 20:11
2204,220404,25,2022,30,6,1,411,2016m10,1,141,1,1,5,1,245,1,4,4,,2024-04-17 20:11
6013,220706,25,2022,53,6,1,842,1999m3,1,311,1,2,5,1,670,1,2,2,,2024-04-17 20:11
6013,220707,25,2022,51,6,1,842,1999m3,1,311,1,2,5,2,640,1,2,2,,2024-04-17 20:11
6013,220708,25,2022,24,6,1,857,2022m2,2,312,1,1,5,2,198,2,3,4,,2024-04-17 20:11
2207,220713,25,2022,59,3,1,264,2021m6,2,942,1,3,8,1,185,2,3,5,,2024-04-17 20:11
2208,220802,25,2022,87,2,,,,,,,3,5,2,,,,4,,2024-04-17 20:11
2209,220901,25,2022,76,2,,,,,,,3,5,2,,,,4,,2024-04-17 20:11
6046,221103,25,2022,44,3,,,,,,,2,5,2,,,,4,,2024-04-17 20:11
2212,221203,25,2022,75,6,,,,,,,2,5,1,,,,4,,2024-04-17 20:11
2212,221204,25,2022,70,3,,,,,,,2,5,2,,,,5,,2024-04-17 20:11
6262,221206,25,2022,43,6,1,852,2022m3,1,252,1,2,5,2,245,1,2,4,,2024-04-17 20:11
2213,221301,25,2022,78,3,,,,,,,2,5,1,,,,4,,2024-04-17 20:11
5180,221303,25,2022,49,6,1,852,1997m3,1,252,1,2,5,2,680,1,2,3,,2024-04-17 20:11
7342,221305,25,2022,46,6,2,855,2009m7,4,254,2,2,5,1,1000,,2,4,,2024-04-17 20:11
2213,221307,25,2022,64,3,1,862,2020m4,1,441,1,2,5,2,139,1,2,4,,2024-04-17 20:11
2213,221308,25,2022,28,6,1,411,2022m1,1,312,1,1,5,1,247,1,2,4,,2024-04-17 20:11
2215,221502,25,2022,80,2,,,,,,,3,5,2,,,,6,,2024-04-17 20:11
2216,221601,25,2022,71,3,1,841,2022m2,2,,1,2,5,1,27,2,3,4,,2024-04-17 20:11
2216,221602,25,2022,69,2,,,,,,,2,5,2,,,,4,,2024-04-17 20:11
5481,221603,25,2022,44,3,1,871,2019m2,1,247,1,2,5,2,228,1,2,4,,2024-04-17 20:11
6004,221604,25,2022,47,5,1,303,2001m9,1,312,1,2,5,1,414,1,3,4,,2024-04-17 20:11
2219,221901,25,2022,60,2,1,303,2005m2,1,854,1,2,5,1,290,1,2,5,,2024-04-17 20:11
2219,221902,25,2022,53,3,1,204,2019m8,1,930,1,2,5,2,198,1,3,4,,2024-04-17 20:11
2219,221903,25,2022,29,6,1,751,2019m9,1,399,1,1,5,1,245,1,2,4,,2024-04-17 20:11
2219,221904,25,2022,26,6,1,211,2022m5,1,881,1,1,5,1,,1,2,4,,2024-04-17 20:11
5482,222102,25,2022,61,3,1,411,2016m3,3,781,1,2,5,1,200,2,3,5,,2024-04-17 20:11
5482,222103,25,2022,61,3,1,561,2018m3,2,442,1,2,5,2,80,2,2,5,,2024-04-17 20:11
2223,222301,25,2022,84,2,,,,,,,3,5,2,,,,4,,2024-04-17 20:11
2223,222302,25,2022,58,3,2,461,1988m6,4,274,2,2,5,1,650,,3,4,,2024-04-17 20:11
2223,222303,25,2022,54,3,3,461,2007m2,5,274,2,2,5,2,,,3,4,,2024-04-17 20:11
7640,222304,25,2022,52,6,1,872,2011m10,1,247,1,1,5,2,205,1,2,5,,2024-04-17 20:11
2223,222305,25,2022,25,4,,,,,,,1,5,1,,,,4,,2024-04-17 20:11
2223,222306,25,2022,23,4,,,,,,,1,5,1,,,,4,,2024-04-17 20:11
2224,222401,25,2022,70,2,,,,,,,2,5,2,,,,4,,2024-04-17 20:11
2224,222402,25,2022,73,3,1,381,,1,873,1,2,5,1,228,1,2,4,,2024-04-17 20:11
7641,222403,25,2022,47,6,,,,,,,1,5,1,,,,5,,2024-04-17 20:11
2224,222404,25,2022,45,6,1,753,2011m5,1,412,1,1,5,1,293,1,3,4,,2024-04-17 20:11
2225,222501,25,2022,69,5,,,,,,,3,15,1,,,,5,,2024-04-17 20:11
5393,222503,25,2022,42,3,2,474,2015m8,4,521,2,2,15,2,250,,2,3,,2024-04-17 20:11
8078,222504,25,2022,40,3,2,969,2017m9,4,429,2,2,5,2,120,,3,5,,2024-04-17 20:11
2226,222602,25,2022,85,2,,,,,,,3,5,2,,,,4,,2024-04-17 20:11
5063,222603,25,2022,60,5,2,492,2007m3,4,875,2,2,5,1,250,,3,4,,2024-04-17 20:11
5063,222604,25,2022,56,3,1,466,2002m2,1,313,1,2,5,2,247,1,3,4,,2024-04-17 20:11
5063,222605,25,2022,29,6,1,582,2021m10,1,234,1,1,5,1,367,1,2,4,,2024-04-17 20:11
2228,222801,25,2022,68,2,1,411,2009m1,3,910,1,2,5,1,215,2,3,5,,2024-04-17 20:11
2228,222802,25,2022,65,2,,,,,,,2,5,2,,,,4,,2024-04-17 20:11
10144,222804,25,2022,39,5,1,861,2016m10,1,862,1,2,5,1,295,1,2,3,,2024-04-17 20:11
10144,222805,25,2022,37,5,,,,,,,2,5,2,,,,5,,2024-04-17 20:11
6550,222902,25,2022,57,3,,,,,,,2,11,2,,,,3,,2024-04-17 20:11
8404,222903,25,2022,34,5,1,862,2021m4,2,245,1,2,8,2,225,2,2,4,,2024-04-17 20:11
2230,223001,25,2022,85,3,,,,,,,2,5,1,,,,5,,2024-04-17 20:11
2230,223002,25,2022,85,2,,,,,,,2,5,2,,,,5,,2024-04-17 20:11
2232,223201,25,2022,61,6,1,492,2012m11,1,875,1,2,5,1,246,1,4,4,,2024-04-17 20:11
2232,223202,25,2022,59,5,1,474,2022m1,1,521,1,2,5,2,199,1,3,4,,2024-04-17 20:11
2232,223203,25,2022,30,5,1,264,2016m10,1,314,1,1,5,2,236,1,3,4,,2024-04-17 20:11
2232,223204,25,2022,33,6,1,582,2015m8,1,223,1,1,5,1,282,1,2,4,,2024-04-17 20:11
2234,223403,25,2022,39,5,1,292,2019m2,1,851,1,2,8,1,350,1,3,5,,2024-04-17 20:11
2235,223501,25,2022,62,5,2,291,1986m6,4,312,2,2,5,1,630,,2,2,,2024-04-17 20:11
2235,223502,25,2022,61,5,,,,,,,2,5,2,,,,2,,2024-04-17 20:11
2235,223503,25,2022,32,6,1,291,2014m9,1,313,1,1,5,2,320,1,2,3,,2024-04-17 20:11
2235,223504,25,2022,30,6,1,291,2018m3,1,314,1,1,5,1,320,1,2,4,,2024-04-17 20:11
2236,223601,25,2022,65,6,,,,,,,2,5,1,,,,3,,2024-04-17 20:11
2236,223602,25,2022,63,6,1,861,2021m7,1,246,1,2,5,2,250,1,3,3,,2024-04-17 20:11
2236,223605,25,2022,24,5,1,872,2019m3,1,247,1,1,5,2,110,1,3,5,,2024-04-17 20:11
2237,223701,25,2022,73,6,,,,,,,2,5,1,,,,4,,2024-04-17 20:11
2237,223702,25,2022,74,2,1,872,2021m1,2,941,1,2,5,2,50,2,2,4,,2024-04-17 20:11
8218,223703,25,2022,46,5,1,681,2021m1,1,313,1,2,5,2,215,1,2,4,,2024-04-17 20:11
7643,223704,25,2022,45,6,1,841,,1,311,1,2,8,1,300,1,3,3,,2024-04-17 20:11
2239,223901,25,2022,85,2,,,,,,,2,5,1,,,,4,,2024-04-17 20:11
2239,223902,25,2022,78,2,,,,,,,2,5,2,,,,4,,2024-04-17 20:11
6474,223904,25,2022,49,5,1,856,2019m7,1,254,1,2,8,2,100,1,3,4,,2024-04-17 20:11
2240,224001,25,2022,81,2,,,,,,,2,5,1,,,,5,,2024-04-17 20:11
2240,224002,25,2022,71,6,1,871,2021m9,1,421,1,2,5,2,208,2,2,4,,2024-04-17 20:11
6192,224004,25,2022,49,3,1,222,2005m1,1,521,1,2,8,1,480,1,3,4,,2024-04-17 20:11
8350,224005,25,2022,45,3,,,,,,,2,5,2,,,,5,,2024-04-17 20:11
2242,224201,25,2022,66,5,1,721,2014m7,1,231,1,2,5,1,434,1,2,3,,2024-04-17 20:11
2242,224202,25,2022,65,3,,,,,,,2,5,2,,,,3,,2024-04-17 20:11
2244,224402,25,2022,76,2,,,,,,,3,5,2,,,,5,,2024-04-17 20:11
6527,224403,25,2022,52,3,1,682,2014m12,2,862,1,3,5,1,295,2,2,4,,2024-04-17 20:11
2247,224704,25,2022,55,3,1,872,2020m4,2,247,1,3,5,2,198,2,3,4,,2024-04-17 20:11
2248,224801,25,2022,54,5,1,221,2022m4,1,274,1,2,5,1,245,1,3,4,,2024-04-17 20:11
2248,224802,25,2022,50,3,,,,,,,2,5,2,,,,5,,2024-04-17 20:11
2248,224804,25,2022,21,4,,,,,,,1,5,2,,,,4,,2024-04-17 20:11
2249,224901,25,2022,64,3,1,901,2019m7,3,782,1,2,5,1,390,2,3,5,,2024-04-17 20:11
2249,224902,25,2022,63,2,,,,,,,2,5,2,,,,5,,2024-04-17 20:11
9479,224903,25,2022,37,6,2,493,2016m12,4,875,2,2,8,1,420,,2,3,,2024-04-17 20:11
2250,225001,25,2022,71,2,1,529,2022m4,1,238,1,2,5,1,295,1,3,4,,2024-04-17 20:11
2250,225002,25,2022,71,2,,,,,,,2,5,2,,,,4,,2024-04-17 20:11
5900,225003,25,2022,46,5,1,841,2016m1,1,783,1,3,15,1,480,1,2,4,,2024-04-17 20:11
2253,225301,25,2022,53,3,2,426,2000m4,4,875,2,2,5,1,1500,,2,2,,2024-04-17 20:11
2253,225302,25,2022,54,6,,,,,,,2,5,2,,,,2,,2024-04-17 20:11
2253,225303,25,2022,23,4,1,473,2022m4,1,531,1,1,5,2,225,2,4,2,,2024-04-17 20:11
2254,225401,25,2022,79,3,,,,,,,3,5,1,,,,6,,2024-04-17 20:11
2255,225501,25,2022,57,4,2,475,1997m3,4,521,2,2,5,1,300,,3,4,,2024-04-17 20:11
2255,225502,25,2022,57,4,3,475,1997m3,5,521,2,2,5,2,,,2,4,,2024-04-17 20:11
2255,225503,25,2022,30,6,,,,,,,1,5,2,,,,3,,2024-04-17 20:11
2256,225601,25,2022,43,6,1,581,2017m10,1,312,1,2,1,1,500,1,3,5,,2024-04-17 20:11
2257,225701,25,2022,64,6,1,721,2009m1,1,235,1,2,8,1,410,1,3,4,,2024-04-17 20:11
2257,225702,25,2022,59,6,,,,,,,2,8,2,,,,4,,2024-04-17 20:11
2257,225703,25,2022,32,6,,,,,,,1,8,1,,,,4,,2024-04-17 20:11
9291,225704,25,2022,31,6,1,861,2016m3,1,243,1,1,1,2,360,1,2,4,,2024-04-17 20:11
2257,225705,25,2022,22,4,,,,,,,1,8,2,,,,4,,2024-04-17 20:11
2258,225801,25,2022,76,6,2,339,1994m3,4,791,2,2,5,1,130,,2,4,,2024-04-17 20:11
6264,225803,25,2022,45,5,,,,,,,2,5,1,,,,3,,2024-04-17 20:11
6838,225804,25,2022,44,6,2,424,2009m5,4,782,2,2,5,1,900,,1,2,,2024-04-17 20:11
2258,225805,25,2022,62,1,1,682,2019m3,1,941,1,2,5,2,140,2,3,6,,2024-04-17 20:11
2260,226001,25,2022,67,3,1,291,2018m11,1,313,1,2,5,2,430,1,3,5,,2024-04-17 20:11
9017,226002,25,2022,39,6,1,141,2019m11,1,274,1,2,8,1,430,1,3,5,,2024-04-17 20:11
2260,226003,25,2022,78,3,,,,,,,2,5,1,,,,5,,2024-04-17 20:11
2266,226601,25,2022,48,5,1,201,2000m12,1,831,1,2,8,1,960,1,2,3,,2024-04-17 20:11
2266,226603,25,2022,45,3,,,,,,,2,8,2,,,,4,,2024-04-17 20:11
2266,226604,25,2022,20,4,,,,,,,1,8,1,,,,4,,2024-04-17 20:11
2266,226605,25,2022,19,4,,,,,,,1,8,1,,,,4,,2024-04-17 20:11
2267,226701,25,2022,60,6,,,,,,,1,5,1,,,,6,,2024-04-17 20:11
2267,226702,25,2022,90,2,,,,,,,3,5,2,,,,6,,2024-04-17 20:11
6839,226703,25,2022,52,4,3,471,,5,521,2,2,5,2,,,3,5,,2024-04-17 20:11
2268,226801,25,2022,52,3,1,451,1993m10,1,320,1,2,5,1,720,1,2,4,,2024-04-17 20:11
2268,226802,25,2022,47,3,,,,,,,2,5,2,,,,4,,2024-04-17 20:11
2268,226803,25,2022,22,4,,,,,,,1,5,1,,,,3,,2024-04-17 20:11
2270,227001,25,2022,51,3,1,303,2021m1,1,741,1,2,5,1,390,1,2,4,,2024-04-17 20:11
2270,227002,25,2022,42,3,,,,,,,2,5,2,,,,4,,2024-04-17 20:11
2271,227101,25,2022,67,5,1,411,2004m7,2,942,1,2,5,1,198,2,3,4,,2024-04-17 20:11
2271,227102,25,2022,62,2,,,,,,,2,5,2,,,,4,,2024-04-17 20:11
2273,227302,25,2022,77,2,,,,,,,3,5,2,,,,5,,2024-04-17 20:11
5181,227303,25,2022,52,6,2,493,2021m10,4,873,2,2,5,1,250,,2,4,,2024-04-17 20:11
5182,227304,25,2022,48,3,,,,,,,2,5,2,,,,5,,2024-04-17 20:11
5181,227305,25,2022,47,3,1,751,2022m2,3,930,1,2,5,2,100,2,4,4,,2024-04-17 20:11
5181,227306,25,2022,24,3,,,,,,,1,5,1,,,,4,,2024-04-17 20:11
2274,227401,25,2022,69,4,2,11,2014m3,4,611,2,2,8,1,50,,3,4,,2024-04-17 20:11
2274,227402,25,2022,65,2,3,11,2021m3,5,611,2,2,8,2,,,4,4,,2024-04-17 20:11
7345,227403,25,2022,44,6,1,741,2021m1,1,862,1,2,1,1,290,2,3,4,,2024-04-17 20:11
7346,227404,25,2022,43,5,1,479,2022m4,2,922,1,1,5,1,148,2,3,5,,2024-04-17 20:11
2276,227601,25,2022,71,2,,,,,,,3,5,2,,,,4,,2024-04-17 20:11
2276,227602,25,2022,50,6,1,582,2019m10,1,222,1,1,5,1,390,1,2,4,,2024-04-17 20:11
7644,227603,25,2022,47,3,1,259,2019m9,1,851,1,2,5,1,330,1,3,5,,2024-04-17 20:11
2278,227801,25,2022,60,5,1,844,1992m9,1,411,1,2,5,1,700,1,2,4,,2024-04-17 20:11
2278,227802,25,2022,59,3,,,,,,,2,5,2,,,,4,,2024-04-17 20:11
2278,227803,25,2022,32,5,1,862,2019m9,1,246,1,1,5,1,255,1,2,3,,2024-04-17 20:11
2278,227804,25,2022,28,5,,,,,,,1,5,1,,,,4,,2024-04-17 20:11
2279,227902,25,2022,76,6,2,682,1989m10,4,274,2,3,8,2,150,,3,4,,2024-04-17 20:11
10327,227905,25,2022,46,4,2,620,2020m8,4,222,2,1,8,1,600,,2,4,,2024-04-17 20:11
2279,227906,25,2022,45,5,1,467,2010m5,1,312,1,1,8,1,300,1,3,4,,2024-04-17 20:11
2280,228001,25,2022,63,6,2,11,2000m2,4,612,2,2,5,1,450,,3,3,,2024-04-17 20:11
2280,228002,25,2022,61,3,3,412,2014m1,5,313,2,2,5,2,,,2,3,,2024-04-17 20:11
2280,228004,25,2022,31,6,1,841,2017m9,1,311,1,1,5,2,245,1,4,3,,2024-04-17 20:11
2281,228101,25,2022,60,6,1,852,1988m3,1,252,1,2,8,1,800,1,3,4,,2024-04-17 20:11
2281,228102,25,2022,58,6,,,,,,,2,8,2,,,,4,,2024-04-17 20:11
2282,228201,25,2022,97,1,,,,,,,3,5,2,,,,5,,2024-04-17 20:11
2284,228401,25,2022,60,6,1,423,2019m9,1,274,1,2,5,1,430,1,3,4,,2024-04-17 20:11
2284,228402,25,2022,56,6,1,872,2017m1,1,247,1,2,5,2,487,1,2,3,,2024-04-17 20:11
2284,228403,25,2022,29,6,1,261,2019m8,1,234,1,1,5,1,310,1,3,4,,2024-04-17 20:11
6272,228405,25,2022,85,2,1,841,2021m3,2,941,1,3,5,2,27,2,3,5,,2024-04-17 20:11
2284,228406,25,2022,23,4,,,,,,,1,5,1,,,,3,,2024-04-17 20:11
2285,228501,25,2022,60,3,,,,,,,3,11,1,,,,6,,2024-04-17 20:11
2285,228503,25,2022,27,2,,,,,,,1,11,1,,,,6,,2024-04-17 20:11
2286,228602,25,2022,54,3,1,464,2020m7,2,921,1,3,8,2,230,2,3,5,,2024-04-17 20:11
2286,228603,25,2022,26,5,,,,,,,1,8,2,,,,5,,2024-04-17 20:11
2288,228801,25,2022,67,2,2,492,2017m9,4,873,2,2,5,1,250,,2,4,,2024-04-17 20:11
2288,228802,25,2022,60,2,2,561,2017m10,4,441,2,2,5,2,250,,2,4,,2024-04-17 20:11
10230,228804,25,2022,37,2,,,,,,,1,5,1,,,,6,,2024-04-17 20:11
2290,229002,25,2022,90,2,,,,,,,3,11,2,,,,5,,2024-04-17 20:11
9102,229003,25,2022,50,5,1,714,2011m4,1,312,1,2,11,1,590,1,2,4,,2024-04-17 20:11
9102,229005,25,2022,36,2,,,,,,,2,11,2,,,,3,,2024-04-17 20:11
5183,229103,25,2022,43,3,1,222,2017m7,1,832,1,2,8,2,220,1,3,4,,2024-04-17 20:11
2292,229201,25,2022,54,3,,,,,,,2,5,1,,,,4,,2024-04-17 20:11
2292,229202,25,2022,49,3,1,872,2022m1,2,247,1,2,5,2,188,2,2,5,,2024-04-17 20:11
2292,229204,25,2022,24,3,1,551,2021m12,1,952,1,1,5,1,225,1,3,4,,2024-04-17 20:11
2292,229205,25,2022,24,6,1,729,2022m5,1,211,1,1,5,1,,1,2,4,,2024-04-17 20:11
2294,229401,25,2022,90,2,,,,,,,3,5,1,,,,4,,2024-04-17 20:11
2295,229501,25,2022,57,2,,,,,,,2,11,1,,,,4,,2024-04-17 20:11
2295,229503,25,2022,36,2,1,303,2021m10,1,854,1,2,11,2,217,2,3,4,,2024-04-17 20:11
2297,229701,25,2022,67,5,1,303,2022m1,3,854,1,2,5,1,84,2,3,5,,2024-04-17 20:11
2297,229702,25,2022,63,3,,,,,,,2,5,2,,,,5,,2024-04-17 20:11
8757,229703,25,2022,39,5,,,,,,,2,5,1,,,,4,,2024-04-17 20:11
9292,229704,25,2022,37,5,1,861,2017m12,2,243,1,2,5,2,320,2,2,3,,2024-04-17 20:11
6195,229802,25,2022,76,1,,,,,,,2,5,2,,,,6,,2024-04-17 20:11
6059,229803,25,2022,50,3,1,712,2021m1,1,313,1,2,5,2,350,1,2,3,,2024-04-17 20:11
2299,229901,25,2022,69,2,,,,,,,2,5,1,,,,5,,2024-04-17 20:11
2299,229902,25,2022,62,2,,,,,,,2,5,2,,,,4,,2024-04-17 20:11
7462,229904,25,2022,42,6,1,582,2006m7,1,223,1,2,1,1,500,1,2,3,,2024-04-17 20:11
2300,230001,25,2022,74,2,,,,,,,2,5,1,,,,5,,2024-04-17 20:11
2300,230002,25,2022,72,2,2,471,1994m11,4,521,2,2,5,2,100,,3,5,,2024-04-17 20:11
6971,230003,25,2022,48,6,2,855,2014m5,4,254,2,2,8,2,200,,2,4,,2024-04-17 20:11
2301,230101,25,2022,91,2,,,,,,,3,5,2,,,,5,,2024-04-17 20:11
2303,230301,25,2022,62,2,2,952,2000m6,4,751,2,2,5,1,100,,3,5,,2024-04-17 20:11
2303,230302,25,2022,58,3,1,222,2013m3,1,832,1,2,5,2,275,2,2,4,,2024-04-17 20:11
9212,230303,25,2022,33,5,1,303,2014m10,1,741,1,2,11,1,550,1,2,3,,2024-04-17 20:11
2303,230304,25,2022,31,4,1,861,2021m1,1,243,1,1,5,2,290,1,2,4,,2024-04-17 20:11
2304,230401,25,2022,67,3,1,682,2020m12,1,942,1,2,5,1,225,2,3,5,,2024-04-17 20:11
2304,230402,25,2022,63,3,,,,,,,2,5,2,,,,5,,2024-04-17 20:11
7841,230403,25,2022,40,6,1,303,2019m4,1,312,1,1,14,1,290,1,3,3,,2024-04-17 20:11
2305,230501,25,2022,67,2,1,411,2022m3,3,910,1,2,5,1,195,2,3,5,,2024-04-17 20:11
2305,230502,25,2022,64,2,,,,,,,2,5,2,,,,5,,2024-04-17 20:11
2305,230503,25,2022,42,3,1,862,2017m6,1,246,1,1,5,2,195,1,2,5,,2024-04-17 20:11
8448,230504,25,2022,40,6,1,292,2010m4,1,235,1,2,5,1,390,1,3,4,,2024-04-17 20:11
2306,230602,25,2022,83,2,,,,,,,3,5,2,,,,5,,2024-04-17 20:11
2307,230701,25,2022,70,2,,,,,,,2,1,1,,,,4,,2024-04-17 20:11
2307,230702,25,2022,62,2,,,,,,,2,1,2,,,,4,,2024-04-17 20:11
6821,230704,25,2022,43,4,2,472,2015m6,4,521,2,2,8,1,500,,2,4,,2024-04-17 20:11
2308,230801,25,2022,71,2,1,451,2016m10,1,941,1,2,5,1,218,2,3,5,,2024-04-17 20:11
2308,230802,25,2022,67,2,,,,,,,2,5,2,,,,4,,2024-04-17 20:11
8080,230804,25,2022,41,3,1,851,2011m10,1,783,1,2,5,1,337,1,2,4,,2024-04-17 20:11
7646,230805,25,2022,36,3,,,,,,,2,5,2,,,,5,,2024-04-17 20:11
2309,230901,25,2022,63,2,1,320,2020m8,1,891,1,3,5,1,195,1,2,5,,2024-04-17 20:11
8081,230902,25,2022,60,2,1,872,2021m11,2,421,1,2,15,2,145,2,4,4,,2024-04-17 20:11
2309,230904,25,2022,33,4,,,,,,,1,5,1,,,,6,,2024-04-17 20:11
2310,231001,25,2022,70,2,1,682,2021m2,1,942,1,2,5,1,205,2,3,5,,2024-04-17 20:11
2310,231002,25,2022,70,2,1,651,1999m7,1,510,1,2,5,2,147,2,2,5,,2024-04-17 20:11
8351,231003,25,2022,42,6,1,423,2005m11,1,771,1,2,5,1,475,1,3,4,,2024-04-17 20:11
2313,231302,25,2022,89,2,,,,,,,3,11,2,,,,6,,2024-04-17 20:11
5184,231303,25,2022,49,3,2,493,2007m5,4,875,2,2,5,1,700,,2,3,,2024-04-17 20:11
5184,231304,25,2022,49,3,,,,,,,2,5,2,,,,4,,2024-04-17 20:11
2314,231401,25,2022,45,3,,,,,,,1,5,1,,,,6,,2024-04-17 20:11
6266,231402,25,2022,42,5,1,262,2007m6,1,863,1,2,8,1,500,1,2,3,,2024-04-17 20:11
2315,231503,25,2022,65,2,1,753,2020m3,1,942,1,3,5,1,245,2,2,5,,2024-04-17 20:11
2316,231602,25,2022,51,3,1,259,2011m2,1,930,1,3,5,2,198,1,4,5,,2024-04-17 20:11
2316,231603,25,2022,29,3,,,,,,,1,5,2,,,,5,,2024-04-17 20:11
2316,231604,25,2022,25,6,1,861,2020m4,1,312,1,1,5,2,254,1,2,4,,2024-04-17 20:11
2317,231701,25,2022,60,3,2,426,1990m5,4,875,2,2,5,1,550,,3,4,,2024-04-17 20:11
2317,231702,25,2022,55,3,1,872,2021m9,1,421,1,2,5,2,149,2,3,4,,2024-04-17 20:11
9636,231703,25,2022,32,6,1,561,2016m7,1,442,1,1,1,2,390,1,3,4,,2024-04-17 20:11
10328,231704,25,2022,29,3,1,262,2022m1,1,873,1,1,8,1,280,1,3,5,,2024-04-17 20:11
2318,231801,25,2022,54,2,1,841,2012m6,1,875,1,2,5,1,530,1,2,5,,2024-04-17 20:11
2318,231802,25,2022,51,3,1,841,2020m1,1,941,1,2,5,2,225,1,3,5,,2024-04-17 20:11
2318,231803,25,2022,28,4,,,,,,,1,5,1,,,,4,,2024-04-17 20:11
10329,231804,25,2022,26,5,1,715,2022m6,1,312,1,1,5,2,205,1,3,5,,2024-04-17 20:11
2318,231805,25,2022,25,5,,,,,,,1,5,1,,,,5,,2024-04-17 20:11
2319,231901,25,2022,60,3,,,,,,,3,11,1,,,,6,,2024-04-17 20:11
2320,232001,25,2022,64,2,1,261,2010m9,1,942,1,2,5,1,178,2,3,5,,2024-04-17 20:11
2320,232002,25,2022,64,2,1,854,2022m3,2,799,1,2,5,2,60,2,4,4,,2024-04-17 20:11
8758,232003,25,2022,42,5,1,285,2007m10,1,863,1,2,5,1,295,1,3,4,,2024-04-17 20:11
8352,232004,25,2022,40,6,1,862,2014m11,1,243,1,2,8,2,306,1,2,5,,2024-04-17 20:11
2321,232102,25,2022,53,3,,,,,,,3,5,2,,,,5,,2024-04-17 20:11
10231,232103,25,2022,32,6,1,841,2021m7,1,311,1,1,5,2,250,1,3,5,,2024-04-17 20:11
2323,232303,25,2022,68,2,1,551,2017m6,1,941,1,3,5,2,180,1,2,4,,2024-04-17 20:11
6475,232304,25,2022,43,5,,,,,,,2,8,2,,,,3,,2024-04-17 20:11
5902,232603,25,2022,74,3,,,,,,,2,5,1,,,,4,,2024-04-17 20:11
5902,232604,25,2022,64,3,,,,,,,2,5,2,,,,4,,2024-04-17 20:11
7043,232605,25,2022,45,5,1,291,2011m2,1,312,1,2,5,1,370,1,3,4,,2024-04-17 20:11
7044,232606,25,2022,43,5,1,291,2005m6,1,510,1,2,5,1,600,1,2,3,,2024-04-17 20:11
2327,232701,25,2022,82,3,,,,,,,2,8,1,,,,6,,2024-04-17 20:11
2327,232702,25,2022,80,2,,,,,,,2,8,2,,,,6,,2024-04-17 20:11
6278,232802,25,2022,55,2,,,,,,,3,8,2,,,,5,,2024-04-17 20:11
8403,232803,25,2022,33,3,1,611,2011m1,1,922,1,2,8,1,300,2,2,3,,2024-04-17 20:11
9161,232804,25,2022,30,5,1,284,2013m10,1,762,1,2,8,2,200,1,3,3,,2024-04-17 20:11
2329,232901,25,2022,55,3,2,493,2007m11,4,875,2,2,5,1,500,,3,4,,2024-04-17 20:11
2329,232902,25,2022,52,2,1,259,2022m1,1,851,1,2,5,2,195,1,3,5,,2024-04-17 20:11
2329,232903,25,2022,28,6,1,471,2021m11,1,312,1,1,5,1,322,1,3,4,,2024-04-17 20:11
2329,232904,25,2022,25,5,1,961,2021m11,1,422,1,1,5,2,150,1,3,5,,2024-04-17 20:11
2330,233001,25,2022,70,3,2,292,1999m7,4,843,2,2,5,1,350,,2,4,,2024-04-17 20:11
2330,233002,25,2022,70,3,3,259,2009m6,5,851,2,2,5,2,,,2,5,,2024-04-17 20:11
2330,233004,25,2022,39,5,1,251,2021m12,1,851,1,1,5,1,255,1,2,4,,2024-04-17 20:11
2330,233005,25,2022,39,5,1,292,2022m1,1,753,1,1,5,1,198,1,3,4,,2024-04-17 20:11
2331,233102,25,2022,75,2,,,,,,,3,5,2,,,,5,,2024-04-17 20:11
2335,233501,25,2022,65,6,1,682,2015m6,1,139,1,2,5,1,320,1,3,5,,2024-04-17 20:11
2335,233502,25,2022,61,3,1,862,2016m6,1,941,1,2,5,2,200,1,3,5,,2024-04-17 20:11
2336,233601,25,2022,74,5,1,641,2011m2,1,132,1,2,5,1,870,1,3,4,,2024-04-17 20:11
2336,233602,25,2022,68,2,,,,,,,2,5,2,,,,4,,2024-04-17 20:11
9104,233603,25,2022,46,3,1,141,2017m6,2,273,1,2,5,2,200,2,3,5,,2024-04-17 20:11
7045,233604,25,2022,44,3,,,,,,,2,5,2,,,,4,,2024-04-17 20:11
8083,233803,25,2022,42,3,,,,,,,2,5,2,,,,4,,2024-04-17 20:11
9980,233804,25,2022,40,6,,,,,,,2,5,2,,,,5,,2024-04-17 20:11
2338,233807,25,2022,70,2,1,841,2022m2,2,952,1,3,5,2,71,2,3,4,,2024-04-17 20:11
2340,234001,25,2022,48,5,1,842,2006m10,1,862,1,2,5,1,564,1,3,4,,2024-04-17 20:11
2340,234003,25,2022,47,3,1,872,2022m3,1,247,1,2,5,2,208,1,3,4,,2024-04-17 20:11
2340,234004,25,2022,19,4,,,,,,,1,5,2,,,,4,,2024-04-17 20:11
2340,234005,25,2022,17,2,,,,,,,1,5,1,,,,4,,2024-04-17 20:11
2341,234101,25,2022,79,2,,,,,,,3,5,1,,,,5,,2024-04-17 20:11
5993,234103,25,2022,50,5,,,,,,,2,8,2,,,,4,,2024-04-17 20:11
9105,234104,25,2022,49,3,2,339,,4,730,2,1,5,1,400,,3,5,,2024-04-17 20:11
2342,234202,25,2022,80,1,,,,,,,3,5,2,,,,5,,2024-04-17 20:11
7962,234203,25,2022,46,6,2,649,2012m6,4,510,2,2,8,1,500,,2,4,,2024-04-17 20:11
7963,234402,25,2022,84,1,,,,,,,3,11,2,,,,6,,2024-04-17 20:11
2344,234403,25,2022,59,3,1,493,2007m2,3,921,1,2,5,1,360,2,3,5,,2024-04-17 20:11
2344,234404,25,2022,55,3,,,,,,,2,5,2,,,,5,,2024-04-17 20:11
10145,234405,25,2022,33,6,1,465,2018m2,1,312,1,2,5,1,382,1,3,5,,2024-04-17 20:11
2344,234406,25,2022,25,3,1,561,2022m7,2,952,1,1,5,1,50,2,3,5,,2024-04-17 20:11
2346,234601,25,2022,83,3,,,,,,,2,5,1,,,,4,,2024-04-17 20:11
2346,234602,25,2022,69,3,1,471,2010m2,2,521,1,2,5,2,140,2,3,5,,2024-04-17 20:11
2349,234901,25,2022,69,3,1,682,2009m11,1,783,1,2,5,1,250,2,3,5,,2024-04-17 20:11
2349,234902,25,2022,69,2,,,,,,,2,5,2,,,,4,,2024-04-17 20:11
7650,234903,25,2022,48,6,1,465,2014m8,1,510,1,2,1,1,400,1,2,5,,2024-04-17 20:11
8496,234904,25,2022,45,3,2,424,2021m6,4,782,2,2,5,1,390,,3,5,,2024-04-17 20:11
2350,235001,25,2022,81,2,,,,,,,2,5,1,,,,5,,2024-04-17 20:11
2350,235002,25,2022,73,2,1,841,2021m2,2,,1,2,5,2,27,2,3,5,,2024-04-17 20:11
8759,235003,25,2022,46,6,2,464,2016m10,4,274,2,2,5,1,350,,3,5,,2024-04-17 20:11
2350,235004,25,2022,44,6,,,,,,,1,5,2,,,,5,,2024-04-17 20:11
2351,235101,25,2022,61,3,,,,,,,2,5,1,,,,6,,2024-04-17 20:11
2351,235102,25,2022,59,5,1,551,2018m4,1,312,1,2,5,2,210,1,3,6,,2024-04-17 20:11
10330,235103,25,2022,32,4,1,591,2018m12,1,283,1,1,1,1,400,1,3,5,,2024-04-17 20:11
2351,235104,25,2022,29,6,1,561,2020m7,2,521,1,1,5,2,103,2,3,6,,2024-04-17 20:11
2352,235202,25,2022,60,5,1,471,2021m8,2,521,1,2,5,2,150,2,3,5,,2024-04-17 20:11
2353,235301,25,2022,66,5,,,,,,,2,5,1,,,,5,,2024-04-17 20:11
2353,235302,25,2022,62,3,2,855,2000m4,4,254,2,2,5,2,100,,3,5,,2024-04-17 20:11
9548,235303,25,2022,36,6,1,272,2013m2,1,312,1,2,5,1,315,1,3,4,,2024-04-17 20:11
2354,235401,25,2022,67,6,2,466,2007m10,4,521,2,2,5,1,400,,2,4,,2024-04-17 20:11
2354,235402,25,2022,64,6,3,466,2011m10,5,521,2,2,5,2,,,2,4,,2024-04-17 20:11
2356,235603,25,2022,47,6,2,763,2017m7,4,522,2,2,1,1,300,,3,4,,2024-04-17 20:11
6756,235604,25,2022,45,5,3,333,2011m1,5,313,2,2,8,2,,,3,3,,2024-04-17 20:11
2356,235605,25,2022,46,6,1,467,2011m4,1,312,1,2,1,2,450,1,3,4,,2024-04-17 20:11
2357,235701,25,2022,64,3,3,682,2006m7,5,274,2,2,5,1,,,3,5,,2024-04-17 20:11
2357,235702,25,2022,61,3,2,682,2006m7,4,274,2,2,5,2,300,,3,4,,2024-04-17 20:11
9637,235703,25,2022,35,6,1,851,2016m3,1,252,1,2,5,1,400,1,3,4,,2024-04-17 20:11
2357,235704,25,2022,30,6,1,961,2021m3,1,422,1,1,5,1,300,1,3,5,,2024-04-17 20:11
2358,235801,25,2022,71,3,2,292,1995m1,4,141,2,2,5,1,400,,2,2,,2024-04-17 20:11
2358,235802,25,2022,69,2,,,,,,,2,5,2,,,,2,,2024-04-17 20:11
2359,235901,25,2022,52,3,2,561,,4,442,2,3,5,2,600,,3,5,,2024-04-17 20:11
2360,236001,25,2022,84,2,,,,,,,2,5,1,,,,5,,2024-04-17 20:11
2360,236002,25,2022,81,2,,,,,,,2,5,2,,,,5,,2024-04-17 20:11
5394,236003,25,2022,51,3,1,242,2001m10,1,841,1,2,5,1,390,1,2,4,,2024-04-17 20:11
5394,236004,25,2022,47,6,2,474,2019m3,4,521,2,2,5,2,250,,2,4,,2024-04-17 20:11
2361,236101,25,2022,61,2,,,,,,,1,5,1,,,,6,,2024-04-17 20:11
2362,236201,25,2022,62,3,1,493,2020m3,1,873,1,2,5,1,285,1,3,5,,2024-04-17 20:11
2362,236202,25,2022,59,3,,,,,,,2,5,2,,,,5,,2024-04-17 20:11
2363,236301,25,2022,66,2,1,332,1994m1,1,730,1,2,5,1,500,1,3,4,,2024-04-17 20:11
2363,236302,25,2022,57,2,,,,,,,2,5,2,,,,5,,2024-04-17 20:11
2363,236304,25,2022,24,4,,,,,,,1,5,1,,,,4,,2024-04-17 20:11
2364,236402,25,2022,70,6,,,,,,,3,5,2,,,,6,,2024-04-17 20:11
2364,236403,25,2022,42,4,,,,,,,1,5,1,,,,5,,2024-04-17 20:11
2365,236502,25,2022,66,2,1,411,2016m1,3,910,1,2,5,1,260,2,3,5,,2024-04-17 20:11
2365,236503,25,2022,62,2,1,141,2016m8,2,721,1,2,5,2,156,2,3,5,,2024-04-17 20:11
9815,236504,25,2022,36,5,,,,,,,2,5,2,,,,5,,2024-04-17 20:11
9480,236505,25,2022,35,5,1,701,2018m12,1,412,1,2,5,1,342,2,2,5,,2024-04-17 20:11
2368,236801,25,2022,77,2,1,411,1992m10,3,783,1,3,5,2,58,2,3,5,,2024-04-17 20:11
8925,236803,25,2022,44,6,1,521,2021m11,1,862,1,2,5,1,390,1,3,5,,2024-04-17 20:11
6944,236902,25,2022,74,2,1,11,2018m3,3,910,1,3,5,2,56,2,3,4,,2024-04-17 20:11
5395,236903,25,2022,50,2,,,,,,,2,5,2,,,,5,,2024-04-17 20:11
2369,236904,25,2022,47,6,1,352,2001m3,1,236,1,2,5,1,430,1,2,4,,2024-04-17 20:11
2369,236905,25,2022,43,5,,,,,,,2,5,2,,,,4,,2024-04-17 20:11
2369,236906,25,2022,15,2,,,,,,,1,5,1,,,,3,,2024-04-17 20:11
2371,237102,25,2022,84,2,,,,,,,3,5,2,,,,5,,2024-04-17 20:11
5582,237103,25,2022,53,5,1,662,2016m1,1,531,1,3,5,2,700,2,2,4,,2024-04-17 20:11
5581,237104,25,2022,52,5,1,464,2008m12,1,312,1,2,5,1,315,1,3,5,,2024-04-17 20:11
5496,237105,25,2022,50,5,1,841,2022m4,2,311,1,2,5,2,,2,2,5,,2024-04-17 20:11
5906,237106,25,2022,46,6,1,853,1998m4,1,421,1,2,5,2,500,1,2,3,,2024-04-17 20:11
2372,237201,25,2022,76,2,,,,,,,2,5,1,,,,4,,2024-04-17 20:11
2372,237202,25,2022,73,2,,,,,,,2,5,2,,,,4,,2024-04-17 20:11
6477,237203,25,2022,48,6,1,521,2000m11,1,312,1,2,5,1,600,1,3,4,,2024-04-17 20:11
2373,237301,25,2022,63,3,,,,,,,2,5,1,,,,5,,2024-04-17 20:11
2373,237302,25,2022,64,3,1,872,2021m7,1,421,1,2,5,2,65,1,3,5,,2024-04-17 20:11
2373,237303,25,2022,30,3,1,231,2010m11,1,313,1,1,5,2,247,1,3,5,,2024-04-17 20:11
10146,237304,25,2022,27,3,1,303,2020m7,1,313,1,1,5,2,258,1,3,5,,2024-04-17 20:11
2373,237305,25,2022,26,3,1,132,2017m11,1,313,1,1,5,2,191,1,3,5,,2024-04-17 20:11
2375,237502,25,2022,61,2,,,,,,,3,5,2,,,,5,,2024-04-17 20:11
9981,237503,25,2022,33,5,1,222,2022m2,1,244,1,2,5,2,292,1,2,4,,2024-04-17 20:11
2375,237504,25,2022,29,3,1,861,2021m7,1,246,1,1,5,2,183,2,3,5,,2024-04-17 20:11
2376,237601,25,2022,61,3,,,,,,,2,5,1,,,,6,,2024-04-17 20:11
2376,237602,25,2022,55,2,1,221,2014m3,1,832,1,2,5,2,230,1,3,5,,2024-04-17 20:11
2376,237603,25,2022,31,3,1,649,2021m4,1,314,1,1,5,2,210,2,3,5,,2024-04-17 20:11
2376,237604,25,2022,26,3,1,662,2018m12,1,320,1,1,5,2,240,1,3,5,,2024-04-17 20:11
2378,237801,25,2022,71,3,,,,,,,2,5,1,,,,5,,2024-04-17 20:11
2378,237802,25,2022,70,2,,,,,,,2,5,2,,,,4,,2024-04-17 20:11
7652,237803,25,2022,44,6,1,844,2005m10,1,311,1,2,5,2,400,1,3,5,,2024-04-17 20:11
7653,237804,25,2022,42,5,1,479,2004m1,1,312,1,2,1,2,500,1,3,4,,2024-04-17 20:11
8353,237805,25,2022,41,6,1,463,2008m3,1,510,1,2,8,1,500,1,2,3,,2024-04-17 20:11
2379,237901,25,2022,66,6,2,682,2001m7,4,274,2,2,5,1,420,,3,4,,2024-04-17 20:11
2379,237902,25,2022,64,3,3,682,2001m7,5,274,2,2,5,2,,,3,4,,2024-04-17 20:11
7348,237903,25,2022,44,3,1,424,2019m2,3,910,1,3,10,1,350,2,2,4,,2024-04-17 20:11
7843,237904,25,2022,42,6,2,467,2010m1,4,521,2,2,5,1,400,,3,5,,2024-04-17 20:11
2379,237905,25,2022,30,6,,,,,,,1,5,1,,,,5,,2024-04-17 20:11
2380,238001,25,2022,73,3,1,721,2011m10,1,231,1,2,5,1,363,1,3,5,,2024-04-17 20:11
2380,238002,25,2022,74,3,1,651,,2,510,1,2,5,2,50,2,3,3,,2024-04-17 20:11
6274,238003,25,2022,49,3,1,872,2018m3,1,247,1,2,8,2,220,1,3,5,,2024-04-17 20:11
6932,238004,25,2022,47,3,1,265,2007m11,1,284,1,2,8,1,300,2,3,4,,2024-04-17 20:11
2381,238101,25,2022,70,3,,,,,,,2,5,1,,,,5,,2024-04-17 20:11
2381,238102,25,2022,69,3,,,,,,,2,5,2,,,,5,,2024-04-17 20:11
8760,238103,25,2022,40,5,,,,,,,2,5,2,,,,4,,2024-04-17 20:11
9018,238104,25,2022,39,5,1,301,2004m6,1,312,1,2,5,2,360,1,3,4,,2024-04-17 20:11
10147,238105,25,2022,37,5,1,582,2006m3,1,222,1,1,8,2,400,1,2,3,,2024-04-17 20:11
7463,238201,25,2022,77,3,2,221,1989m8,4,832,2,2,5,1,60,,3,4,,2024-04-17 20:11
7463,238202,25,2022,73,2,,,,,,,2,5,2,,,,4,,2024-04-17 20:11
2382,238203,25,2022,48,6,1,861,2011m10,1,243,1,2,5,2,440,1,3,4,,2024-04-17 20:11
7463,238204,25,2022,46,6,1,853,2017m9,1,251,1,3,5,2,185,2,3,4,,2024-04-17 20:11
9982,238501,25,2022,56,3,1,492,2019m10,1,313,1,3,5,1,273,1,2,5,,2024-04-17 20:11
2385,238502,25,2022,57,3,,,,,,,3,5,2,,,,6,,2024-04-17 20:11
2385,238503,25,2022,27,5,,,,,,,1,5,1,,,,6,,2024-04-17 20:11
2386,238601,25,2022,52,2,1,412,2018m10,1,875,1,1,5,1,380,1,3,5,,2024-04-17 20:11
2387,238701,25,2022,66,3,1,492,2014m6,1,875,1,2,5,1,290,1,3,4,,2024-04-17 20:11
2387,238702,25,2022,57,3,1,861,2016m5,1,246,1,2,5,2,195,1,3,4,,2024-04-17 20:11
2388,238801,25,2022,76,3,,,,,,,2,5,1,,,,4,,2024-04-17 20:11
2388,238802,25,2022,67,3,1,871,2013m5,1,429,1,2,5,2,199,1,3,4,,2024-04-17 20:11
9214,238803,25,2022,42,5,1,262,2021m2,1,234,1,2,5,1,360,1,3,5,,2024-04-17 20:11
6840,238804,25,2022,45,3,1,281,2002m7,1,864,1,3,5,1,470,1,2,5,,2024-04-17 20:11
2389,238901,25,2022,70,3,,,,,,,2,9,1,,,,3,,2024-04-17 20:11
2389,238902,25,2022,64,3,,,,,,,2,9,2,,,,3,,2024-04-17 20:11
9215,238905,25,2022,37,6,1,852,2010m3,1,252,1,2,5,2,340,1,2,4,,2024-04-17 20:11
2390,239002,25,2022,64,3,2,953,2013m8,4,722,2,3,5,2,150,,2,4,,2024-04-17 20:11
8926,239003,25,2022,38,6,1,855,2011m11,1,254,1,1,5,2,310,1,2,5,,2024-04-17 20:11
10148,239004,25,2022,36,6,1,853,2011m3,1,259,1,2,1,1,295,2,3,5,,2024-04-17 20:11
2391,239101,25,2022,76,2,2,12,1998m12,4,613,2,2,8,1,200,,3,4,,2024-04-17 20:11
2391,239102,25,2022,69,2,,,,,,,2,8,2,,,,3,,2024-04-17 20:11
6757,239103,25,2022,47,6,1,649,2004m3,1,320,1,2,5,1,664,2,2,3,,2024-04-17 20:11
5396,239105,25,2022,50,3,2,562,2019m1,4,442,2,2,8,2,1000,,3,3,,2024-04-17 20:11
2392,239201,25,2022,81,3,,,,,,,3,5,1,,,,5,,2024-04-17 20:11
2393,239301,25,2022,64,3,2,424,2016m2,4,782,2,2,5,1,100,,3,5,,2024-04-17 20:11
2393,239302,25,2022,60,3,,,,,,,2,5,2,,,,4,,2024-04-17 20:11
2393,239303,25,2022,26,5,1,602,2022m1,1,283,1,1,5,2,270,2,3,5,,2024-04-17 20:11
5907,239403,25,2022,52,5,,,,,,,2,5,1,,,,5,,2024-04-17 20:11
2397,239701,25,2022,59,3,2,493,2020m6,4,873,2,2,5,1,350,,2,4,,2024-04-17 20:11
2397,239703,25,2022,55,3,,,,,,,2,5,2,,,,4,,2024-04-17 20:11
2398,239801,25,2022,83,2,,,,,,,2,5,1,,,,5,,2024-04-17 20:11
2398,239802,25,2022,80,2,,,,,,,2,5,2,,,,5,,2024-04-17 20:11
2399,239901,25,2022,68,3,1,861,2015m12,1,875,1,2,5,1,235,1,3,4,,2024-04-17 20:11
2399,239902,25,2022,66,2,,,,,,,2,5,2,,,,4,,2024-04-17 20:11
2399,239904,25,2022,41,6,1,969,2022m3,1,423,1,1,5,2,225,1,3,5,,2024-04-17 20:11
2400,240002,25,2022,82,2,,,,,,,3,8,2,,,,3,,2024-04-17 20:11
2401,240101,25,2022,83,2,,,,,,,3,5,1,,,,5,,2024-04-17 20:11
2401,240103,25,2022,59,3,2,529,2013m9,4,875,2,2,5,1,300,,3,4,,2024-04-17 20:11
2401,240104,25,2022,54,2,,,,,,,2,5,2,,,,4,,2024-04-17 20:11
2401,240105,25,2022,30,6,1,464,2019m7,1,274,1,1,5,1,255,1,3,4,,2024-04-17 20:11
2401,240106,25,2022,28,5,1,911,2014m4,1,286,1,1,5,2,178,1,4,5,,2024-04-17 20:11
10062,240107,25,2022,51,3,1,641,2000m4,1,312,1,1,5,1,500,1,3,4,,2024-04-17 20:11
2402,240201,25,2022,56,5,2,426,2006m1,4,875,2,2,5,1,500,,3,4,,2024-04-17 20:11
2402,240202,25,2022,47,3,2,682,2015m10,4,274,2,2,5,2,500,,3,4,,2024-04-17 20:11
9816,240203,25,2022,25,3,1,682,2020m9,1,399,1,1,5,2,300,1,3,5,,2024-04-17 20:11
2403,240301,25,2022,60,5,2,952,2002m3,4,751,2,2,8,1,2000,,2,2,,2024-04-17 20:11
2403,240302,25,2022,58,3,3,952,2002m3,5,312,2,2,8,2,,,3,2,,2024-04-17 20:11
2408,240801,25,2022,66,3,1,751,2021m1,1,942,1,2,5,1,223,2,3,5,,2024-04-17 20:11
2408,240802,25,2022,66,2,,,,,,,2,5,2,,,,5,,2024-04-17 20:11
8761,240804,25,2022,39,5,1,301,2004m8,1,235,1,2,5,2,430,1,2,2,,2024-04-17 20:11
2409,240902,25,2022,79,2,1,872,2020m7,2,941,1,3,5,2,27,2,3,6,,2024-04-17 20:11
6586,240905,25,2022,50,3,1,651,2019m11,2,312,1,2,13,2,300,2,2,4,,2024-04-17 20:11
2410,241001,25,2022,70,2,1,292,2008m1,1,741,1,2,5,1,290,1,5,4,,2024-04-17 20:11
2410,241002,25,2022,68,2,,,,,,,2,5,2,,,,4,,2024-04-17 20:11
9638,241003,25,2022,40,5,1,862,2022m5,1,245,1,1,5,2,275,1,2,5,,2024-04-17 20:11
8450,241004,25,2022,38,5,1,901,2012m11,1,283,1,2,5,1,295,1,3,4,,2024-04-17 20:11
2411,241101,25,2022,50,4,1,742,2020m1,1,941,1,1,1,1,350,2,2,5,,2024-04-17 20:11
2411,241102,25,2022,60,2,,,,,,,3,1,2,,,,5,,2024-04-17 20:11
2412,241203,25,2022,66,6,,,,,,,2,8,1,,,,5,,2024-04-17 20:11
2412,241204,25,2022,63,6,1,681,2016m3,2,139,1,2,8,2,245,2,3,4,,2024-04-17 20:11
8927,241205,25,2022,39,6,,,,,,,2,8,2,,,,5,,2024-04-17 20:11
2413,241301,25,2022,85,2,,,,,,,2,10,1,,,,3,,2024-04-17 20:11
2413,241302,25,2022,84,1,,,,,,,2,10,2,,,,4,,2024-04-17 20:11
2414,241401,25,2022,75,3,,,,,,,2,5,1,,,,5,,2024-04-17 20:11
2414,241402,25,2022,63,2,,,,,,,2,5,2,,,,5,,2024-04-17 20:11
8517,241404,25,2022,38,6,,,,,,,2,8,2,,,,4,,2024-04-17 20:11
2415,241503,25,2022,40,6,1,855,2009m3,1,254,1,2,5,1,126,2,3,5,,2024-04-17 20:11
2415,241504,25,2022,31,4,1,651,2017m9,2,314,1,2,5,2,186,2,3,5,,2024-04-17 20:11
2419,241902,25,2022,64,3,,,,,,,3,1,2,,,,5,,2024-04-17 20:11
2419,241904,25,2022,36,6,1,424,2014m5,1,312,1,1,1,1,270,1,3,5,,2024-04-17 20:11
2419,241905,25,2022,32,6,1,582,2020m5,1,312,1,1,1,2,250,1,3,5,,2024-04-17 20:11
8225,242003,25,2022,39,3,1,561,2022m9,1,442,1,2,8,2,300,2,3,5,,2024-04-17 20:11
2420,242004,25,2022,37,5,,,,,,,2,8,2,,,,3,,2024-04-17 20:11
2420,242005,25,2022,37,4,1,651,2018m12,1,510,1,2,8,1,800,2,2,3,,2024-04-17 20:11
2421,242102,25,2022,74,2,,,,,,,2,8,1,,,,5,,2024-04-17 20:11
2421,242103,25,2022,69,2,,,,,,,2,8,2,,,,5,,2024-04-17 20:11
6880,242104,25,2022,46,3,,,,,,,2,8,2,,,,4,,2024-04-17 20:11
5909,242105,25,2022,44,4,1,762,2005m11,1,312,1,2,5,2,290,1,2,4,,2024-04-17 20:11
6328,242106,25,2022,41,3,1,762,2008m6,1,522,1,2,9,2,250,1,3,4,,2024-04-17 20:11
2422,242201,25,2022,61,2,1,759,2006m2,1,899,1,2,5,1,250,1,3,4,,2024-04-17 20:11
2422,242202,25,2022,58,2,1,742,2007m4,1,941,1,2,5,2,180,2,3,5,,2024-04-17 20:11
8651,242203,25,2022,39,3,1,471,2016m10,1,312,1,3,9,1,320,1,2,4,,2024-04-17 20:11
10234,242204,25,2022,34,3,1,472,2011m7,1,521,1,2,8,1,320,1,3,5,,2024-04-17 20:11
2423,242302,25,2022,81,2,,,,,,,3,1,2,,,,4,,2024-04-17 20:11
7654,242401,25,2022,69,3,2,492,2022m6,4,873,2,3,8,1,150,,4,5,,2024-04-17 20:11
2424,242402,25,2022,65,3,,,,,,,3,5,2,,,,4,,2024-04-17 20:11
8652,242403,25,2022,37,6,2,862,2016m10,4,241,2,2,5,1,900,,2,4,,2024-04-17 20:11
9552,242404,25,2022,34,6,1,862,2022m1,1,246,1,1,5,2,190,1,3,5,,2024-04-17 20:11
2425,242501,25,2022,69,2,,,,,,,3,5,1,,,,5,,2024-04-17 20:11
6197,242503,25,2022,49,6,1,853,2006m3,2,251,1,2,10,2,350,2,2,4,,2024-04-17 20:11
7844,242504,25,2022,41,6,1,855,2012m3,1,254,1,2,8,2,200,2,2,3,,2024-04-17 20:11
9293,242505,25,2022,39,4,1,620,2016m7,1,223,1,2,8,1,500,1,2,3,,2024-04-17 20:11
2426,242601,25,2022,73,2,,,,,,,2,5,1,,,,5,,2024-04-17 20:11
2426,242602,25,2022,74,2,,,,,,,2,5,2,,,,5,,2024-04-17 20:11
7845,242603,25,2022,47,5,1,424,2007m3,1,313,1,1,5,2,292,1,4,5,,2024-04-17 20:11
2426,242604,25,2022,42,6,1,451,2012m10,1,510,1,1,5,1,230,1,3,5,,2024-04-17 20:11
2428,242801,25,2022,64,5,1,721,2019m11,1,231,1,2,5,1,290,1,2,3,,2024-04-17 20:11
2428,242802,25,2022,63,3,,,,,,,2,5,2,,,,4,,2024-04-17 20:11
2428,242803,25,2022,30,6,,,,,,,1,5,2,,,,4,,2024-04-17 20:11
2428,242804,25,2022,29,5,1,861,2016m4,1,243,1,1,5,2,343,1,2,4,,2024-04-17 20:11
2428,242805,25,2022,24,4,,,,,,,1,5,1,,,,4,,2024-04-17 20:11
2432,243201,25,2022,65,3,1,412,2012m10,3,910,1,2,5,1,271,2,3,5,,2024-04-17 20:11
2432,243202,25,2022,59,3,1,651,,1,510,1,2,5,2,210,2,3,5,,2024-04-17 20:11
9481,243203,25,2022,35,3,1,561,2021m7,1,442,1,2,5,2,300,1,3,5,,2024-04-17 20:11
10063,243204,25,2022,33,4,1,141,2020m8,1,510,1,1,11,1,300,1,3,5,,2024-04-17 20:11
5910,243303,25,2022,47,3,1,262,2020m10,1,743,1,3,5,2,225,1,3,5,,2024-04-17 20:11
7655,243401,25,2022,54,6,2,682,2013m7,4,274,2,1,5,1,150,,3,5,,2024-04-17 20:11
2435,243501,25,2022,60,3,1,492,2009m6,1,875,1,3,5,1,430,1,2,4,,2024-04-17 20:11
8518,243502,25,2022,55,3,2,682,2018m1,4,274,2,3,5,2,100,,3,5,,2024-04-17 20:11
10395,243503,25,2022,31,6,2,715,2022m2,4,271,2,2,5,2,1000,,2,4,,2024-04-17 20:11
9687,243504,25,2022,29,5,1,382,2020m6,1,882,1,2,5,1,335,1,3,4,,2024-04-17 20:11
2438,243802,25,2022,73,2,1,841,2019m1,2,429,1,3,5,2,31,2,3,5,,2024-04-17 20:11
2438,243804,25,2022,48,6,,,,,,,1,5,1,,,,5,,2024-04-17 20:11
2439,243901,25,2022,62,3,1,475,2019m11,1,521,1,2,5,1,350,1,3,5,,2024-04-17 20:11
2439,243902,25,2022,60,3,1,872,2021m6,1,421,1,2,5,2,62,1,3,5,,2024-04-17 20:11
2440,244002,25,2022,69,2,1,872,2021m2,2,941,1,3,5,2,40,2,2,6,,2024-04-17 20:11
7847,244004,25,2022,41,3,2,493,2017m9,4,873,2,2,5,1,700,,3,5,,2024-04-17 20:11
2441,244101,25,2022,72,3,1,721,2020m8,1,235,1,2,5,1,398,1,3,4,,2024-04-17 20:11
2441,244102,25,2022,68,3,,,,,,,2,5,2,,,,4,,2024-04-17 20:11
2442,244201,25,2022,67,2,1,411,2022m6,2,941,1,2,5,1,220,2,3,5,,2024-04-17 20:11
2442,244202,25,2022,64,3,,,,,,,2,5,2,,,,5,,2024-04-17 20:11
9817,244204,25,2022,41,6,1,284,2014m4,1,312,1,2,5,1,268,1,3,5,,2024-04-17 20:11
7049,244403,25,2022,57,3,,,,,,,1,5,2,,,,4,,2024-04-17 20:11
2445,244501,25,2022,57,2,,,,,,,1,5,1,,,,6,,2024-04-17 20:11
2445,244503,25,2022,65,2,,,,,,,3,5,1,,,,6,,2024-04-17 20:11
2446,244602,25,2022,85,2,,,,,,,3,5,2,,,,6,,2024-04-17 20:11
9896,244603,25,2022,62,3,,,,,,,2,5,1,,,,6,,2024-04-17 20:11
9896,244604,25,2022,61,3,,,,,,,2,5,2,,,,6,,2024-04-17 20:11
2446,244605,25,2022,54,3,1,561,2015m9,2,442,1,1,5,1,190,2,3,5,,2024-04-17 20:11
2447,244702,25,2022,53,3,2,662,,4,510,2,2,5,2,100,,3,5,,2024-04-17 20:11
2447,244703,25,2022,26,3,1,464,2021m10,1,312,1,1,5,2,200,2,3,5,,2024-04-17 20:11
2447,244707,25,2022,54,3,1,242,2019m12,1,841,1,2,5,1,239,1,3,5,,2024-04-17 20:11
2448,244801,25,2022,56,3,1,303,2007m9,1,854,1,2,5,1,320,1,3,5,,2024-04-17 20:11
2448,244802,25,2022,55,3,,,,,,,2,5,2,,,,5,,2024-04-17 20:11
2448,244803,25,2022,31,6,1,759,2021m3,1,399,1,1,5,2,240,1,3,5,,2024-04-17 20:11
9984,244804,25,2022,29,5,1,751,2016m11,1,412,1,1,5,1,352,1,3,4,,2024-04-17 20:11
2449,244901,25,2022,64,3,,,,,,,2,5,1,,,,4,,2024-04-17 20:11
2449,244902,25,2022,62,3,,,,,,,2,5,2,,,,4,,2024-04-17 20:11
9106,244903,25,2022,38,5,1,872,2020m3,1,247,1,2,1,2,265,1,4,5,,2024-04-17 20:11
2450,245001,25,2022,74,2,,,,,,,3,5,2,,,,5,,2024-04-17 20:11
8292,245002,25,2022,52,3,1,411,2009m5,3,782,1,2,5,1,228,2,3,5,,2024-04-17 20:11
5060,245003,25,2022,49,3,1,472,2018m1,1,521,1,3,5,2,200,1,2,5,,2024-04-17 20:11
9595,245004,25,2022,26,3,1,478,2021m10,1,521,1,2,5,2,188,1,3,5,,2024-04-17 20:11
2450,245011,25,2022,54,3,1,423,2022m7,1,762,1,2,5,1,300,1,3,5,,2024-04-17 20:11
2451,245101,25,2022,67,3,1,492,1997m12,1,875,1,2,5,1,150,1,3,5,,2024-04-17 20:11
2451,245102,25,2022,63,2,,,,,,,2,5,2,,,,5,,2024-04-17 20:11
9639,245103,25,2022,38,6,1,852,2016m8,1,286,1,2,5,1,480,2,2,5,,2024-04-17 20:11
2452,245201,25,2022,61,2,,,,,,,2,5,2,,,,4,,2024-04-17 20:11
2452,245202,25,2022,65,3,2,222,2005m6,4,312,2,2,5,1,900,,3,4,,2024-04-17 20:11
7848,245302,25,2022,43,3,1,465,2009m8,1,922,1,2,5,1,273,1,4,5,,2024-04-17 20:11
2454,245401,25,2022,68,2,2,424,2007m7,4,782,2,2,5,1,400,,3,5,,2024-04-17 20:11
2454,245402,25,2022,67,2,,,,,,,2,5,2,,,,5,,2024-04-17 20:11
7349,245403,25,2022,43,4,1,949,2020m6,1,314,1,2,5,2,250,1,3,6,,2024-04-17 20:11
8085,245404,25,2022,41,3,1,952,2021m11,1,751,1,2,5,1,345,1,3,5,,2024-04-17 20:11
2455,245501,25,2022,59,3,1,561,2005m10,1,312,1,2,5,1,250,1,3,3,,2024-04-17 20:11
9398,245504,25,2022,29,3,1,741,2021m7,1,862,1,1,8,1,400,1,2,3,,2024-04-17 20:11
2455,245505,25,2022,60,3,1,471,2021m6,2,521,1,2,5,2,80,2,3,4,,2024-04-17 20:11
2456,245601,25,2022,75,3,1,841,2022m1,2,941,1,2,5,1,27,2,2,6,,2024-04-17 20:11
2456,245602,25,2022,72,3,1,742,2020m1,1,941,1,2,5,2,128,2,3,6,,2024-04-17 20:11
7660,245603,25,2022,46,6,1,251,2014m10,1,274,1,2,5,1,650,1,2,4,,2024-04-17 20:11
9107,245604,25,2022,39,6,,,,,,,2,5,2,,,,4,,2024-04-17 20:11
2457,245701,25,2022,67,2,1,871,2016m10,1,429,1,3,5,2,180,1,3,5,,2024-04-17 20:11
2457,245702,25,2022,36,3,1,243,2006m12,1,841,1,1,5,1,285,1,3,5,,2024-04-17 20:11
2457,245703,25,2022,35,5,1,332,2019m9,1,313,1,1,5,2,260,1,3,5,,2024-04-17 20:11
2458,245801,25,2022,69,2,1,682,2010m12,1,862,1,2,5,1,250,1,3,4,,2024-04-17 20:11
2458,245802,25,2022,66,2,,,,,,,2,5,2,,,,5,,2024-04-17 20:11
7350,245803,25,2022,43,6,1,641,2012m3,1,320,1,2,5,1,664,1,2,4,,2024-04-17 20:11
2459,245902,25,2022,57,2,1,561,2019m6,3,442,1,3,5,2,90,2,3,5,,2024-04-17 20:11
8653,245903,25,2022,38,5,1,423,2012m9,1,771,1,1,5,1,390,1,3,4,,2024-04-17 20:11
6837,245904,25,2022,37,5,1,320,2022m4,1,313,1,2,5,2,190,1,2,4,,2024-04-17 20:11
2460,246001,25,2022,79,2,2,11,,4,611,2,2,5,1,100,,3,5,,2024-04-17 20:11
2460,246002,25,2022,75,2,,,,,,,2,5,2,,,,6,,2024-04-17 20:11
5186,246003,25,2022,52,3,1,301,1993m6,1,854,1,2,8,1,780,1,2,3,,2024-04-17 20:11
6263,246004,25,2022,45,6,1,222,2018m1,1,313,1,2,8,2,250,1,2,3,,2024-04-17 20:11
2461,246101,25,2022,61,3,2,12,1981m6,4,613,2,2,5,1,250,,3,4,,2024-04-17 20:11
2461,246102,25,2022,59,3,3,12,1992m10,5,613,2,2,5,2,,,3,5,,2024-04-17 20:11
2461,246103,25,2022,84,1,,,,,,,3,5,2,,,,5,,2024-04-17 20:11
2461,246104,25,2022,29,5,1,461,2015m8,1,312,1,1,5,2,200,1,3,5,,2024-04-17 20:11
2461,246105,25,2022,27,4,,,,,,,1,5,1,,,,5,,2024-04-17 20:11
2462,246201,25,2022,62,3,2,11,2001m8,4,611,2,2,5,1,200,,4,5,,2024-04-17 20:11
2462,246202,25,2022,60,2,,,,,,,2,5,2,,,,5,,2024-04-17 20:11
10396,246203,25,2022,35,5,1,862,2021m11,1,246,1,1,5,2,240,1,3,4,,2024-04-17 20:11
9677,246204,25,2022,32,5,1,478,2020m7,1,521,1,2,5,2,80,1,3,5,,2024-04-17 20:11
8519,246205,25,2022,29,5,1,291,2020m8,1,312,1,1,5,2,191,1,3,5,,2024-04-17 20:11
5805,246207,25,2022,96,1,,,,,,,3,5,2,,,,6,,2024-04-17 20:11
2464,246402,25,2022,82,2,,,,,,,3,6,2,,,,5,,2024-04-17 20:11
6118,246403,25,2022,54,6,3,862,2020m3,5,312,2,2,12,2,,,2,4,,2024-04-17 20:11
10393,246404,25,2022,51,6,2,562,2020m1,4,441,2,3,6,2,250,,2,4,,2024-04-17 20:11
7465,246405,25,2022,48,6,1,492,2022m2,2,,1,1,6,1,120,2,3,6,,2024-04-17 20:11
7466,246406,25,2022,45,6,2,462,2015m1,4,521,2,1,6,1,250,,3,5,,2024-04-17 20:11
2465,246501,25,2022,50,6,2,478,2004m1,4,521,2,2,13,2,1000,,2,3,,2024-04-17 20:11
2465,246502,25,2022,50,3,3,478,2006m8,5,791,2,2,13,1,,,3,4,,2024-04-17 20:11
2465,246504,25,2022,22,4,,,,,,,1,13,1,,,,4,,2024-04-17 20:11
2467,246702,25,2022,77,3,,,,,,,2,6,2,,,,5,,2024-04-17 20:11
2470,247001,25,2022,66,3,1,861,2017m1,2,330,1,2,6,1,230,2,2,4,,2024-04-17 20:11
2470,247002,25,2022,64,3,,,,,,,2,6,2,,,,3,,2024-04-17 20:11
2471,247101,25,2022,73,2,1,841,2022m1,2,,1,2,6,1,27,2,3,4,,2024-04-17 20:11
2471,247102,25,2022,69,2,1,969,2020m6,3,429,1,2,6,2,133,2,3,4,,2024-04-17 20:11
2473,247301,25,2022,73,2,1,872,2017m9,2,941,1,3,6,2,27,2,2,4,,2024-04-17 20:11
5398,247302,25,2022,49,6,,,,,,,2,6,2,,,,4,,2024-04-17 20:11
2475,247501,25,2022,66,4,2,423,2014m3,4,312,2,2,6,1,600,,2,3,,2024-04-17 20:11
2475,247502,25,2022,63,3,3,423,2014m3,5,510,2,2,6,2,,,2,3,,2024-04-17 20:11
9109,247503,25,2022,36,4,2,855,2021m11,4,254,2,2,13,2,500,,2,3,,2024-04-17 20:11
9640,247504,25,2022,33,4,2,612,2016m2,4,531,2,1,6,1,600,,2,4,,2024-04-17 20:11
2476,247601,25,2022,60,2,2,969,2004m9,4,823,2,2,6,1,250,,3,4,,2024-04-17 20:11
2476,247602,25,2022,55,3,1,352,2016m9,1,992,1,2,6,2,223,2,3,4,,2024-04-17 20:11
9818,247603,25,2022,29,5,1,843,2014m4,1,980,1,1,6,1,360,1,2,4,,2024-04-17 20:11
2476,247604,25,2022,22,4,,,,,,,1,6,1,,,,4,,2024-04-17 20:11
2477,247702,25,2022,86,2,,,,,,,3,6,2,,,,4,,2024-04-17 20:11
2478,247802,25,2022,65,2,,,,,,,3,6,2,,,,5,,2024-04-17 20:11
8520,247804,25,2022,39,6,1,872,2020m1,1,247,1,2,15,2,160,1,3,5,,2024-04-17 20:11
2483,248301,25,2022,76,2,,,,,,,2,6,1,,,,4,,2024-04-17 20:11
2483,248302,25,2022,71,2,1,742,2014m10,3,941,1,2,6,2,80,2,3,5,,2024-04-17 20:11
7351,248305,25,2022,43,5,1,649,2017m10,1,274,1,2,8,1,280,1,2,4,,2024-04-17 20:11
7965,248401,25,2022,56,3,1,912,2019m7,1,771,1,3,6,1,150,2,3,5,,2024-04-17 20:11
2484,248402,25,2022,56,6,1,872,2022m3,1,441,1,3,6,2,130,2,4,4,,2024-04-17 20:11
2484,248403,25,2022,31,5,1,862,2022m5,1,245,1,1,6,2,70,2,3,4,,2024-04-17 20:11
9482,248404,25,2022,29,3,1,111,2016m5,1,899,1,1,8,1,225,1,3,4,,2024-04-17 20:11
2486,248601,25,2022,75,2,2,682,2012m8,4,274,2,2,6,1,100,,3,4,,2024-04-17 20:11
2486,248602,25,2022,68,3,,,,,,,2,6,2,,,,4,,2024-04-17 20:11
9399,248604,25,2022,35,6,1,474,2018m8,1,521,1,2,6,2,220,1,3,4,,2024-04-17 20:11
5187,248701,25,2022,56,3,2,102,2004m5,4,710,2,2,12,1,400,,4,5,,2024-04-17 20:11
5187,248704,25,2022,28,3,2,562,2021m3,4,442,2,1,12,2,150,,3,4,,2024-04-17 20:11
5187,248705,25,2022,28,6,,,,,,,1,12,2,,,,4,,2024-04-17 20:11
5187,248706,25,2022,27,3,1,562,2021m3,2,442,1,1,12,2,90,2,3,4,,2024-04-17 20:11
2488,248801,25,2022,83,2,,,,,,,3,6,1,,,,4,,2024-04-17 20:11
5338,248803,25,2022,50,6,1,841,2019m5,1,312,1,2,8,1,480,1,3,4,,2024-04-17 20:11
2489,248901,25,2022,57,3,1,132,2006m2,1,721,1,2,6,1,300,1,3,4,,2024-04-17 20:11
2489,248902,25,2022,56,3,1,262,2009m5,1,863,1,2,6,2,220,1,3,4,,2024-04-17 20:11
9819,248903,25,2022,31,6,,,,,,,2,6,2,,,,3,,2024-04-17 20:11
2491,249101,25,2022,50,5,1,529,2018m1,1,271,1,2,7,1,450,1,2,3,,2024-04-17 20:11
6107,249102,25,2022,48,5,1,471,2022m3,1,953,1,2,15,2,120,1,3,4,,2024-04-17 20:11
2491,249103,25,2022,40,3,1,529,2019m5,1,271,1,2,7,2,230,1,3,3,,2024-04-17 20:11
2491,249104,25,2022,17,2,,,,,,,1,7,2,,,,4,,2024-04-17 20:11
2491,249106,25,2022,81,3,,,,,,,2,7,1,,,,4,,2024-04-17 20:11
2491,249107,25,2022,74,2,,,,,,,2,7,2,,,,4,,2024-04-17 20:11
2492,249202,25,2022,51,3,2,561,2019m1,4,441,2,3,8,2,300,,3,5,,2024-04-17 20:11
10331,249203,25,2022,29,5,1,411,2017m10,1,782,1,1,8,1,320,1,2,5,,2024-04-17 20:11
10332,249204,25,2022,27,4,1,561,,1,442,1,1,8,1,300,1,3,5,,2024-04-17 20:11
2493,249301,25,2022,66,2,1,411,1975m3,3,782,1,3,6,1,170,2,4,5,,2024-04-17 20:11
7849,249302,25,2022,59,2,2,561,2019m7,4,441,2,3,6,2,250,,3,5,,2024-04-17 20:11
6758,249304,25,2022,39,5,,,,,,,1,6,2,,,,5,,2024-04-17 20:11
2495,249501,25,2022,50,3,2,424,2007m9,4,783,2,2,6,1,250,,3,5,,2024-04-17 20:11
2495,249502,25,2022,48,3,2,651,2018m3,4,531,2,2,6,2,200,,3,5,,2024-04-17 20:11
7222,249503,25,2022,40,6,1,949,2022m1,1,248,1,2,13,1,250,1,2,5,,2024-04-17 20:11
2495,249504,25,2022,25,6,,,,,,,1,6,1,,,,5,,2024-04-17 20:11
2495,249505,25,2022,17,2,,,,,,,1,6,1,,,,5,,2024-04-17 20:11
2496,249601,25,2022,75,2,,,,,,,3,6,2,,,,5,,2024-04-17 20:11
6588,249602,25,2022,48,3,1,872,2020m5,2,421,1,2,6,2,150,2,2,4,,2024-04-17 20:11
5075,249603,25,2022,44,3,1,872,2022m5,1,421,1,2,6,2,29,2,3,4,,2024-04-17 20:11
7174,249604,25,2022,42,5,1,762,2007m6,1,,1,2,8,1,560,2,2,4,,2024-04-17 20:11
2497,249702,25,2022,76,2,1,841,2020m2,2,941,1,3,6,2,30,2,3,5,,2024-04-17 20:11
9110,249703,25,2022,50,3,2,259,2017m6,4,851,2,2,6,1,500,,3,4,,2024-04-17 20:11
2497,249705,25,2022,46,2,1,303,2019m2,2,874,1,1,6,1,220,2,3,4,,2024-04-17 20:11
9021,249708,25,2022,22,3,1,562,2020m8,1,442,1,1,6,1,60,2,2,5,,2024-04-17 20:11
2499,249901,25,2022,53,3,1,521,2020m3,1,874,1,1,6,1,300,1,3,5,,2024-04-17 20:11
2501,250101,25,2022,52,3,1,162,2008m11,1,312,1,2,8,1,350,2,3,3,,2024-04-17 20:11
2502,250202,25,2022,86,2,1,872,2021m2,2,,1,3,6,2,27,2,2,4,,2024-04-17 20:11
2502,250203,25,2022,56,3,1,651,,2,510,1,1,6,2,,2,3,4,,2024-04-17 20:11
6554,250204,25,2022,53,6,,,,,,,2,6,2,,,,5,,2024-04-17 20:11
8864,250205,25,2022,49,5,2,961,2022m4,4,422,2,2,6,1,50,,3,5,,2024-04-17 20:11
2503,250301,25,2022,73,3,,,,,,,2,6,1,,,,3,,2024-04-17 20:11
2503,250302,25,2022,69,3,,,,,,,2,6,2,,,,3,,2024-04-17 20:11
6919,250303,25,2022,43,5,1,473,2015m9,2,314,1,2,6,2,180,2,3,4,,2024-04-17 20:11
2504,250401,25,2022,73,6,,,,,,,2,6,1,,,,3,,2024-04-17 20:11
2504,250402,25,2022,69,6,2,855,2016m1,4,254,2,2,6,2,70,,2,3,,2024-04-17 20:11
2504,250403,25,2022,43,4,2,11,2021m8,4,611,2,1,6,1,200,,3,4,,2024-04-17 20:11
9483,250404,25,2022,41,4,2,463,2013m1,4,521,2,1,6,1,250,,4,6,,2024-04-17 20:11
2505,250501,25,2022,76,2,1,872,2021m4,2,,1,2,6,1,27,2,2,4,,2024-04-17 20:11
2505,250502,25,2022,68,2,,,,,,,2,6,2,,,,4,,2024-04-17 20:11
6541,250503,25,2022,43,5,1,301,2004m5,1,854,1,2,6,1,650,1,3,3,,2024-04-17 20:11
6870,250504,25,2022,42,3,1,303,2005m12,1,854,1,2,19,1,610,1,3,3,,2024-04-17 20:11
2506,250601,25,2022,69,3,,,,,,,2,6,1,,,,3,,2024-04-17 20:11
2506,250602,25,2022,65,3,,,,,,,2,6,2,,,,4,,2024-04-17 20:11
2509,250901,25,2022,61,5,1,471,2015m7,1,312,1,2,6,1,300,1,3,5,,2024-04-17 20:11
2509,250902,25,2022,55,3,,,,,,,2,6,2,,,,5,,2024-04-17 20:11
9217,250903,25,2022,38,6,2,662,2021m12,4,312,2,2,6,2,200,,2,5,,2024-04-17 20:11
2512,251201,25,2022,57,3,1,291,1989m4,1,864,1,2,6,1,500,1,2,5,,2024-04-17 20:11
2512,251202,25,2022,54,4,1,285,2012m4,1,864,1,2,6,2,210,1,3,5,,2024-04-17 20:11
2512,251203,25,2022,27,6,1,204,2022m1,1,232,1,1,6,2,220,1,2,4,,2024-04-17 20:11
2512,251204,25,2022,26,3,1,476,2020m6,1,521,1,1,6,2,220,1,3,5,,2024-04-17 20:11
2512,251205,25,2022,20,4,,,,,,,1,6,2,,,,4,,2024-04-17 20:11
2513,251302,25,2022,78,6,2,856,2021m2,4,254,2,3,6,2,30,,2,4,,2024-04-17 20:11
2514,251401,25,2022,57,6,1,759,2020m9,1,320,1,2,6,1,500,1,3,3,,2024-04-17 20:11
2514,251402,25,2022,57,6,,,,,,,2,6,2,,,,3,,2024-04-17 20:11
2514,251403,25,2022,30,6,1,861,2022m1,1,243,1,1,6,2,240,1,3,3,,2024-04-17 20:11
2514,251404,25,2022,26,6,1,872,2020m12,1,247,1,1,6,2,220,2,3,3,,2024-04-17 20:11
2514,251405,25,2022,19,4,,,,,,,1,6,1,,,,3,,2024-04-17 20:11
2515,251502,25,2022,58,3,1,861,2014m4,1,441,1,3,6,2,320,1,2,4,,2024-04-17 20:11
8866,251503,25,2022,35,5,,,,,,,2,13,2,,,,3,,2024-04-17 20:11
9820,251504,25,2022,31,5,1,861,2017m4,1,243,1,2,6,2,280,1,3,3,,2024-04-17 20:11
9985,251505,25,2022,28,4,1,351,2020m7,1,392,1,1,12,1,315,1,2,4,,2024-04-17 20:11
6380,251702,25,2022,57,6,1,681,1990m3,1,312,1,1,6,2,800,1,2,4,,2024-04-17 20:11
2518,251801,25,2022,57,6,2,471,2019m10,4,521,2,2,6,1,200,,4,4,,2024-04-17 20:11
2518,251802,25,2022,55,5,2,471,2017m7,4,521,2,2,6,2,,,5,4,,2024-04-17 20:11
2518,251804,25,2022,28,5,3,471,2022m2,5,521,2,1,6,1,,,3,4,,2024-04-17 20:11
2521,252101,25,2022,70,2,,,,,,,2,6,1,,,,4,,2024-04-17 20:11
2521,252102,25,2022,68,2,,,,,,,2,6,2,,,,4,,2024-04-17 20:11
2522,252201,25,2022,72,3,2,11,2022m4,4,611,2,2,6,1,,,3,4,,2024-04-17 20:11
2522,252202,25,2022,69,3,,,,,,,2,6,2,,,,5,,2024-04-17 20:11
2523,252301,25,2022,48,4,1,721,2010m2,1,231,1,2,6,1,560,1,2,3,,2024-04-17 20:11
2523,252302,25,2022,47,5,1,261,2013m4,1,313,1,2,6,2,392,1,2,3,,2024-04-17 20:11
2525,252501,25,2022,78,6,,,,,,,2,6,1,,,,3,,2024-04-17 20:11
2525,252502,25,2022,75,3,,,,,,,2,6,2,,,,3,,2024-04-17 20:11
2526,252601,25,2022,56,3,2,952,2015m1,4,751,2,2,13,1,400,,3,4,,2024-04-17 20:11
2526,252602,25,2022,55,3,2,961,2020m5,4,422,2,2,13,2,300,,2,4,,2024-04-17 20:11
10149,252603,25,2022,24,5,1,411,2022m4,2,312,1,1,13,1,330,2,3,4,,2024-04-17 20:11
10237,252604,25,2022,24,6,1,861,2021m2,1,243,1,1,6,2,352,1,4,4,,2024-04-17 20:11
2526,252605,25,2022,23,4,,,,,,,1,13,1,,,,4,,2024-04-17 20:11
2527,252702,25,2022,80,1,,,,,,,3,13,2,,,,4,,2024-04-17 20:11
2528,252801,25,2022,72,3,2,855,2020m3,4,873,2,2,6,1,200,,3,4,,2024-04-17 20:11
2528,252802,25,2022,66,3,1,861,2017m5,1,246,1,2,6,2,180,2,3,4,,2024-04-17 20:11
9400,252803,25,2022,40,4,1,222,2021m4,1,832,1,1,8,1,340,1,3,4,,2024-04-17 20:11
2528,252804,25,2022,39,6,1,181,2020m2,1,892,1,1,6,2,200,2,2,4,,2024-04-17 20:11
2528,252805,25,2022,33,6,2,662,2016m8,4,510,2,1,6,1,250,,2,4,,2024-04-17 20:11
7353,253102,25,2022,52,3,1,682,2014m3,2,274,1,3,6,2,200,2,2,5,,2024-04-17 20:11
2532,253202,25,2022,88,3,,,,,,,3,6,2,,,,4,,2024-04-17 20:11
2533,253301,25,2022,61,6,2,320,1994m11,4,730,2,2,6,1,250,,3,5,,2024-04-17 20:11
2533,253302,25,2022,59,3,3,320,2011m5,5,314,2,2,6,2,,,2,5,,2024-04-17 20:11
2533,253303,25,2022,32,6,1,851,2014m3,1,252,1,1,6,1,350,1,1,4,,2024-04-17 20:11
9401,253304,25,2022,31,6,1,641,2015m10,1,320,1,2,1,2,450,1,2,3,,2024-04-17 20:11
6668,253403,25,2022,44,4,1,872,2015m6,1,441,1,2,1,2,190,1,2,4,,2024-04-17 20:11
8086,253601,25,2022,45,6,2,493,2018m3,4,873,2,2,6,1,500,,2,4,,2024-04-17 20:11
2536,253602,25,2022,44,6,1,851,2001m3,1,252,1,1,6,2,400,1,2,5,,2024-04-17 20:11
8087,253603,25,2022,42,6,,,,,,,2,8,2,,,,3,,2024-04-17 20:11
5912,253703,25,2022,48,4,1,351,2003m8,1,771,1,3,13,1,350,1,2,4,,2024-04-17 20:11
2538,253802,25,2022,69,3,,,,,,,3,8,2,,,,5,,2024-04-17 20:11
8521,253804,25,2022,39,5,1,423,2021m6,1,762,1,2,8,1,420,1,2,3,,2024-04-17 20:11
2539,253901,25,2022,67,3,1,682,2013m4,1,139,1,2,1,1,300,2,2,4,,2024-04-17 20:11
2539,253902,25,2022,68,3,1,204,2003m11,1,312,1,2,1,2,143,1,2,4,,2024-04-17 20:11
8503,253904,25,2022,39,6,1,855,2014m7,1,254,1,2,1,1,90,2,3,4,,2024-04-17 20:11
2543,254302,25,2022,75,2,,,,,,,3,6,2,,,,5,,2024-04-17 20:11
2543,254303,25,2022,25,3,1,222,2020m7,1,832,1,1,6,1,260,2,3,5,,2024-04-17 20:11
2544,254401,25,2022,81,3,,,,,,,2,13,1,,,,4,,2024-04-17 20:11
2544,254402,25,2022,76,2,,,,,,,2,13,2,,,,4,,2024-04-17 20:11
6854,254403,25,2022,47,6,2,411,2017m1,4,782,2,2,6,1,300,,3,4,,2024-04-17 20:11
5399,254404,25,2022,49,6,2,862,2016m4,4,241,2,2,11,1,700,,2,3,,2024-04-17 20:11
2545,254503,25,2022,68,2,,,,,,,3,6,2,,,,5,,2024-04-17 20:11
2546,254601,25,2022,74,1,1,191,2010m3,2,843,1,2,6,1,200,2,3,4,,2024-04-17 20:11
2546,254602,25,2022,69,2,,,,,,,2,6,2,,,,4,,2024-04-17 20:11
8762,254903,25,2022,42,4,1,844,2007m10,1,411,1,2,6,1,500,1,2,3,,2024-04-17 20:11
2550,255001,25,2022,74,6,,,,,,,2,6,1,,,,3,,2024-04-17 20:11
2550,255002,25,2022,72,3,,,,,,,2,6,2,,,,3,,2024-04-17 20:11
7052,255003,25,2022,45,6,1,661,2003m7,1,272,1,2,8,1,500,1,2,3,,2024-04-17 20:11
7663,255004,25,2022,41,6,2,855,2015m1,4,254,2,2,13,2,100,,2,4,,2024-04-17 20:11
2551,255102,25,2022,83,2,,,,,,,3,6,2,,,,3,,2024-04-17 20:11
2551,255103,25,2022,51,6,,,,,,,1,6,1,,,,4,,2024-04-17 20:11
5494,255104,25,2022,48,5,1,871,2018m11,1,247,1,2,6,2,230,1,3,4,,2024-04-17 20:11
2552,255202,25,2022,63,3,,,,,,,3,6,2,,,,4,,2024-04-17 20:11
7229,255203,25,2022,42,6,1,301,2007m7,1,312,1,2,8,1,600,1,2,3,,2024-04-17 20:11
2554,255401,25,2022,73,6,1,872,2012m9,2,930,1,2,6,1,91,2,2,4,,2024-04-17 20:11
2554,255402,25,2022,72,2,,,,,,,2,6,2,,,,4,,2024-04-17 20:11
5346,255403,25,2022,47,6,1,856,2018m11,2,254,1,2,6,2,120,2,2,4,,2024-04-17 20:11
7213,255404,25,2022,44,6,,,,,,,2,6,2,,,,3,,2024-04-17 20:11
9218,255405,25,2022,42,6,1,639,2018m12,1,222,1,2,11,1,515,1,2,4,,2024-04-17 20:11
2555,255501,25,2022,54,6,1,463,2016m1,1,510,1,2,6,1,350,1,3,4,,2024-04-17 20:11
2555,255502,25,2022,53,6,1,474,2020m7,2,521,1,2,6,2,100,2,3,4,,2024-04-17 20:11
2555,255503,25,2022,26,4,1,474,2017m10,1,521,1,1,6,2,180,1,3,4,,2024-04-17 20:11
2555,255504,25,2022,18,2,,,,,,,1,6,1,,,,4,,2024-04-17 20:11
2557,255701,25,2022,67,6,,,,,,,2,6,1,,,,4,,2024-04-17 20:11
2557,255702,25,2022,64,3,,,,,,,2,6,2,,,,4,,2024-04-17 20:11
2558,255802,25,2022,58,2,2,467,1999m7,4,521,2,2,6,1,1000,,3,3,,2024-04-17 20:11
2558,255803,25,2022,55,3,,,,,,,2,6,2,,,,3,,2024-04-17 20:11
2559,255901,25,2022,62,3,,,,,,,2,6,2,,,,4,,2024-04-17 20:11
2559,255902,25,2022,64,6,,,,,,,2,6,1,,,,4,,2024-04-17 20:11
10333,255903,25,2022,38,6,1,844,2019m5,1,411,1,2,1,1,350,1,3,3,,2024-04-17 20:11
2560,256002,25,2022,53,3,1,855,2008m6,2,314,1,3,6,2,250,2,3,5,,2024-04-17 20:11
5467,256004,25,2022,76,2,,,,,,,3,6,2,,,,4,,2024-04-17 20:11
5339,256005,25,2022,48,6,2,855,2002m5,4,254,2,2,6,2,1500,,3,3,,2024-04-17 20:11
9589,256006,25,2022,41,6,2,855,2017m3,4,254,2,2,13,2,500,,1,2,,2024-04-17 20:11
2561,256101,25,2022,72,6,,,,,,,2,6,1,,,,4,,2024-04-17 20:11
2561,256102,25,2022,69,3,,,,,,,2,6,2,,,,4,,2024-04-17 20:11
5818,256103,25,2022,43,6,,,,,,,2,6,2,,,,3,,2024-04-17 20:11
2562,256201,25,2022,88,6,,,,,,,2,6,1,,,,3,,2024-04-17 20:11
2562,256202,25,2022,79,3,,,,,,,2,6,2,,,,4,,2024-04-17 20:11
2563,256301,25,2022,57,3,,,,,,,2,6,1,,,,4,,2024-04-17 20:11
2563,256302,25,2022,57,6,2,562,2019m11,4,442,2,2,6,2,1000,,2,4,,2024-04-17 20:11
2566,256601,25,2022,72,3,1,872,2022m3,2,412,1,2,6,1,27,2,3,5,,2024-04-17 20:11
2566,256602,25,2022,70,2,,,,,,,2,6,2,,,,5,,2024-04-17 20:11
2568,256801,25,2022,81,2,1,841,2021m2,3,,1,3,6,2,27,2,2,5,,2024-04-17 20:11
6760,256802,25,2022,54,6,1,221,2015m4,1,832,1,2,6,1,220,2,3,4,,2024-04-17 20:11
8977,256803,25,2022,32,6,1,856,2019m8,1,312,1,1,1,2,200,1,3,5,,2024-04-17 20:11
9220,256804,25,2022,30,6,1,852,2021m3,2,252,1,1,6,1,230,2,3,4,,2024-04-17 20:11
9220,256805,25,2022,59,5,,,,,,,3,6,2,,,,4,,2024-04-17 20:11
6542,256904,25,2022,43,5,1,872,2017m9,1,247,1,2,6,2,180,2,2,4,,2024-04-17 20:11
2570,257001,25,2022,71,2,2,475,1994m10,4,521,2,2,6,1,150,,3,4,,2024-04-17 20:11
2570,257002,25,2022,67,2,1,751,2016m5,1,941,1,2,6,2,190,2,2,4,,2024-04-17 20:11
9112,257004,25,2022,38,6,1,753,2015m4,1,412,1,2,6,1,360,1,2,4,,2024-04-17 20:11
2572,257201,25,2022,85,6,1,562,2014m7,1,942,1,2,6,1,70,2,2,4,,2024-04-17 20:11
2572,257202,25,2022,80,2,,,,,,,2,6,2,,,,4,,2024-04-17 20:11
2573,257301,25,2022,58,5,1,872,2019m10,1,247,1,2,6,1,240,1,3,4,,2024-04-17 20:11
2573,257302,25,2022,58,4,1,651,,1,510,1,2,6,2,300,1,2,4,,2024-04-17 20:11
2573,257303,25,2022,30,6,1,842,2021m2,1,262,1,1,6,2,320,1,3,3,,2024-04-17 20:11
2573,257304,25,2022,28,6,1,856,2019m10,1,273,1,1,6,2,198,1,2,5,,2024-04-17 20:11
2574,257401,25,2022,87,6,,,,,,,2,6,1,,,,4,,2024-04-17 20:11
2574,257402,25,2022,82,3,,,,,,,2,6,2,,,,4,,2024-04-17 20:11
2575,257501,25,2022,77,3,,,,,,,2,6,1,,,,3,,2024-04-17 20:11
2575,257502,25,2022,66,3,,,,,,,2,6,2,,,,3,,2024-04-17 20:11
8657,257506,25,2022,40,6,1,711,2021m5,1,261,1,2,11,1,815,1,2,3,,2024-04-17 20:11
2576,257601,25,2022,82,2,,,,,,,2,6,1,,,,5,,2024-04-17 20:11
2576,257602,25,2022,82,2,,,,,,,2,6,2,,,,5,,2024-04-17 20:11
6817,257603,25,2022,53,6,,,,,,,2,6,2,,,,4,,2024-04-17 20:11
5088,257606,25,2022,54,6,,,,,,,2,6,2,,,,4,,2024-04-17 20:11
2577,257701,25,2022,72,6,2,241,1982m7,4,841,2,2,6,1,3000,,2,3,,2024-04-17 20:11
2577,257702,25,2022,70,5,,,,,,,2,6,2,,,,3,,2024-04-17 20:11
8928,257803,25,2022,37,6,1,411,2022m3,3,782,1,2,8,1,300,2,2,5,,2024-04-17 20:11
2579,257901,25,2022,54,6,2,729,2005m2,4,236,2,2,6,1,200,,2,4,,2024-04-17 20:11
2579,257902,25,2022,53,3,,,,,,,2,6,2,,,,4,,2024-04-17 20:11
2579,257903,25,2022,16,2,,,,,,,1,6,2,,,,4,,2024-04-17 20:11
2581,258102,25,2022,89,2,,,,,,,2,13,1,,,,4,,2024-04-17 20:11
2581,258103,25,2022,80,1,1,841,2022m3,2,941,1,2,13,2,30,2,2,5,,2024-04-17 20:11
2582,258201,25,2022,58,6,1,411,2010m4,2,762,1,2,6,1,350,2,3,5,,2024-04-17 20:11
2582,258202,25,2022,54,3,1,465,2007m2,1,761,1,2,6,2,180,1,3,5,,2024-04-17 20:11
2582,258206,25,2022,28,6,1,841,2021m3,1,311,1,1,6,1,260,1,2,5,,2024-04-17 20:11
2583,258301,25,2022,49,6,1,714,2012m1,3,391,1,2,6,2,100,2,3,4,,2024-04-17 20:11
2583,258302,25,2022,53,5,1,412,2004m8,1,312,1,2,6,1,350,1,3,4,,2024-04-17 20:11
2583,258303,25,2022,15,2,,,,,,,1,6,2,,,,4,,2024-04-17 20:11
2585,258501,25,2022,76,2,1,872,2022m2,2,941,1,3,6,2,27,2,2,4,,2024-04-17 20:11
2591,259102,25,2022,83,2,,,,,,,3,6,2,,,,5,,2024-04-17 20:11
8090,259103,25,2022,50,6,1,841,2001m11,1,311,1,2,6,2,476,1,3,4,,2024-04-17 20:11
6762,259104,25,2022,48,6,1,852,2007m9,1,330,1,2,1,1,400,1,3,4,,2024-04-17 20:11
8090,259107,25,2022,20,4,,,,,,,1,6,1,,,,4,,2024-04-17 20:11
8090,259108,25,2022,18,4,,,,,,,1,6,1,,,,4,,2024-04-17 20:11
8090,259109,25,2022,16,2,,,,,,,1,6,1,,,,4,,2024-04-17 20:11
7468,259201,25,2022,74,3,,,,,,,3,13,1,,,,4,,2024-04-17 20:11
2592,259202,25,2022,74,2,,,,,,,3,6,2,,,,6,,2024-04-17 20:11
2594,259401,25,2022,72,2,2,467,2018m7,4,941,2,2,6,1,20,,3,4,,2024-04-17 20:11
2594,259402,25,2022,74,1,,,,,,,2,6,2,,,,4,,2024-04-17 20:11
5773,259403,25,2022,45,3,1,463,2019m3,1,312,1,3,16,1,240,1,4,5,,2024-04-17 20:11
8574,259404,25,2022,41,3,,,,,,,2,6,2,,,,4,,2024-04-17 20:11
2595,259501,25,2022,54,3,2,475,2018m12,4,753,2,2,6,1,1000,,3,3,,2024-04-17 20:11
2595,259502,25,2022,51,3,2,466,,4,312,2,2,6,2,,,3,3,,2024-04-17 20:11
5816,259503,25,2022,83,1,,,,,,,3,6,2,,,,4,,2024-04-17 20:11
2596,259601,25,2022,62,2,1,411,2006m11,3,743,1,3,6,1,200,2,4,4,,2024-04-17 20:11
7354,259802,25,2022,57,2,,,,,,,3,6,2,,,,5,,2024-04-17 20:11
2598,259805,25,2022,26,3,1,471,2021m11,2,521,1,1,6,1,200,2,3,5,,2024-04-17 20:11
2598,259806,25,2022,22,3,,,,,,,1,6,1,,,,6,,2024-04-17 20:11
2599,259901,25,2022,63,2,,,,,,,3,6,2,,,,5,,2024-04-17 20:11
2602,260202,25,2022,80,1,,,,,,,3,6,2,,,,4,,2024-04-17 20:11
2602,260203,25,2022,56,5,1,411,2012m2,1,782,1,2,6,1,300,1,3,4,,2024-04-17 20:11
2602,260204,25,2022,50,3,2,471,2017m9,4,521,2,2,6,2,300,,2,4,,2024-04-17 20:11
2602,260205,25,2022,26,6,1,649,2021m3,1,399,1,1,6,2,300,1,2,4,,2024-04-17 20:11
2603,260301,25,2022,56,3,1,221,1993m4,1,832,1,2,6,1,450,1,3,4,,2024-04-17 20:11
2603,260302,25,2022,51,6,2,11,2021m4,4,611,2,2,6,2,50,,3,4,,2024-04-17 20:11
10150,260303,25,2022,26,6,1,872,2022m3,1,247,1,1,6,2,220,1,2,4,,2024-04-17 20:11
10151,260304,25,2022,24,6,,,,,,,1,6,1,,,,4,,2024-04-17 20:11
2604,260401,25,2022,56,3,1,221,1988m10,1,312,1,2,6,1,420,1,3,5,,2024-04-17 20:11
2604,260402,25,2022,51,3,1,862,2016m8,1,246,1,2,6,2,234,1,2,5,,2024-04-17 20:11
2604,260404,25,2022,26,4,,,,,,,1,6,1,,,,5,,2024-04-17 20:11
2608,260801,25,2022,64,3,1,711,2013m4,1,330,1,2,6,1,200,1,3,5,,2024-04-17 20:11
2608,260802,25,2022,63,3,1,464,2019m5,1,521,1,2,6,2,200,1,3,5,,2024-04-17 20:11
2608,260803,25,2022,35,6,1,682,2021m12,1,312,1,1,6,1,200,1,3,4,,2024-04-17 20:11
2608,260804,25,2022,32,6,1,14,2020m1,1,312,1,1,6,1,200,1,3,5,,2024-04-17 20:11
2609,260901,25,2022,62,3,1,861,2022m1,1,421,1,3,6,2,220,2,3,5,,2024-04-17 20:11
2609,260902,25,2022,41,6,,,,,,,1,6,1,,,,5,,2024-04-17 20:11
2610,261002,25,2022,52,3,1,262,2011m4,1,863,1,3,6,2,230,1,3,5,,2024-04-17 20:11
2610,261003,25,2022,29,4,,,,,,,1,6,1,,,,5,,2024-04-17 20:11
2610,261004,25,2022,26,5,1,761,2021m12,1,522,1,1,6,1,200,1,3,5,,2024-04-17 20:11
2613,261301,25,2022,76,1,2,11,1972m6,4,611,2,3,6,2,50,,3,6,,2024-04-17 20:11
6555,261302,25,2022,49,5,1,423,2014m7,1,772,1,2,6,1,350,1,3,5,,2024-04-17 20:11
6556,261303,25,2022,49,5,1,239,2000m12,1,233,1,2,6,1,300,1,3,5,,2024-04-17 20:11
2614,261402,25,2022,91,2,,,,,,,3,6,2,,,,6,,2024-04-17 20:11
6310,261403,25,2022,55,3,1,529,2009m1,1,521,1,2,6,1,250,2,3,5,,2024-04-17 20:11
8929,261701,25,2022,86,1,,,,,,,3,6,2,,,,5,,2024-04-17 20:11
2617,261702,25,2022,59,2,2,11,2008m7,4,611,2,2,6,1,200,,3,5,,2024-04-17 20:11
2617,261703,25,2022,48,3,1,742,2020m3,3,941,1,2,6,2,60,2,3,5,,2024-04-17 20:11
2617,261704,25,2022,19,3,,,,,,,1,6,1,,,,5,,2024-04-17 20:11
2617,261705,25,2022,18,2,,,,,,,1,6,2,,,,5,,2024-04-17 20:11
2618,261801,25,2022,84,1,,,,,,,3,6,2,,,,5,,2024-04-17 20:11
2619,261901,25,2022,79,2,2,11,1974m6,4,611,2,2,6,1,150,,3,4,,2024-04-17 20:11
2619,261902,25,2022,79,1,3,11,2005m3,5,611,2,2,6,2,,,3,5,,2024-04-17 20:11
5662,261903,25,2022,51,5,1,422,2008m8,1,753,1,2,6,1,350,1,3,5,,2024-04-17 20:11
5315,261904,25,2022,48,5,1,204,2004m7,1,862,1,2,12,1,400,1,3,4,,2024-04-17 20:11
2620,262002,25,2022,82,2,1,841,2019m3,2,941,1,3,6,2,27,2,2,5,,2024-04-17 20:11
2621,262102,25,2022,62,2,1,292,2007m6,1,854,1,2,6,1,230,1,3,5,,2024-04-17 20:11
2621,262103,25,2022,58,2,,,,,,,2,6,2,,,,5,,2024-04-17 20:11
2622,262201,25,2022,86,1,,,,,,,3,6,2,,,,6,,2024-04-17 20:11
2623,262301,25,2022,56,6,1,381,1994m3,1,752,1,2,4,1,450,1,2,3,,2024-04-17 20:11
2623,262302,25,2022,55,3,,,,,,,2,4,2,,,,3,,2024-04-17 20:11
2625,262502,25,2022,83,2,1,841,2021m2,3,941,1,3,4,2,27,2,2,4,,2024-04-17 20:11
6340,262503,25,2022,54,5,2,465,2012m12,4,521,2,2,4,1,400,,3,4,,2024-04-17 20:11
2625,262504,25,2022,52,3,1,410,2019m2,3,910,1,3,4,1,200,2,3,5,,2024-04-17 20:11
2626,262601,25,2022,75,2,2,464,1978m4,4,521,2,2,4,1,400,,2,3,,2024-04-17 20:11
2626,262602,25,2022,73,2,3,474,1986m4,5,521,2,2,4,2,,,2,3,,2024-04-17 20:11
5304,262603,25,2022,50,3,,,,,,,2,4,2,,,,4,,2024-04-17 20:11
5754,262604,25,2022,48,5,1,521,2010m10,1,921,1,2,4,2,183,2,3,4,,2024-04-17 20:11
2627,262701,25,2022,67,2,,,,,,,3,4,1,,,,5,,2024-04-17 20:11
6613,262702,25,2022,61,3,2,132,2013m9,4,721,2,3,4,2,200,,3,5,,2024-04-17 20:11
6862,262703,25,2022,35,5,3,561,2020m1,5,441,2,2,11,2,,,4,5,,2024-04-17 20:11
2628,262801,25,2022,70,5,,,,,,,2,4,1,,,,4,,2024-04-17 20:11
2628,262802,25,2022,63,5,1,475,2021m5,1,521,1,2,4,2,240,1,3,3,,2024-04-17 20:11
2628,262804,25,2022,28,6,1,221,2021m12,1,832,1,1,4,1,250,2,3,4,,2024-04-17 20:11
5104,262902,25,2022,52,3,1,423,2003m12,1,762,1,3,4,1,500,1,2,4,,2024-04-17 20:11
5105,262903,25,2022,63,3,,,,,,,2,4,1,,,,4,,2024-04-17 20:11
5105,262904,25,2022,59,3,,,,,,,2,4,2,,,,4,,2024-04-17 20:11
9513,262905,25,2022,33,5,,,,,,,2,4,2,,,,4,,2024-04-17 20:11
5105,262906,25,2022,31,6,1,715,2015m4,1,312,1,1,4,1,320,1,3,4,,2024-04-17 20:11
2630,263002,25,2022,52,3,1,861,2009m8,1,243,1,3,4,2,220,1,3,4,,2024-04-17 20:11
10152,263003,25,2022,25,4,,,,,,,2,4,2,,,,5,,2024-04-17 20:11
10152,263004,25,2022,28,6,1,582,2019m1,1,222,1,2,4,1,250,1,2,4,,2024-04-17 20:11
2631,263101,25,2022,74,2,1,841,2021m3,2,941,1,2,4,1,200,2,2,4,,2024-04-17 20:11
2631,263102,25,2022,70,2,,,,,,,2,4,2,,,,4,,2024-04-17 20:11
6062,263103,25,2022,47,2,1,423,2022m1,1,762,1,2,4,1,350,1,2,4,,2024-04-17 20:11
6934,263105,25,2022,43,3,1,862,2018m9,1,246,1,2,4,2,230,1,2,5,,2024-04-17 20:11
2634,263401,25,2022,58,3,1,729,1993m3,1,236,1,2,4,1,450,1,3,4,,2024-04-17 20:11
2634,263402,25,2022,55,3,,,,,,,2,4,2,,,,4,,2024-04-17 20:11
2634,263403,25,2022,30,6,1,582,2018m3,1,222,1,1,4,1,300,1,2,4,,2024-04-17 20:11
2634,263404,25,2022,28,6,1,582,2020m3,1,222,1,1,4,1,260,1,3,4,,2024-04-17 20:11
2635,263501,25,2022,86,6,1,841,2017m9,3,942,1,2,4,1,27,2,2,5,,2024-04-17 20:11
2635,263502,25,2022,82,4,1,841,2020m3,3,941,1,2,4,2,27,2,2,5,,2024-04-17 20:11
2635,263503,25,2022,55,6,,,,,,,1,4,1,,,,5,,2024-04-17 20:11
2637,263702,25,2022,65,2,,,,,,,3,4,2,,,,4,,2024-04-17 20:11
6846,263703,25,2022,44,6,1,370,2019m7,1,881,1,2,4,1,340,1,3,4,,2024-04-17 20:11
2637,263704,25,2022,41,5,1,591,2015m10,1,285,1,1,4,1,380,1,2,4,,2024-04-17 20:11
2638,263802,25,2022,83,2,1,11,2022m3,3,991,1,3,11,2,50,2,2,4,,2024-04-17 20:11
5401,263803,25,2022,53,5,2,271,2003m10,4,245,2,2,11,1,550,,3,4,,2024-04-17 20:11
6057,263804,25,2022,48,4,1,844,1999m5,1,411,1,2,8,1,400,1,3,5,,2024-04-17 20:11
2640,264001,25,2022,80,2,,,,,,,2,4,1,,,,5,,2024-04-17 20:11
2640,264002,25,2022,69,1,,,,,,,2,4,2,,,,5,,2024-04-17 20:11
2640,264003,25,2022,47,6,1,611,2007m11,1,311,1,1,4,1,240,1,2,4,,2024-04-17 20:11
2640,264004,25,2022,45,5,,,,,,,1,4,2,,,,5,,2024-04-17 20:11
7160,264005,25,2022,43,5,1,264,2021m3,1,313,1,1,4,2,190,1,2,5,,2024-04-17 20:11
7160,264006,25,2022,40,3,,,,,,,1,4,2,,,,5,,2024-04-17 20:11
7160,264007,25,2022,38,5,,,,,,,1,4,2,,,,5,,2024-04-17 20:11
2642,264201,25,2022,81,2,,,,,,,3,4,1,,,,6,,2024-04-17 20:11
5512,264203,25,2022,49,3,1,494,2018m1,1,922,1,3,4,1,165,2,3,5,,2024-04-17 20:11
2643,264301,25,2022,61,2,,,,,,,3,10,1,,,,6,,2024-04-17 20:11
2643,264302,25,2022,59,2,2,682,2009m4,4,274,2,3,10,2,250,,3,5,,2024-04-17 20:11
2643,264303,25,2022,25,4,,,,,,,1,10,1,,,,5,,2024-04-17 20:11
2644,264401,25,2022,51,2,1,424,1992m4,3,783,1,2,1,1,250,2,3,4,,2024-04-17 20:11
2644,264402,25,2022,49,3,1,841,2013m3,2,,1,2,1,2,40,2,3,5,,2024-04-17 20:11
2644,264403,25,2022,25,3,1,682,2021m6,2,274,1,1,1,1,100,2,3,5,,2024-04-17 20:11
2644,264404,25,2022,23,3,1,759,2022m3,1,531,1,1,1,2,150,1,3,5,,2024-04-17 20:11
2645,264502,25,2022,69,3,1,742,2021m5,3,941,1,3,4,2,60,2,3,4,,2024-04-17 20:11
5341,264503,25,2022,48,5,1,463,2015m8,2,875,1,2,4,1,350,2,3,4,,2024-04-17 20:11
2646,264601,25,2022,70,2,2,11,1976m9,4,611,2,2,12,1,200,,2,3,,2024-04-17 20:11
2646,264602,25,2022,62,2,3,11,1980m10,5,611,2,2,12,2,,,2,3,,2024-04-17 20:11
6887,264603,25,2022,41,5,1,591,2005m12,2,284,1,1,1,1,500,2,3,5,,2024-04-17 20:11
2647,264701,25,2022,62,5,1,411,2018m4,3,782,1,2,4,1,400,2,2,4,,2024-04-17 20:11
2647,264702,25,2022,60,3,,,,,,,2,4,2,,,,4,,2024-04-17 20:11
9986,264703,25,2022,37,6,1,262,2022m3,1,312,1,2,4,1,380,1,2,4,,2024-04-17 20:11
7255,264704,25,2022,35,5,,,,,,,2,8,2,,,,5,,2024-04-17 20:11
2648,264801,25,2022,73,6,,,,,,,3,4,1,,,,5,,2024-04-17 20:11
5915,264802,25,2022,69,6,1,969,2016m5,2,421,1,3,11,2,100,2,2,4,,2024-04-17 20:11
8093,264804,25,2022,36,6,2,961,2017m9,4,422,2,1,11,2,450,,3,4,,2024-04-17 20:11
2649,264902,25,2022,66,6,,,,,,,3,4,2,,,,3,,2024-04-17 20:11
2651,265102,25,2022,72,2,,,,,,,3,4,2,,,,5,,2024-04-17 20:11
8575,265103,25,2022,41,6,1,651,2015m10,1,223,1,1,1,1,406,1,2,4,,2024-04-17 20:11
8576,265104,25,2022,39,6,1,852,2008m3,1,252,1,2,4,2,300,1,2,4,,2024-04-17 20:11
2652,265201,25,2022,73,3,,,,,,,2,4,1,,,,3,,2024-04-17 20:11
6365,265203,25,2022,45,6,1,852,2018m8,1,252,1,2,8,2,450,1,3,4,,2024-04-17 20:11
2652,265206,25,2022,66,3,,,,,,,2,4,2,,,,3,,2024-04-17 20:11
2654,265401,25,2022,89,6,,,,,,,2,4,1,,,,4,,2024-04-17 20:11
2654,265402,25,2022,86,2,,,,,,,2,4,2,,,,4,,2024-04-17 20:11
2654,265404,25,2022,47,6,1,411,2022m1,1,312,1,1,4,1,350,1,3,4,,2024-04-17 20:11
2655,265502,25,2022,83,2,,,,,,,3,4,2,,,,5,,2024-04-17 20:11
2657,265701,25,2022,78,2,,,,,,,2,4,1,,,,5,,2024-04-17 20:11
2657,265702,25,2022,78,2,,,,,,,2,4,2,,,,5,,2024-04-17 20:11
5109,265704,25,2022,49,3,1,102,2011m7,1,710,1,2,4,2,420,1,3,4,,2024-04-17 20:11
2659,265901,25,2022,79,2,,,,,,,2,4,1,,,,4,,2024-04-17 20:11
2659,265902,25,2022,73,2,,,,,,,2,4,2,,,,4,,2024-04-17 20:11
6084,265903,25,2022,49,3,1,424,2016m4,1,783,1,2,4,1,470,1,4,4,,2024-04-17 20:11
2660,266001,25,2022,63,2,1,561,2017m11,2,952,1,2,12,2,228,2,3,5,,2024-04-17 20:11
9339,266002,25,2022,42,2,1,742,2016m11,3,941,1,3,4,2,250,2,2,5,,2024-04-17 20:11
6883,266003,25,2022,40,3,1,492,2021m10,1,873,1,1,4,1,250,1,2,4,,2024-04-17 20:11
2660,266004,25,2022,63,2,2,11,2019m7,4,611,2,2,12,1,40,,3,5,,2024-04-17 20:11
2662,266201,25,2022,74,2,,,,,,,3,4,1,,,,4,,2024-04-17 20:11
2662,266204,25,2022,47,4,1,682,2016m9,1,762,1,1,4,1,230,1,3,4,,2024-04-17 20:11
2664,266401,25,2022,73,3,1,103,2016m9,2,922,1,2,4,1,80,2,3,6,,2024-04-17 20:11
2664,266402,25,2022,61,3,1,478,2013m9,3,521,1,2,4,2,100,2,3,6,,2024-04-17 20:11
2664,266403,25,2022,28,6,,,,,,,1,4,2,,,,6,,2024-04-17 20:11
2664,266404,25,2022,24,6,,,,,,,1,4,1,,,,5,,2024-04-17 20:11
2666,266601,25,2022,67,6,1,742,2015m11,1,153,1,2,4,1,375,1,2,4,,2024-04-17 20:11
2666,266602,25,2022,64,6,2,424,2003m5,4,782,2,2,4,2,250,,3,4,,2024-04-17 20:11
2666,266604,25,2022,32,6,1,464,2022m1,1,312,1,1,4,2,350,1,2,4,,2024-04-17 20:11
2666,266605,25,2022,30,6,1,424,2021m5,1,312,1,1,4,1,350,1,2,4,,2024-04-17 20:11
2666,266606,25,2022,26,6,1,139,2019m3,1,312,1,1,4,2,300,1,3,4,,2024-04-17 20:11
2669,266901,25,2022,68,3,2,203,2020m11,4,831,2,3,11,1,100,,3,6,,2024-04-17 20:11
2669,266902,25,2022,65,3,,,,,,,3,11,2,,,,5,,2024-04-17 20:11
2669,266904,25,2022,38,6,1,649,2009m6,1,320,1,2,11,2,330,2,3,4,,2024-04-17 20:11
2669,266905,25,2022,24,3,,,,,,,1,11,1,,,,5,,2024-04-17 20:11
2670,267001,25,2022,76,2,,,,,,,2,4,1,,,,4,,2024-04-17 20:11
2670,267002,25,2022,68,2,,,,,,,2,4,2,,,,4,,2024-04-17 20:11
2672,267202,25,2022,72,2,1,872,2020m5,3,941,1,3,4,2,27,2,3,5,,2024-04-17 20:11
5514,267203,25,2022,47,6,1,471,2021m12,2,521,1,2,4,2,90,2,3,4,,2024-04-17 20:11
6480,267204,25,2022,47,3,1,472,2022m1,2,710,1,2,8,2,230,2,2,4,,2024-04-17 20:11
2674,267401,25,2022,55,3,2,423,2014m4,4,771,2,2,4,1,600,,2,4,,2024-04-17 20:11
2674,267402,25,2022,61,3,1,853,2017m8,2,312,1,2,4,2,192,2,2,4,,2024-04-17 20:11
2674,267403,25,2022,23,4,,,,,,,1,4,1,,,,4,,2024-04-17 20:11
2674,267404,25,2022,22,3,1,282,2018m11,1,313,1,1,4,2,225,1,2,4,,2024-04-17 20:11
2675,267501,25,2022,61,3,1,561,2013m10,3,442,1,3,11,2,120,2,3,4,,2024-04-17 20:11
5917,267502,25,2022,64,2,,,,,,,3,8,1,,,,6,,2024-04-17 20:11
2676,267601,25,2022,80,2,1,862,2010m9,1,941,1,3,4,2,121,2,2,4,,2024-04-17 20:11
2677,267701,25,2022,75,3,,,,,,,2,11,1,,,,5,,2024-04-17 20:11
2677,267702,25,2022,68,3,,,,,,,2,11,2,,,,5,,2024-04-17 20:11
6911,267703,25,2022,43,6,1,612,2005m7,1,772,1,2,8,1,550,1,2,3,,2024-04-17 20:11
6368,267704,25,2022,41,4,,,,,,,2,19,2,,,,4,,2024-04-17 20:11
2678,267801,25,2022,77,3,1,872,2021m3,2,941,1,2,4,1,27,2,3,2,,2024-04-17 20:11
2678,267802,25,2022,75,2,,,,,,,2,4,2,,,,2,,2024-04-17 20:11
10066,267804,25,2022,43,6,1,853,2012m2,1,212,1,1,4,1,147,2,3,5,,2024-04-17 20:11
2679,267901,25,2022,75,2,1,841,2022m2,2,941,1,2,4,1,27,2,2,5,,2024-04-17 20:11
2679,267902,25,2022,74,2,1,141,2018m12,3,930,1,2,4,2,120,2,2,5,,2024-04-17 20:11
5829,267903,25,2022,52,3,1,953,1994m1,1,771,1,2,4,1,450,1,2,4,,2024-04-17 20:11
10027,267904,25,2022,48,4,2,424,2014m2,4,762,2,3,4,1,280,,3,5,,2024-04-17 20:11
6268,267905,25,2022,42,3,1,872,2022m7,1,247,1,2,4,2,175,1,3,4,,2024-04-17 20:11
2681,268102,25,2022,88,2,,,,,,,3,4,2,,,,6,,2024-04-17 20:11
2682,268201,25,2022,86,2,,,,,,,2,4,1,,,,6,,2024-04-17 20:11
2682,268202,25,2022,79,2,,,,,,,2,4,2,,,,6,,2024-04-17 20:11
2684,268401,25,2022,73,3,1,841,2022m1,3,941,1,3,4,2,27,2,3,5,,2024-04-17 20:11
9557,268605,25,2022,38,6,1,841,2017m8,1,311,1,2,8,1,330,1,2,5,,2024-04-17 20:11
2687,268701,25,2022,72,6,,,,,,,2,4,1,,,,3,,2024-04-17 20:11
2687,268702,25,2022,69,3,,,,,,,2,4,2,,,,3,,2024-04-17 20:11
6874,268703,25,2022,43,6,1,851,2002m4,1,252,1,2,4,2,360,1,2,3,,2024-04-17 20:11
7853,268704,25,2022,41,6,1,843,2004m3,1,980,1,2,4,1,474,1,2,4,,2024-04-17 20:11
2689,268903,25,2022,62,3,,,,,,,3,11,1,,,,6,,2024-04-17 20:11
2689,268904,25,2022,60,4,,,,,,,2,11,1,,,,4,,2024-04-17 20:11
9987,268906,25,2022,28,5,1,262,2022m7,1,851,1,1,10,1,300,1,3,5,,2024-04-17 20:11
2689,268907,25,2022,53,3,1,872,2018m9,2,421,1,2,11,2,130,2,2,4,,2024-04-17 20:11
2689,268908,25,2022,24,4,,,,,,,1,11,1,,,,4,,2024-04-17 20:11
2690,269001,25,2022,57,5,2,11,2022m3,4,611,2,2,19,1,,,2,3,,2024-04-17 20:11
2690,269002,25,2022,54,6,3,11,2022m3,5,611,2,2,19,2,,,2,3,,2024-04-17 20:11
8095,269202,25,2022,62,3,2,11,2020m1,4,611,2,3,13,2,1000,,2,3,,2024-04-17 20:11
2692,269203,25,2022,43,2,1,411,2016m4,3,782,1,2,4,1,250,2,3,4,,2024-04-17 20:11
2692,269204,25,2022,30,3,1,474,2019m3,1,521,1,2,4,2,147,2,3,5,,2024-04-17 20:11
2693,269301,25,2022,74,2,,,,,,,3,4,1,,,,5,,2024-04-17 20:11
6250,269302,25,2022,67,2,,,,,,,2,4,2,,,,5,,2024-04-17 20:11
6131,269303,25,2022,44,5,1,852,2019m3,1,441,1,2,4,2,247,2,2,4,,2024-04-17 20:11
8765,269304,25,2022,42,5,1,855,2021m8,1,254,1,2,4,2,120,1,3,4,,2024-04-17 20:11
2693,269305,25,2022,39,4,,,,,,,1,4,1,,,,5,,2024-04-17 20:11
2694,269401,25,2022,48,3,1,471,1997m7,1,312,1,3,4,1,390,1,3,4,,2024-04-17 20:11
8930,269402,25,2022,48,5,1,741,2018m11,1,992,1,2,6,2,230,1,3,4,,2024-04-17 20:11
2694,269403,25,2022,25,6,,,,,,,1,4,1,,,,5,,2024-04-17 20:11
2694,269404,25,2022,23,4,,,,,,,1,4,1,,,,5,,2024-04-17 20:11
2694,269405,25,2022,73,2,,,,,,,3,4,2,,,,4,,2024-04-17 20:11
2695,269501,25,2022,58,6,2,949,2012m10,4,248,2,2,10,1,200,,2,4,,2024-04-17 20:11
2695,269502,25,2022,58,3,3,949,2012m10,5,248,2,2,10,2,,,2,4,,2024-04-17 20:11
2695,269503,25,2022,34,6,1,949,2020m7,1,248,1,1,10,1,150,1,2,4,,2024-04-17 20:11
2695,269504,25,2022,31,6,1,949,2021m9,1,248,1,1,10,1,250,1,2,4,,2024-04-17 20:11
2696,269601,25,2022,77,2,2,11,2014m9,4,611,2,2,11,1,10,,3,4,,2024-04-17 20:11
2696,269602,25,2022,71,2,3,11,2014m9,5,611,2,2,11,2,,,4,4,,2024-04-17 20:11
5918,269603,25,2022,46,3,,,,,,,2,8,2,,,,4,,2024-04-17 20:11
2698,269802,25,2022,62,3,1,259,2018m11,2,930,1,3,4,2,123,2,3,6,,2024-04-17 20:11
2700,270002,25,2022,84,1,,,,,,,3,4,2,,,,3,,2024-04-17 20:11
5190,270101,25,2022,84,2,,,,,,,3,4,2,,,,6,,2024-04-17 20:11
2702,270201,25,2022,73,3,1,451,2019m12,2,992,1,2,4,1,102,2,3,4,,2024-04-17 20:11
2702,270202,25,2022,64,3,,,,,,,2,4,2,,,,4,,2024-04-17 20:11
8586,270203,25,2022,39,4,1,841,2018m4,1,311,1,2,11,2,459,1,2,3,,2024-04-17 20:11
2703,270301,25,2022,62,6,2,424,2012m10,4,782,2,2,4,1,400,,3,4,,2024-04-17 20:11
6355,270302,25,2022,57,3,1,292,2021m6,1,412,1,3,11,2,200,2,2,4,,2024-04-17 20:11
10197,270304,25,2022,31,4,1,582,2021m3,1,222,1,2,4,1,250,1,2,4,,2024-04-17 20:11
2703,270305,25,2022,56,3,3,961,2017m6,5,399,2,2,4,2,,,3,4,,2024-04-17 20:11
2704,270401,25,2022,66,4,,,,,,,2,4,1,,,,3,,2024-04-17 20:11
2704,270402,25,2022,65,2,,,,,,,2,4,2,,,,3,,2024-04-17 20:11
8766,270403,25,2022,38,6,1,262,2021m7,1,234,1,2,1,1,400,1,2,5,,2024-04-17 20:11
9741,270404,25,2022,35,6,1,80,2016m3,1,312,1,2,8,1,340,1,3,5,,2024-04-17 20:11
8766,270405,25,2022,38,6,1,651,2021m9,1,510,1,2,1,2,150,2,3,5,,2024-04-17 20:11
2706,270601,25,2022,70,3,1,855,2009m1,1,312,1,2,4,1,280,2,2,4,,2024-04-17 20:11
2706,270602,25,2022,66,3,,,,,,,2,4,2,,,,4,,2024-04-17 20:11
9113,270603,25,2022,43,6,1,841,2009m10,1,311,1,2,11,1,400,1,2,3,,2024-04-17 20:11
2706,270604,25,2022,39,6,,,,,,,1,4,2,,,,4,,2024-04-17 20:11
2707,270701,25,2022,64,5,2,952,2000m7,4,312,2,2,4,1,700,,2,3,,2024-04-17 20:11
10067,270703,25,2022,36,4,2,472,2022m3,4,521,2,2,19,1,350,,2,4,,2024-04-17 20:11
2707,270704,25,2022,34,4,1,952,2014m9,1,751,1,1,4,1,380,1,2,3,,2024-04-17 20:11
2707,270705,25,2022,60,3,1,952,2019m6,1,751,1,2,4,2,254,1,2,3,,2024-04-17 20:11
2708,270801,25,2022,60,6,2,742,2004m3,4,941,2,2,4,1,250,,3,4,,2024-04-17 20:11
2708,270802,25,2022,58,3,1,742,2015m8,3,941,1,2,4,2,180,2,2,4,,2024-04-17 20:11
2708,270803,25,2022,26,6,1,851,2019m1,1,253,1,1,4,2,250,1,2,4,,2024-04-17 20:11
5578,270804,25,2022,54,6,1,412,2021m9,3,782,1,3,19,1,300,2,3,4,,2024-04-17 20:11
2708,270805,25,2022,24,4,,,,,,,1,4,1,,,,4,,2024-04-17 20:11
2709,270901,25,2022,53,3,1,463,2020m7,1,873,1,2,4,1,220,1,3,4,,2024-04-17 20:11
2709,270902,25,2022,54,5,1,561,2007m9,1,441,1,2,4,2,300,1,3,4,,2024-04-17 20:11
2709,270903,25,2022,26,6,1,856,2017m11,2,254,1,1,4,2,200,2,3,5,,2024-04-17 20:11
2709,270904,25,2022,24,5,1,862,2020m2,1,245,1,1,4,2,260,1,2,4,,2024-04-17 20:11
2709,270905,25,2022,21,4,,,,,,,1,4,2,,,,4,,2024-04-17 20:11
5191,271103,25,2022,53,3,2,424,2016m8,4,783,2,2,4,2,300,,2,4,,2024-04-17 20:11
2712,271201,25,2022,49,3,2,739,2016m8,4,286,2,2,5,1,350,,3,5,,2024-04-17 20:11
2712,271202,25,2022,50,3,1,521,2022m7,2,930,1,2,5,2,99,2,3,5,,2024-04-17 20:11
2712,271203,25,2022,27,4,1,471,2021m1,2,521,1,1,5,2,60,2,3,5,,2024-04-17 20:11
2712,271204,25,2022,22,3,1,471,2020m1,2,521,1,1,5,2,60,2,3,5,,2024-04-17 20:11
2713,271301,25,2022,67,6,,,,,,,2,4,1,,,,3,,2024-04-17 20:11
2713,271302,25,2022,65,3,,,,,,,2,4,2,,,,3,,2024-04-17 20:11
9114,271304,25,2022,40,6,1,911,2016m8,1,286,1,2,19,1,400,1,2,4,,2024-04-17 20:11
8662,271305,25,2022,39,6,,,,,,,2,1,2,,,,3,,2024-04-17 20:11
2714,271401,25,2022,78,6,,,,,,,2,4,1,,,,4,,2024-04-17 20:11
2714,271402,25,2022,67,3,2,11,2009m3,4,611,2,2,4,2,83,,3,4,,2024-04-17 20:11
2715,271501,25,2022,61,6,2,464,1999m1,4,312,2,2,4,1,800,,2,3,,2024-04-17 20:11
2715,271502,25,2022,58,3,1,463,2020m6,1,313,1,2,4,2,300,1,2,3,,2024-04-17 20:11
2715,271504,25,2022,28,6,2,463,2019m6,4,521,2,1,4,1,700,,2,3,,2024-04-17 20:11
2719,271901,25,2022,66,3,,,,,,,3,4,1,,,,6,,2024-04-17 20:11
8096,271902,25,2022,64,2,1,871,2019m6,1,421,1,3,5,2,189,1,2,4,,2024-04-17 20:11
9523,271903,25,2022,38,6,1,759,2010m4,1,399,1,2,5,1,308,1,2,4,,2024-04-17 20:11
2720,272001,25,2022,58,6,3,471,2015m7,5,521,2,2,10,1,,,2,4,,2024-04-17 20:11
2720,272002,25,2022,55,3,2,471,2015m7,4,521,2,2,10,2,450,,2,4,,2024-04-17 20:11
2720,272003,25,2022,30,5,,,,,,,1,10,1,,,,4,,2024-04-17 20:11
2720,272004,25,2022,25,3,,,,,,,1,10,1,,,,4,,2024-04-17 20:11
2721,272101,25,2022,66,2,1,561,2007m6,1,441,1,2,4,1,250,1,2,3,,2024-04-17 20:11
2721,272102,25,2022,60,3,1,561,2017m1,1,441,1,2,4,2,100,2,2,3,,2024-04-17 20:11
9115,272103,25,2022,37,3,,,,,,,2,4,2,,,,3,,2024-04-17 20:11
9821,272104,25,2022,35,5,2,953,2018m10,4,761,2,1,11,1,500,,2,4,,2024-04-17 20:11
2723,272301,25,2022,53,6,,,,,,,1,4,1,,,,4,,2024-04-17 20:11
2723,272302,25,2022,87,1,,,,,,,3,4,2,,,,5,,2024-04-17 20:11
2725,272501,25,2022,52,3,2,561,2010m11,4,922,2,3,4,1,220,,3,5,,2024-04-17 20:11
5192,272503,25,2022,47,4,1,561,2019m5,3,442,1,3,4,2,200,2,3,5,,2024-04-17 20:11
5572,272504,25,2022,46,5,1,872,2018m3,1,247,1,2,4,2,230,1,2,4,,2024-04-17 20:11
9897,272505,25,2022,27,4,1,649,2022m2,1,873,1,1,4,1,270,1,3,5,,2024-04-17 20:11
2726,272602,25,2022,53,6,1,862,2005m10,1,246,1,3,4,2,290,2,3,5,,2024-04-17 20:11
2726,272603,25,2022,25,6,1,862,2022m3,1,246,1,1,4,1,210,1,3,5,,2024-04-17 20:11
2726,272604,25,2022,60,4,1,423,2021m6,2,762,1,3,4,1,200,2,3,5,,2024-04-17 20:11
2726,272605,25,2022,30,6,1,411,2020m3,1,236,1,1,4,1,350,1,2,4,,2024-04-17 20:11
2728,272801,25,2022,80,2,1,841,2017m3,2,,1,2,11,1,27,2,3,4,,2024-04-17 20:11
2728,272802,25,2022,66,2,1,841,2021m12,2,,1,2,11,2,100,2,2,4,,2024-04-17 20:11
5761,272803,25,2022,47,4,,,,,,,2,5,2,,,,5,,2024-04-17 20:11
6069,272804,25,2022,45,3,2,961,2020m6,4,422,2,2,11,2,200,,3,5,,2024-04-17 20:11
2731,273101,25,2022,63,3,1,463,2020m3,1,873,1,2,4,1,230,1,3,5,,2024-04-17 20:11
2731,273102,25,2022,59,3,1,464,2001m12,1,521,1,2,4,2,200,2,3,5,,2024-04-17 20:11
2732,273201,25,2022,85,2,,,,,,,3,4,1,,,,4,,2024-04-17 20:11
5403,273203,25,2022,48,6,1,582,2020m7,2,224,1,1,1,2,240,2,3,4,,2024-04-17 20:11
2733,273301,25,2022,54,6,1,353,2005m7,1,852,1,2,4,1,530,1,3,4,,2024-04-17 20:11
2733,273302,25,2022,52,3,1,861,2018m3,1,246,1,2,4,2,300,1,3,4,,2024-04-17 20:11
10153,273303,25,2022,25,6,1,853,2021m3,2,312,1,1,4,2,176,2,3,4,,2024-04-17 20:11
2733,273304,25,2022,24,5,,,,,,,1,4,1,,,,4,,2024-04-17 20:11
2735,273501,25,2022,70,6,,,,,,,2,4,1,,,,2,,2024-04-17 20:11
2735,273502,25,2022,69,6,,,,,,,2,4,2,,,,2,,2024-04-17 20:11
2736,273601,25,2022,65,6,1,855,2022m1,1,873,1,2,4,1,80,2,2,4,,2024-04-17 20:11
5112,273602,25,2022,91,2,,,,,,,3,4,2,,,,6,,2024-04-17 20:11
2736,273604,25,2022,60,3,,,,,,,2,4,2,,,,4,,2024-04-17 20:11
10239,273605,25,2022,32,6,1,949,2020m6,1,312,1,1,8,1,240,1,3,5,,2024-04-17 20:11
2737,273701,25,2022,72,2,,,,,,,2,4,1,,,,3,,2024-04-17 20:11
2737,273702,25,2022,72,2,,,,,,,2,4,2,,,,4,,2024-04-17 20:11
6089,273704,25,2022,45,3,,,,,,,2,19,2,,,,4,,2024-04-17 20:11
7469,273705,25,2022,43,6,1,852,2000m9,1,311,1,2,4,1,380,1,2,3,,2024-04-17 20:11
2738,273801,25,2022,79,4,,,,,,,2,4,1,,,,5,,2024-04-17 20:11
2738,273802,25,2022,77,6,,,,,,,2,4,2,,,,5,,2024-04-17 20:11
5616,273804,25,2022,49,4,1,422,2005m12,1,236,1,2,1,1,440,1,2,4,,2024-04-17 20:11
2740,274002,25,2022,80,1,,,,,,,3,4,2,,,,3,,2024-04-17 20:11
2741,274104,25,2022,56,3,,,,,,,3,4,2,,,,4,,2024-04-17 20:11
8767,274105,25,2022,49,1,,,,,,,1,4,2,,,,6,,2024-04-17 20:11
8587,274106,25,2022,35,6,1,862,2021m4,1,241,1,1,8,1,500,1,2,3,,2024-04-17 20:11
9294,274107,25,2022,31,4,1,204,2021m12,1,753,1,2,8,1,280,1,3,4,,2024-04-17 20:11
5826,274203,25,2022,50,3,1,411,2008m3,3,799,1,2,4,1,400,2,3,4,,2024-04-17 20:11
5193,274205,25,2022,63,6,1,741,2021m8,1,852,1,2,11,1,305,2,2,5,,2024-04-17 20:11
2744,274401,25,2022,59,6,1,851,2017m4,1,942,1,2,1,1,300,1,2,3,,2024-04-17 20:11
2744,274402,25,2022,58,3,,,,,,,2,1,2,,,,4,,2024-04-17 20:11
2747,274701,25,2022,57,6,1,612,2006m7,1,223,1,2,3,1,500,1,3,3,,2024-04-17 20:11
2747,274702,25,2022,54,6,1,729,1991m6,1,237,1,2,3,2,300,1,2,3,,2024-04-17 20:11
2747,274703,25,2022,28,6,,,,,,,1,3,1,,,,4,,2024-04-17 20:11
2747,274704,25,2022,25,4,,,,,,,1,3,1,,,,4,,2024-04-17 20:11
5777,274705,25,2022,80,1,,,,,,,3,14,2,,,,6,,2024-04-17 20:11
2748,274801,25,2022,67,2,,,,,,,3,12,2,,,,5,,2024-04-17 20:11
2749,274901,25,2022,90,5,,,,,,,2,4,1,,,,4,,2024-04-17 20:11
2749,274902,25,2022,87,3,,,,,,,2,4,2,,,,4,,2024-04-17 20:11
6867,275203,25,2022,47,6,1,421,2018m4,1,875,1,2,11,1,250,1,3,6,,2024-04-17 20:11
6090,275204,25,2022,42,6,1,872,2021m3,1,421,1,2,4,2,225,2,3,5,,2024-04-17 20:11
2753,275301,25,2022,55,3,1,969,2019m1,1,942,1,3,4,1,265,1,2,5,,2024-04-17 20:11
10154,275304,25,2022,28,5,1,494,2021m6,2,922,1,2,4,1,350,2,3,5,,2024-04-17 20:11
2754,275402,25,2022,75,1,,,,,,,3,4,2,,,,6,,2024-04-17 20:11
2755,275501,25,2022,47,3,1,476,1998m1,1,521,1,1,4,1,310,1,3,4,,2024-04-17 20:11
2755,275502,25,2022,75,2,,,,,,,3,4,2,,,,4,,2024-04-17 20:11
2755,275504,25,2022,44,3,1,272,2000m7,1,762,1,1,4,1,300,1,3,4,,2024-04-17 20:11
2756,275601,25,2022,52,3,1,682,2022m5,1,852,1,1,11,1,290,1,2,5,,2024-04-17 20:11
2758,275801,25,2022,59,5,,,,,,,3,4,1,,,,4,,2024-04-17 20:11
2759,275901,25,2022,59,3,1,172,2015m7,1,874,1,2,4,1,245,1,3,5,,2024-04-17 20:11
2759,275902,25,2022,55,3,1,102,2006m5,1,710,1,2,4,2,200,2,3,4,,2024-04-17 20:11
2759,275903,25,2022,28,5,1,107,2020m7,1,312,1,1,4,2,225,2,3,4,,2024-04-17 20:11
2759,275904,25,2022,24,4,,,,,,,1,4,1,,,,4,,2024-04-17 20:11
2760,276001,25,2022,65,2,2,471,2000m6,4,521,2,2,4,1,250,,3,4,,2024-04-17 20:11
2760,276002,25,2022,60,2,3,471,2000m6,5,521,2,2,4,2,,,4,5,,2024-04-17 20:11
9295,276004,25,2022,38,4,1,494,2021m9,3,921,1,1,4,1,280,2,4,6,,2024-04-17 20:11
2761,276101,25,2022,72,3,1,751,2014m4,1,942,1,2,4,1,85,2,2,4,,2024-04-17 20:11
2761,276102,25,2022,63,3,1,872,2018m8,1,421,1,2,4,2,195,1,3,4,,2024-04-17 20:11
8097,276103,25,2022,41,5,,,,,,,2,4,2,,,,4,,2024-04-17 20:11
2761,276104,25,2022,39,5,,,,,,,1,4,2,,,,5,,2024-04-17 20:11
5480,276203,25,2022,59,6,1,682,2019m11,1,862,1,2,11,1,300,1,3,4,,2024-04-17 20:11
5480,276204,25,2022,47,5,1,855,2015m3,1,247,1,2,11,2,200,2,3,5,,2024-04-17 20:11
5480,276207,25,2022,25,4,,,,,,,1,11,2,,,,4,,2024-04-17 20:11
2764,276401,25,2022,60,5,1,841,1990m6,1,311,1,1,4,1,300,1,2,4,,2024-04-17 20:11
2767,276701,25,2022,55,3,,,,,,,3,4,1,,,,5,,2024-04-17 20:11
2770,277001,25,2022,65,3,2,423,1990m2,4,875,2,2,4,1,250,,4,4,,2024-04-17 20:11
2770,277002,25,2022,63,2,,,,,,,2,4,2,,,,4,,2024-04-17 20:11
2770,277003,25,2022,38,6,1,641,2020m3,1,320,1,2,4,1,330,1,2,4,,2024-04-17 20:11
2770,277004,25,2022,35,6,1,844,2022m3,1,411,1,1,4,1,280,1,2,4,,2024-04-17 20:11
2771,277102,25,2022,91,1,,,,,,,3,4,2,,,,5,,2024-04-17 20:11
2773,277301,25,2022,70,3,,,,,,,2,4,1,,,,3,,2024-04-17 20:11
2773,277302,25,2022,68,2,,,,,,,2,4,2,,,,4,,2024-04-17 20:11
8932,277303,25,2022,43,6,1,701,2012m2,1,232,1,2,4,2,250,1,2,4,,2024-04-17 20:11
9116,277304,25,2022,42,6,1,492,2019m4,1,752,1,2,8,1,330,1,2,4,,2024-04-17 20:11
2774,277401,25,2022,54,6,1,529,1995m12,1,752,1,2,4,1,490,1,2,3,,2024-04-17 20:11
2774,277402,25,2022,53,3,,,,,,,2,4,2,,,,3,,2024-04-17 20:11
2774,277403,25,2022,27,4,,,,,,,1,4,1,,,,4,,2024-04-17 20:11
2774,277404,25,2022,25,4,,,,,,,1,4,1,,,,4,,2024-04-17 20:11
2777,277701,25,2022,61,3,1,251,2021m11,1,783,1,2,4,1,250,1,2,3,,2024-04-17 20:11
2777,277702,25,2022,59,3,3,11,2021m3,5,611,2,2,4,2,,,3,3,,2024-04-17 20:11
8933,277703,25,2022,37,6,3,204,2018m3,5,274,2,2,11,1,,,2,4,,2024-04-17 20:11
9642,277704,25,2022,34,5,1,112,2013m2,1,312,1,2,4,1,400,1,2,4,,2024-04-17 20:11
2778,277801,25,2022,55,3,1,320,1989m8,1,854,1,2,7,1,800,1,2,4,,2024-04-17 20:11
2778,277802,25,2022,56,3,,,,,,,2,7,2,,,,4,,2024-04-17 20:11
5294,277803,25,2022,47,3,1,463,2002m12,1,521,1,2,2,1,450,1,3,5,,2024-04-17 20:11
9643,277804,25,2022,31,6,,,,,,,2,15,2,,,,4,,2024-04-17 20:11
10240,277805,25,2022,28,5,1,851,2022m3,2,252,1,1,3,1,185,2,2,3,,2024-04-17 20:11
2779,277901,25,2022,50,3,1,492,2021m9,1,873,1,2,7,1,300,1,3,5,,2024-04-17 20:11
2779,277902,25,2022,50,2,,,,,,,2,7,2,,,,5,,2024-04-17 20:11
2779,277903,25,2022,26,5,1,871,2019m4,1,247,1,1,7,2,240,1,3,5,,2024-04-17 20:11
2779,277904,25,2022,22,4,,,,,,,1,7,2,,,,5,,2024-04-17 20:11
2781,278102,25,2022,61,2,1,861,2020m11,1,421,1,3,7,2,300,2,3,5,,2024-04-17 20:11
5541,278103,25,2022,45,3,2,493,2014m1,4,875,2,2,7,1,400,,3,5,,2024-04-17 20:11
7670,278104,25,2022,43,6,1,969,2020m5,2,873,1,2,7,1,70,2,3,5,,2024-04-17 20:11
7854,278105,25,2022,37,5,2,912,2019m12,4,432,2,3,7,1,500,,3,4,,2024-04-17 20:11
2782,278201,25,2022,69,2,3,551,2013m1,5,941,2,2,7,1,,,3,4,,2024-04-17 20:11
2782,278202,25,2022,67,2,1,743,2017m5,3,910,1,2,7,2,150,2,3,4,,2024-04-17 20:11
9117,278204,25,2022,31,6,1,861,2015m2,1,243,1,1,2,2,330,1,3,4,,2024-04-17 20:11
2783,278301,25,2022,61,5,,,,,,,2,7,1,,,,3,,2024-04-17 20:11
2783,278302,25,2022,60,3,1,969,2019m8,2,951,1,2,7,2,100,2,3,3,,2024-04-17 20:11
9558,278304,25,2022,35,6,1,941,2010m5,1,314,1,2,7,2,350,1,3,4,,2024-04-17 20:11
2785,278501,25,2022,76,2,2,141,1978m4,4,722,2,3,7,1,200,,2,5,,2024-04-17 20:11
8098,278505,25,2022,40,6,1,711,2015m2,1,271,1,1,1,1,180,1,2,4,,2024-04-17 20:11
2786,278602,25,2022,82,2,,,,,,,3,7,2,,,,4,,2024-04-17 20:11
2787,278701,25,2022,69,2,1,742,2021m11,2,941,1,2,7,1,100,2,3,4,,2024-04-17 20:11
2787,278702,25,2022,65,2,1,423,2020m4,1,441,1,2,7,2,230,1,3,4,,2024-04-17 20:11
9644,278703,25,2022,41,4,1,232,2021m4,1,753,1,2,11,1,297,2,3,5,,2024-04-17 20:11
8663,278704,25,2022,39,6,,,,,,,2,7,2,,,,4,,2024-04-17 20:11
2790,279001,25,2022,62,2,2,478,1996m4,4,521,2,2,7,1,200,,3,5,,2024-04-17 20:11
2790,279002,25,2022,58,2,1,301,2015m1,1,941,1,2,7,2,300,2,3,5,,2024-04-17 20:11
10155,279004,25,2022,31,6,1,911,2021m2,1,432,1,1,1,1,220,1,3,5,,2024-04-17 20:11
2792,279201,25,2022,60,6,1,281,2016m4,1,313,1,2,2,1,250,1,3,3,,2024-04-17 20:11
2792,279202,25,2022,60,3,,,,,,,2,2,2,,,,3,,2024-04-17 20:11
2792,279204,25,2022,79,2,,,,,,,3,2,2,,,,3,,2024-04-17 20:11
9988,279205,25,2022,33,6,,,,,,,2,2,2,,,,4,,2024-04-17 20:11
2793,279301,25,2022,62,4,1,360,2022m1,2,942,1,2,7,1,250,2,2,5,,2024-04-17 20:11
2793,279302,25,2022,62,3,,,,,,,2,7,2,,,,5,,2024-04-17 20:11
2793,279303,25,2022,31,6,1,721,2020m10,1,239,1,1,7,1,270,1,2,5,,2024-04-17 20:11
2793,279304,25,2022,29,6,,,,,,,1,7,2,,,,5,,2024-04-17 20:11
2794,279401,25,2022,60,3,1,192,1988m11,1,753,1,2,7,1,1100,1,2,3,,2024-04-17 20:11
2794,279402,25,2022,59,3,2,561,2020m4,4,441,2,2,7,2,150,,3,3,,2024-04-17 20:11
2794,279404,25,2022,24,4,,,,,,,1,7,2,,,,3,,2024-04-17 20:11
2795,279501,25,2022,49,3,2,855,2011m1,4,254,2,2,7,2,100,,2,4,,2024-04-17 20:11
2795,279503,25,2022,45,5,,,,,,,2,7,1,,,,4,,2024-04-17 20:11
2795,279505,25,2022,17,2,,,,,,,1,7,1,,,,4,,2024-04-17 20:11
2796,279601,25,2022,81,2,,,,,,,2,7,1,,,,5,,2024-04-17 20:11
2796,279602,25,2022,74,2,,,,,,,2,7,2,,,,5,,2024-04-17 20:11
7168,279603,25,2022,49,6,1,303,2006m3,1,312,1,2,8,1,650,1,2,3,,2024-04-17 20:11
7162,279604,25,2022,47,6,1,303,2001m1,1,313,1,2,7,1,530,1,3,4,,2024-04-17 20:11
2797,279702,25,2022,72,2,2,471,1998m4,4,521,2,3,7,2,150,,3,5,,2024-04-17 20:11
6897,279703,25,2022,42,2,2,952,2008m9,4,751,2,2,7,1,400,,3,4,,2024-04-17 20:11
5282,279705,25,2022,48,3,1,421,2019m1,3,781,1,1,7,1,200,2,3,5,,2024-04-17 20:11
2798,279801,25,2022,67,3,1,753,2017m8,2,942,1,2,7,1,230,2,2,5,,2024-04-17 20:11
2798,279802,25,2022,65,3,,,,,,,2,7,2,,,,5,,2024-04-17 20:11
9645,279804,25,2022,33,5,1,301,2017m11,1,854,1,2,7,1,550,1,2,5,,2024-04-17 20:11
2799,279901,25,2022,73,2,,,,,,,3,7,1,,,,6,,2024-04-17 20:11
5050,280003,25,2022,60,5,,,,,,,2,7,1,,,,6,,2024-04-17 20:11
2803,280301,25,2022,66,6,,,,,,,2,7,1,,,,2,,2024-04-17 20:11
2803,280302,25,2022,64,6,,,,,,,2,7,2,,,,2,,2024-04-17 20:11
2803,280303,25,2022,35,6,,,,,,,1,7,1,,,,3,,2024-04-17 20:11
2805,280501,25,2022,69,5,1,861,2018m12,1,312,1,3,7,1,500,1,2,4,,2024-04-17 20:11
9118,280502,25,2022,62,3,,,,,,,3,7,2,,,,4,,2024-04-17 20:11
7169,280503,25,2022,41,6,1,843,2018m8,1,311,1,2,6,1,580,1,2,3,,2024-04-17 20:11
8934,280504,25,2022,40,6,1,856,2021m3,2,254,1,2,15,2,50,2,3,4,,2024-04-17 20:11
2805,280505,25,2022,89,2,,,,,,,3,7,2,,,,4,,2024-04-17 20:11
2806,280601,25,2022,86,3,,,,,,,2,7,1,,,,5,,2024-04-17 20:11
2806,280602,25,2022,79,3,2,561,2017m10,4,441,2,2,7,2,300,,2,5,,2024-04-17 20:11
2806,280604,25,2022,53,3,3,561,2021m8,5,441,2,1,7,1,,,3,5,,2024-04-17 20:11
2806,280606,25,2022,20,4,,,,,,,1,7,2,,,,5,,2024-04-17 20:11
2807,280701,25,2022,67,2,,,,,,,2,7,1,,,,4,,2024-04-17 20:11
2807,280702,25,2022,67,2,,,,,,,2,7,2,,,,5,,2024-04-17 20:11
8867,280703,25,2022,33,5,,,,,,,2,7,2,,,,4,,2024-04-17 20:11
2808,280802,25,2022,73,2,2,561,1999m9,4,441,2,3,7,2,350,,3,5,,2024-04-17 20:11
6926,280803,25,2022,46,6,,,,,,,2,15,1,,,,4,,2024-04-17 20:11
5195,280805,25,2022,48,6,,,,,,,2,1,2,,,,4,,2024-04-17 20:11
2809,280901,25,2022,74,3,,,,,,,2,7,1,,,,4,,2024-04-17 20:11
2809,280902,25,2022,70,2,,,,,,,2,7,2,,,,4,,2024-04-17 20:11
9646,280903,25,2022,46,6,,,,,,,2,7,2,,,,4,,2024-04-17 20:11
8099,280904,25,2022,44,6,,,,,,,2,7,2,,,,3,,2024-04-17 20:11
7855,281004,25,2022,37,6,,,,,,,2,7,2,,,,5,,2024-04-17 20:11
2811,281101,25,2022,67,2,1,682,2021m11,1,312,1,2,2,1,230,1,2,4,,2024-04-17 20:11
2811,281102,25,2022,63,2,,,,,,,2,2,2,,,,4,,2024-04-17 20:11
8664,281103,25,2022,39,5,1,861,2009m6,1,246,1,2,14,2,250,1,2,3,,2024-04-17 20:11
8935,281104,25,2022,37,6,1,412,2017m9,1,231,1,2,7,1,460,1,2,4,,2024-04-17 20:11
2812,281201,25,2022,61,6,,,,,,,3,7,1,,,,5,,2024-04-17 20:11
2812,281203,25,2022,28,5,,,,,,,1,7,1,,,,5,,2024-04-17 20:11
2812,281204,25,2022,26,5,,,,,,,1,7,1,,,,5,,2024-04-17 20:11
2813,281301,25,2022,60,3,1,201,1988m4,1,831,1,2,7,1,550,1,2,3,,2024-04-17 20:11
8356,281303,25,2022,32,5,1,861,2011m4,1,243,1,2,2,2,360,1,2,5,,2024-04-17 20:11
10241,281304,25,2022,30,6,1,561,2020m3,1,421,1,1,7,1,280,2,3,5,,2024-04-17 20:11
2813,281305,25,2022,65,3,2,561,2021m6,4,441,2,2,7,2,200,,3,3,,2024-04-17 20:11
2815,281501,25,2022,74,3,2,478,1988m12,4,521,2,2,7,1,150,,3,4,,2024-04-17 20:11
2815,281502,25,2022,71,2,3,478,1988m12,5,521,2,2,7,2,,,3,4,,2024-04-17 20:11
5809,281503,25,2022,45,6,1,851,2000m3,1,252,1,2,1,2,500,1,2,3,,2024-04-17 20:11
8357,281505,25,2022,42,6,1,851,2005m5,1,311,1,2,7,2,400,1,3,4,,2024-04-17 20:11
8768,281506,25,2022,39,5,1,844,2011m12,1,411,1,2,7,1,440,1,2,4,,2024-04-17 20:11
2816,281601,25,2022,73,2,,,,,,,2,7,1,,,,5,,2024-04-17 20:11
2816,281602,25,2022,69,2,,,,,,,2,7,2,,,,5,,2024-04-17 20:11
2817,281702,25,2022,72,2,,,,,,,3,7,2,,,,5,,2024-04-17 20:11
6925,281703,25,2022,47,3,,,,,,,2,7,2,,,,4,,2024-04-17 20:11
2820,282001,25,2022,61,3,1,241,2004m4,1,743,1,2,7,1,410,1,3,5,,2024-04-17 20:11
2820,282002,25,2022,54,3,,,,,,,2,7,2,,,,4,,2024-04-17 20:11
2821,282101,25,2022,55,4,1,303,2016m1,1,753,1,2,7,1,370,2,3,4,,2024-04-17 20:11
2821,282102,25,2022,50,6,1,478,2020m3,1,521,1,2,7,2,300,2,3,5,,2024-04-17 20:11
9989,282103,25,2022,26,6,1,591,2019m12,1,942,1,1,2,2,250,1,2,5,,2024-04-17 20:11
2821,282104,25,2022,24,4,,,,,,,1,7,1,,,,5,,2024-04-17 20:11
2822,282202,25,2022,66,2,1,872,2022m6,2,941,1,3,7,2,27,2,3,5,,2024-04-17 20:11
8524,282203,25,2022,42,6,1,902,2009m8,1,311,1,2,15,1,270,1,2,4,,2024-04-17 20:11
8523,282204,25,2022,41,6,1,841,2009m10,1,311,1,2,7,2,210,1,2,4,,2024-04-17 20:11
2823,282301,25,2022,64,3,1,421,2021m8,3,782,1,2,2,1,240,2,3,5,,2024-04-17 20:11
2823,282302,25,2022,59,3,,,,,,,2,2,2,,,,5,,2024-04-17 20:11
9990,282303,25,2022,32,6,,,,,,,1,2,1,,,,6,,2024-04-17 20:11
9990,282304,25,2022,28,6,,,,,,,1,2,2,,,,6,,2024-04-17 20:11
2827,282701,25,2022,62,3,1,423,2005m2,1,762,1,2,7,1,315,1,3,5,,2024-04-17 20:11
2827,282702,25,2022,58,3,1,492,2012m1,1,875,1,2,7,2,150,1,3,4,,2024-04-17 20:11
2827,282703,25,2022,33,4,,,,,,,1,7,2,,,,4,,2024-04-17 20:11
2827,282704,25,2022,29,5,1,493,2021m3,1,312,1,1,7,2,160,1,3,5,,2024-04-17 20:11
2829,282902,25,2022,70,2,,,,,,,3,7,2,,,,5,,2024-04-17 20:11
9647,282903,25,2022,45,6,1,851,2000m3,1,252,1,2,7,2,380,1,2,3,,2024-04-17 20:11
2830,283001,25,2022,71,2,,,,,,,2,7,1,,,,5,,2024-04-17 20:11
2830,283002,25,2022,66,2,1,303,1996m10,1,941,1,2,7,2,160,1,3,4,,2024-04-17 20:11
7242,283003,25,2022,42,5,1,851,2022m3,2,252,1,2,7,2,60,2,3,5,,2024-04-17 20:11
7856,283004,25,2022,41,5,,,,,,,2,7,2,,,,5,,2024-04-17 20:11
9296,283005,25,2022,38,5,,,,,,,2,7,2,,,,4,,2024-04-17 20:11
2831,283101,25,2022,91,2,2,477,1993m6,4,953,2,2,7,1,250,,3,3,,2024-04-17 20:11
2831,283102,25,2022,82,2,,,,,,,2,7,2,,,,4,,2024-04-17 20:11
2831,283105,25,2022,46,3,1,477,2002m1,1,953,1,1,7,1,150,1,2,3,,2024-04-17 20:11
2836,283601,25,2022,60,3,1,390,2010m1,1,992,1,2,5,1,335,1,3,4,,2024-04-17 20:11
2836,283602,25,2022,56,3,,,,,,,2,5,2,,,,5,,2024-04-17 20:11
10156,283603,25,2022,30,6,1,263,2021m9,1,761,1,1,8,1,200,1,3,5,,2024-04-17 20:11
10401,283604,25,2022,28,5,,,,,,,1,5,2,,,,5,,2024-04-17 20:11
2837,283701,25,2022,56,3,1,291,2008m6,1,921,1,2,5,1,294,1,2,4,,2024-04-17 20:11
2837,283702,25,2022,50,5,1,529,2011m9,1,399,1,2,5,2,208,2,3,4,,2024-04-17 20:11
2837,283703,25,2022,21,4,,,,,,,1,5,2,,,,4,,2024-04-17 20:11
2837,283704,25,2022,18,2,,,,,,,1,5,1,,,,4,,2024-04-17 20:11
10157,283804,25,2022,22,5,1,853,2021m11,1,259,1,1,7,2,188,2,2,6,,2024-04-17 20:11
2838,283805,25,2022,79,2,1,841,2017m8,2,941,1,3,7,2,27,2,3,5,,2024-04-17 20:11
2839,283901,25,2022,72,2,1,751,2017m11,2,941,1,2,14,1,150,2,3,3,,2024-04-17 20:11
2839,283902,25,2022,68,2,,,,,,,2,14,2,,,,4,,2024-04-17 20:11
5301,283903,25,2022,48,6,1,863,2000m5,1,399,1,2,3,1,650,1,2,4,,2024-04-17 20:11
7125,283904,25,2022,44,5,1,264,2002m7,1,312,1,2,3,1,700,1,2,3,,2024-04-17 20:11
2840,284001,25,2022,56,6,1,311,1984m9,1,743,1,2,7,1,600,1,2,4,,2024-04-17 20:11
2840,284002,25,2022,57,3,,,,,,,2,7,2,,,,4,,2024-04-17 20:11
2840,284003,25,2022,18,2,,,,,,,1,7,2,,,,4,,2024-04-17 20:11
2841,284102,25,2022,62,3,,,,,,,3,7,2,,,,5,,2024-04-17 20:11
2841,284103,25,2022,37,5,1,311,2020m5,1,743,1,1,7,1,250,1,2,5,,2024-04-17 20:11
2842,284201,25,2022,62,3,1,311,1992m11,1,743,1,2,7,1,420,1,2,4,,2024-04-17 20:11
2842,284202,25,2022,54,3,2,961,2007m8,4,422,2,2,7,2,170,,2,4,,2024-04-17 20:11
2842,284204,25,2022,27,3,1,282,2021m3,1,236,1,1,7,1,250,1,2,4,,2024-04-17 20:11
2843,284301,25,2022,70,3,1,742,2017m8,2,941,1,3,7,2,140,2,2,5,,2024-04-17 20:11
8525,284302,25,2022,47,5,1,471,1999m3,1,312,1,2,7,1,410,1,3,4,,2024-04-17 20:11
8358,284303,25,2022,42,6,1,471,2007m10,1,521,1,2,1,1,400,1,3,3,,2024-04-17 20:11
2846,284601,25,2022,90,3,,,,,,,3,7,1,,,,4,,2024-04-17 20:11
2846,284603,25,2022,65,2,1,492,2019m11,1,873,1,2,7,1,170,1,2,4,,2024-04-17 20:11
2846,284604,25,2022,61,2,,,,,,,2,7,2,,,,4,,2024-04-17 20:11
5196,284605,25,2022,54,6,1,311,2004m7,1,235,1,2,7,1,790,1,2,4,,2024-04-17 20:11
2846,284606,25,2022,36,6,,,,,,,1,7,1,,,,4,,2024-04-17 20:11
9991,284607,25,2022,31,6,1,641,2015m2,1,320,1,2,7,2,420,1,2,4,,2024-04-17 20:11
2847,284702,25,2022,65,3,,,,,,,3,7,2,,,,6,,2024-04-17 20:11
2848,284801,25,2022,71,2,2,452,2005m9,4,521,2,2,7,1,500,,2,3,,2024-04-17 20:11
2848,284802,25,2022,66,2,,,,,,,2,7,2,,,,3,,2024-04-17 20:11
8769,284803,25,2022,40,5,1,452,2006m3,1,751,1,2,7,1,340,1,2,4,,2024-04-17 20:11
2848,284804,25,2022,33,5,,,,,,,1,7,2,,,,3,,2024-04-17 20:11
2849,284901,25,2022,65,3,1,303,2019m7,1,873,1,2,7,1,200,1,2,4,,2024-04-17 20:11
2849,284902,25,2022,66,3,,,,,,,2,7,2,,,,4,,2024-04-17 20:11
2849,284903,25,2022,36,6,1,855,2018m8,1,254,1,1,7,2,200,1,2,4,,2024-04-17 20:11
9822,284904,25,2022,32,6,1,311,2019m3,1,921,1,1,2,1,280,1,2,5,,2024-04-17 20:11
2851,285101,25,2022,74,3,,,,,,,2,7,1,,,,4,,2024-04-17 20:11
2851,285102,25,2022,66,2,2,492,2007m6,4,875,2,2,7,2,200,,2,4,,2024-04-17 20:11
7857,285103,25,2022,44,6,1,853,2018m3,1,251,1,2,8,1,500,1,2,3,,2024-04-17 20:11
8526,285104,25,2022,41,5,1,241,2010m5,1,312,1,2,11,1,545,1,3,3,,2024-04-17 20:11
2852,285201,25,2022,62,5,1,301,1986m9,1,854,1,2,7,1,1000,1,2,4,,2024-04-17 20:11
2852,285202,25,2022,61,3,2,562,2021m10,4,441,2,2,7,2,320,,2,4,,2024-04-17 20:11
10158,285203,25,2022,33,6,1,311,2015m1,1,235,1,2,15,1,420,1,2,4,,2024-04-17 20:11
2852,285204,25,2022,28,6,1,471,2021m11,1,521,1,1,7,2,230,1,2,4,,2024-04-17 20:11
2854,285401,25,2022,58,5,1,311,1983m1,1,743,1,2,7,1,810,1,2,4,,2024-04-17 20:11
2854,285402,25,2022,57,3,,,,,,,2,7,2,,,,4,,2024-04-17 20:11
9297,285403,25,2022,36,6,1,303,2020m5,1,235,1,2,7,1,460,1,2,5,,2024-04-17 20:11
9992,285404,25,2022,33,6,,,,,,,1,1,1,,,,4,,2024-04-17 20:11
2857,285702,25,2022,67,2,,,,,,,3,7,2,,,,5,,2024-04-17 20:11
2857,285703,25,2022,40,4,1,620,2020m1,1,224,1,1,7,1,250,1,2,5,,2024-04-17 20:11
8527,285704,25,2022,39,6,,,,,,,2,2,2,,,,5,,2024-04-17 20:11
2858,285802,25,2022,65,3,2,961,1990m3,4,422,2,3,7,2,150,,3,4,,2024-04-17 20:11
2858,285803,25,2022,41,4,1,311,2018m10,1,792,1,1,7,1,250,2,3,5,,2024-04-17 20:11
2859,285902,25,2022,86,2,,,,,,,3,7,2,,,,4,,2024-04-17 20:11
2859,285903,25,2022,52,3,1,412,1994m6,1,141,1,2,7,1,420,1,2,4,,2024-04-17 20:11
2859,285904,25,2022,46,3,1,472,2006m9,1,521,1,2,7,2,200,1,2,4,,2024-04-17 20:11
2859,285905,25,2022,25,6,,,,,,,1,7,1,,,,4,,2024-04-17 20:11
2862,286202,25,2022,71,2,2,474,2016m10,4,521,2,2,13,2,,,4,5,,2024-04-17 20:11
2862,286203,25,2022,75,3,2,11,2015m4,4,611,2,2,13,1,33,,3,5,,2024-04-17 20:11
2862,286204,25,2022,97,1,,,,,,,3,13,2,,,,5,,2024-04-17 20:11
2863,286301,25,2022,53,3,1,463,,1,521,1,1,7,1,320,1,3,5,,2024-04-17 20:11
2863,286303,25,2022,82,2,1,872,2017m3,2,941,1,3,7,2,27,2,3,5,,2024-04-17 20:11
2865,286503,25,2022,79,3,,,,,,,2,7,1,,,,4,,2024-04-17 20:11
2865,286504,25,2022,75,2,,,,,,,2,7,2,,,,4,,2024-04-17 20:11
5446,286505,25,2022,46,4,,,,,,,2,7,2,,,,2,,2024-04-17 20:11
8528,286506,25,2022,43,4,1,862,2007m4,1,312,1,2,7,1,300,1,3,4,,2024-04-17 20:11
8359,286507,25,2022,42,5,1,222,2009m8,1,832,1,1,14,1,272,1,2,3,,2024-04-17 20:11
2866,286601,25,2022,70,2,,,,,,,2,7,1,,,,5,,2024-04-17 20:11
2866,286602,25,2022,61,3,1,561,2002m1,2,441,1,2,7,2,200,2,3,5,,2024-04-17 20:11
9119,286603,25,2022,36,4,1,466,2022m1,1,510,1,2,7,1,360,1,3,5,,2024-04-17 20:11
2867,286701,25,2022,56,3,1,301,1988m1,1,854,1,2,7,1,1000,1,2,4,,2024-04-17 20:11
2867,286702,25,2022,52,3,,,,,,,2,7,2,,,,4,,2024-04-17 20:11
2867,286704,25,2022,27,6,,,,,,,1,7,1,,,,4,,2024-04-17 20:11
2868,286801,25,2022,80,2,,,,,,,2,9,1,,,,4,,2024-04-17 20:11
2868,286802,25,2022,75,2,1,851,2022m3,2,952,1,2,9,2,27,2,2,4,,2024-04-17 20:11
6653,286804,25,2022,48,6,,,,,,,2,10,2,,,,4,,2024-04-17 20:11
2868,286805,25,2022,44,3,,,,,,,2,9,2,,,,3,,2024-04-17 20:11
6958,286806,25,2022,40,3,,,,,,,2,14,2,,,,4,,2024-04-17 20:11
2869,286901,25,2022,74,3,,,,,,,3,14,1,,,,5,,2024-04-17 20:11
2870,287001,25,2022,79,1,,,,,,,3,7,2,,,,5,,2024-04-17 20:11
8457,287003,25,2022,42,3,1,493,2021m10,1,873,1,3,7,1,300,1,2,4,,2024-04-17 20:11
2871,287101,25,2022,58,5,1,301,1989m2,1,854,1,2,11,1,850,1,2,3,,2024-04-17 20:11
2871,287102,25,2022,52,3,,,,,,,2,11,2,,,,2,,2024-04-17 20:11
2872,287201,25,2022,66,6,1,851,2020m3,3,254,1,3,10,2,64,2,2,5,,2024-04-17 20:11
6966,287202,25,2022,42,4,1,843,2009m1,1,980,1,2,11,1,570,1,2,3,,2024-04-17 20:11
8360,287203,25,2022,39,5,,,,,,,2,10,2,,,,4,,2024-04-17 20:11
2873,287301,25,2022,86,3,,,,,,,2,8,1,,,,5,,2024-04-17 20:11
2873,287302,25,2022,79,3,,,,,,,2,8,2,,,,4,,2024-04-17 20:11
6032,287303,25,2022,50,5,1,759,2019m12,1,399,1,3,5,2,190,1,3,5,,2024-04-17 20:11
7674,287304,25,2022,48,5,1,911,2016m4,3,432,1,2,8,2,80,2,3,4,,2024-04-17 20:11
6063,287305,25,2022,45,3,1,301,2004m2,1,854,1,3,7,1,320,1,3,5,,2024-04-17 20:11
2874,287401,25,2022,59,3,1,301,1988m3,1,854,1,2,7,1,590,1,2,5,,2024-04-17 20:11
2874,287402,25,2022,57,3,1,872,2021m3,2,421,1,2,7,2,160,2,2,5,,2024-04-17 20:11
9823,287403,25,2022,28,6,1,412,2021m7,2,243,1,1,1,2,850,2,2,4,,2024-04-17 20:11
2875,287501,25,2022,62,3,1,301,1985m6,1,854,1,2,7,1,670,1,3,4,,2024-04-17 20:11
2875,287502,25,2022,58,3,,,,,,,2,7,2,,,,4,,2024-04-17 20:11
9648,287503,25,2022,34,6,,,,,,,2,7,2,,,,4,,2024-04-17 20:11
2875,287504,25,2022,29,5,,,,,,,1,7,1,,,,4,,2024-04-17 20:11
2876,287602,25,2022,60,3,1,852,2016m2,1,952,1,3,7,2,200,1,3,5,,2024-04-17 20:11
2876,287603,25,2022,31,6,1,303,2018m3,1,851,1,1,7,1,250,1,3,5,,2024-04-17 20:11
2877,287701,25,2022,67,3,1,682,2022m2,2,942,1,2,7,1,140,2,3,5,,2024-04-17 20:11
2877,287702,25,2022,64,2,1,949,2022m3,2,246,1,2,7,2,100,2,3,5,,2024-04-17 20:11
2877,287703,25,2022,38,6,1,107,2016m1,1,812,1,1,7,1,300,1,3,5,,2024-04-17 20:11
9745,287704,25,2022,36,6,1,841,2017m7,1,311,1,2,1,1,350,1,2,4,,2024-04-17 20:11
2879,287901,25,2022,69,3,,,,,,,2,7,1,,,,5,,2024-04-17 20:11
2879,287902,25,2022,65,3,,,,,,,2,7,2,,,,5,,2024-04-17 20:11
8100,287903,25,2022,40,5,1,242,2007m10,1,841,1,2,7,1,510,1,2,4,,2024-04-17 20:11
8770,287904,25,2022,39,5,,,,,,,2,7,2,,,,4,,2024-04-17 20:11
2880,288001,25,2022,58,3,1,242,1987m8,1,841,1,2,7,1,550,1,2,4,,2024-04-17 20:11
2880,288002,25,2022,54,3,,,,,,,2,7,2,,,,4,,2024-04-17 20:11
2880,288003,25,2022,27,6,1,861,2018m8,1,243,1,1,7,2,250,1,2,4,,2024-04-17 20:11
2880,288004,25,2022,25,6,1,713,2022m1,1,285,1,1,7,2,200,1,3,4,,2024-04-17 20:11
2881,288102,25,2022,56,3,,,,,,,3,7,2,,,,4,,2024-04-17 20:11
8529,288103,25,2022,32,5,1,862,2018m1,1,245,1,2,7,2,250,1,3,5,,2024-04-17 20:11
9120,288104,25,2022,31,6,1,701,2016m12,1,311,1,1,4,1,430,1,2,4,,2024-04-17 20:11
2882,288201,25,2022,64,4,1,192,2019m10,1,312,1,2,7,1,250,2,3,4,,2024-04-17 20:11
2882,288202,25,2022,58,3,1,651,2013m6,1,510,1,2,7,2,300,2,3,4,,2024-04-17 20:11
9824,288203,25,2022,33,6,,,,,,,2,13,2,,,,4,,2024-04-17 20:11
2882,288204,25,2022,32,4,,,,,,,1,7,1,,,,6,,2024-04-17 20:11
2883,288301,25,2022,79,3,2,492,1999m3,4,875,2,2,7,1,120,,3,5,,2024-04-17 20:11
2883,288302,25,2022,80,2,,,,,,,2,7,2,,,,5,,2024-04-17 20:11
7675,288304,25,2022,47,6,2,232,2015m7,4,791,2,3,2,2,800,,1,2,,2024-04-17 20:11
2884,288401,25,2022,59,6,1,852,1989m9,1,131,1,2,7,1,730,1,2,3,,2024-04-17 20:11
2884,288402,25,2022,56,6,1,852,2001m2,1,131,1,2,7,2,700,1,2,3,,2024-04-17 20:11
2884,288403,25,2022,30,6,,,,,,,1,7,2,,,,4,,2024-04-17 20:11
5125,288503,25,2022,59,3,1,311,2007m11,1,762,1,2,7,1,460,1,3,5,,2024-04-17 20:11
5125,288504,25,2022,58,5,2,651,,4,510,2,2,7,2,250,,3,5,,2024-04-17 20:11
5126,288505,25,2022,55,6,2,651,2001m9,4,510,2,2,7,1,300,,3,4,,2024-04-17 20:11
5125,288506,25,2022,32,6,1,732,2022m4,1,285,1,1,7,2,330,1,3,5,,2024-04-17 20:11
5125,288507,25,2022,28,6,,,,,,,1,7,2,,,,5,,2024-04-17 20:11
2886,288601,25,2022,68,5,1,461,2021m9,2,274,1,2,7,1,120,2,3,5,,2024-04-17 20:11
2886,288602,25,2022,64,3,1,872,2021m10,1,421,1,2,7,2,86,2,3,5,,2024-04-17 20:11
8665,288604,25,2022,39,6,1,582,2010m12,1,222,1,1,8,1,500,1,2,3,,2024-04-17 20:11
2889,288902,25,2022,78,2,,,,,,,3,7,2,,,,4,,2024-04-17 20:11
2893,289302,25,2022,76,2,2,11,1966m2,4,611,2,3,7,2,20,,3,6,,2024-04-17 20:11
5198,289303,25,2022,50,3,1,422,2018m1,1,792,1,2,7,1,300,1,3,6,,2024-04-17 20:11
6111,289304,25,2022,47,3,1,952,2016m10,1,751,1,2,7,1,250,1,3,6,,2024-04-17 20:11
2894,289402,25,2022,45,2,1,303,2005m1,1,851,1,1,7,1,300,1,3,6,,2024-04-17 20:11
2894,289403,25,2022,40,2,1,11,2012m12,1,612,1,1,7,1,250,1,3,6,,2024-04-17 20:11
2895,289501,25,2022,80,2,2,11,1958m3,4,611,2,2,7,1,200,,2,4,,2024-04-17 20:11
2895,289502,25,2022,76,2,3,11,1968m2,5,611,2,2,7,2,,,2,4,,2024-04-17 20:11
6902,289503,25,2022,48,6,1,842,1996m3,1,259,1,1,7,2,380,1,2,5,,2024-04-17 20:11
7677,289504,25,2022,46,6,1,303,2013m1,1,854,1,2,7,1,340,1,3,5,,2024-04-17 20:11
7359,289505,25,2022,44,5,,,,,,,2,7,2,,,,6,,2024-04-17 20:11
2898,289801,25,2022,70,2,1,477,2019m1,1,953,1,2,8,1,180,2,3,5,,2024-04-17 20:11
2898,289802,25,2022,64,2,,,,,,,2,8,2,,,,5,,2024-04-17 20:11
8577,289803,25,2022,43,6,1,852,2006m3,2,252,1,2,8,1,400,1,2,3,,2024-04-17 20:11
8235,289804,25,2022,42,5,1,474,2022m5,3,521,1,2,8,2,56,2,3,5,,2024-04-17 20:11
2899,289901,25,2022,63,3,2,763,2005m6,4,522,2,2,8,1,,,4,4,,2024-04-17 20:11
2899,289902,25,2022,61,3,,,,,,,2,8,2,,,,4,,2024-04-17 20:11
8236,289903,25,2022,35,6,1,911,2022m10,2,286,1,2,8,2,95,2,3,4,,2024-04-17 20:11
9993,289904,25,2022,32,6,2,426,2019m9,4,875,2,1,8,1,330,,3,5,,2024-04-17 20:11
2900,290001,25,2022,62,5,2,494,2013m4,4,922,2,2,8,1,1000,,2,3,,2024-04-17 20:11
2900,290002,25,2022,57,3,3,494,2019m5,5,922,2,2,8,2,,,2,2,,2024-04-17 20:11
2900,290003,25,2022,24,6,,,,,,,1,8,2,,,,3,,2024-04-17 20:11
2900,290004,25,2022,20,4,,,,,,,1,8,2,,,,4,,2024-04-17 20:11
8361,290104,25,2022,45,6,1,352,2011m8,1,313,1,3,8,1,530,1,3,3,,2024-04-17 20:11
2902,290201,25,2022,63,6,1,721,2011m6,1,231,1,2,8,1,320,1,4,4,,2024-04-17 20:11
2902,290202,25,2022,59,3,1,471,2005m7,1,521,1,2,8,2,220,1,3,4,,2024-04-17 20:11
10242,290203,25,2022,31,6,1,649,2018m1,1,313,1,2,1,1,580,1,2,4,,2024-04-17 20:11
2905,290501,25,2022,86,2,,,,,,,3,8,2,,,,5,,2024-04-17 20:11
10159,290502,25,2022,60,5,1,471,2017m9,2,953,1,1,8,1,150,2,3,6,,2024-04-17 20:11
2906,290601,25,2022,64,3,1,861,2013m1,2,992,1,2,8,1,200,2,3,5,,2024-04-17 20:11
2906,290602,25,2022,60,3,1,264,2017m1,1,863,1,2,8,2,200,1,3,5,,2024-04-17 20:11
2908,290801,25,2022,67,2,,,,,,,3,8,1,,,,5,,2024-04-17 20:11
7678,290802,25,2022,41,3,,,,,,,2,8,2,,,,4,,2024-04-17 20:11
7470,290803,25,2022,40,2,2,521,2016m1,4,922,2,2,8,1,600,,2,4,,2024-04-17 20:11
8936,290901,25,2022,80,2,,,,,,,2,10,1,,,,4,,2024-04-17 20:11
2909,290902,25,2022,76,2,,,,,,,3,8,2,,,,5,,2024-04-17 20:11
7679,290903,25,2022,42,2,,,,,,,2,5,2,,,,5,,2024-04-17 20:11
2909,290908,25,2022,46,5,1,471,2019m11,1,521,1,1,8,1,280,1,3,5,,2024-04-17 20:11
2910,291001,25,2022,56,3,1,741,2017m7,1,232,1,3,8,1,300,1,2,4,,2024-04-17 20:11
2915,291502,25,2022,79,2,,,,,,,3,8,2,,,,5,,2024-04-17 20:11
2915,291503,25,2022,52,6,1,471,2017m2,1,521,1,1,8,1,340,1,2,5,,2024-04-17 20:11
9902,291601,25,2022,78,3,,,,,,,3,1,1,,,,6,,2024-04-17 20:11
2916,291602,25,2022,70,2,,,,,,,3,8,2,,,,5,,2024-04-17 20:11
6251,291603,25,2022,49,5,,,,,,,2,8,2,,,,5,,2024-04-17 20:11
6252,291604,25,2022,41,2,1,872,2020m8,1,441,1,2,8,2,89,2,2,3,,2024-04-17 20:11
2917,291701,25,2022,68,3,1,682,2009m2,2,862,1,3,8,1,300,2,3,5,,2024-04-17 20:11
8771,291703,25,2022,39,6,1,872,2021m4,1,247,1,2,8,2,225,2,3,5,,2024-04-17 20:11
2919,291902,25,2022,79,2,2,912,2007m8,4,432,2,3,8,2,300,,3,5,,2024-04-17 20:11
9649,291904,25,2022,45,6,1,721,2013m8,1,234,1,1,8,1,430,1,3,5,,2024-04-17 20:11
5985,291905,25,2022,42,6,1,853,2016m2,2,251,1,1,8,2,150,2,3,5,,2024-04-17 20:11
2920,292001,25,2022,89,2,,,,,,,3,8,1,,,,5,,2024-04-17 20:11
2921,292102,25,2022,85,2,,,,,,,3,8,2,,,,4,,2024-04-17 20:11
2921,292103,25,2022,54,6,1,301,2004m3,1,312,1,2,8,1,1000,1,2,2,,2024-04-17 20:11
2921,292104,25,2022,51,3,2,561,2013m10,4,441,2,2,8,2,200,,3,3,,2024-04-17 20:11
2921,292105,25,2022,26,5,1,851,2022m3,1,253,1,1,8,2,195,1,3,4,,2024-04-17 20:11
2921,292106,25,2022,23,4,,,,,,,1,8,1,,,,4,,2024-04-17 20:11
2923,292301,25,2022,65,2,,,,,,,2,8,1,,,,5,,2024-04-17 20:11
2923,292302,25,2022,63,2,,,,,,,2,8,2,,,,5,,2024-04-17 20:11
7058,292303,25,2022,41,3,1,862,2021m9,2,246,1,2,8,2,180,2,3,4,,2024-04-17 20:11
7975,292304,25,2022,39,6,1,464,2022m2,1,510,1,2,8,2,240,1,3,4,,2024-04-17 20:11
2924,292402,25,2022,62,3,1,682,2022m2,1,274,1,3,8,2,197,2,2,5,,2024-04-17 20:11
9563,292404,25,2022,34,4,1,262,2022m1,3,743,1,2,8,1,500,2,3,3,,2024-04-17 20:11
9223,292405,25,2022,38,6,,,,,,,2,8,2,,,,3,,2024-04-17 20:11
2925,292501,25,2022,90,2,,,,,,,3,8,1,,,,5,,2024-04-17 20:11
5658,292503,25,2022,53,3,1,493,2008m3,1,875,1,1,8,1,300,1,2,5,,2024-04-17 20:11
2926,292601,25,2022,75,4,,,,,,,2,8,1,,,,5,,2024-04-17 20:11
2926,292602,25,2022,67,3,1,969,2017m10,2,421,1,2,8,2,148,2,2,5,,2024-04-17 20:11
5850,292603,25,2022,48,4,1,844,1997m7,1,311,1,2,8,1,670,1,2,3,,2024-04-17 20:11
7360,292702,25,2022,70,2,1,841,2015m3,3,941,1,3,8,2,148,2,3,5,,2024-04-17 20:11
2927,292703,25,2022,38,5,1,759,2019m1,1,320,1,1,1,1,180,2,3,5,,2024-04-17 20:11
2927,292706,25,2022,59,2,1,141,1980m3,2,721,1,3,1,2,160,2,3,5,,2024-04-17 20:11
7684,292801,25,2022,77,2,1,682,2018m9,1,942,1,3,8,1,178,2,3,5,,2024-04-17 20:11
9747,292802,25,2022,74,2,,,,,,,3,8,2,,,,5,,2024-04-17 20:11
7684,292803,25,2022,48,3,1,464,2022m6,1,521,1,1,8,1,225,1,3,4,,2024-04-17 20:11
8101,293003,25,2022,41,6,1,264,2006m12,1,223,1,2,8,1,420,1,2,4,,2024-04-17 20:11
2931,293102,25,2022,49,3,2,561,2020m12,4,441,2,3,8,2,150,,4,5,,2024-04-17 20:11
2931,293103,25,2022,18,2,,,,,,,1,8,1,,,,5,,2024-04-17 20:11
2931,293104,25,2022,17,2,,,,,,,1,8,2,,,,5,,2024-04-17 20:11
2932,293202,25,2022,68,2,1,561,2022m6,1,952,1,3,8,2,,2,3,5,,2024-04-17 20:11
5472,293204,25,2022,45,3,1,465,2017m8,1,521,1,2,8,2,235,1,3,5,,2024-04-17 20:11
2934,293401,25,2022,70,3,2,492,1979m6,4,875,2,2,8,1,350,,2,4,,2024-04-17 20:11
2934,293402,25,2022,65,2,,,,,,,2,8,2,,,,5,,2024-04-17 20:11
2934,293404,25,2022,40,3,,,,,,,1,8,2,,,,5,,2024-04-17 20:11
2935,293501,25,2022,60,3,,,,,,,2,8,1,,,,4,,2024-04-17 20:11
2935,293502,25,2022,58,3,,,,,,,2,8,2,,,,4,,2024-04-17 20:11
2940,294002,25,2022,81,3,,,,,,,2,8,1,,,,5,,2024-04-17 20:11
2943,294301,25,2022,52,6,1,303,2016m9,1,312,1,2,8,1,700,1,3,4,,2024-04-17 20:11
2943,294302,25,2022,51,6,1,682,2014m3,1,139,1,2,8,2,380,1,3,4,,2024-04-17 20:11
2943,294303,25,2022,26,6,1,701,2021m5,1,234,1,1,8,1,260,1,2,4,,2024-04-17 20:11
2943,294304,25,2022,21,4,,,,,,,1,8,2,,,,4,,2024-04-17 20:11
5407,294401,25,2022,65,2,,,,,,,3,8,2,,,,6,,2024-04-17 20:11
2946,294601,25,2022,74,3,,,,,,,2,8,1,,,,5,,2024-04-17 20:11
2946,294602,25,2022,67,2,,,,,,,2,8,2,,,,5,,2024-04-17 20:11
5981,294603,25,2022,45,6,1,424,2022m1,1,312,1,2,8,2,198,2,3,4,,2024-04-17 20:11
2951,295101,25,2022,77,3,,,,,,,2,8,1,,,,4,,2024-04-17 20:11
2951,295102,25,2022,76,2,,,,,,,2,8,2,,,,4,,2024-04-17 20:11
9749,295401,25,2022,54,5,1,222,2019m7,1,312,1,2,8,1,380,1,3,5,,2024-04-17 20:11
2955,295501,25,2022,52,6,1,853,2014m10,1,251,1,2,8,1,700,1,2,2,,2024-04-17 20:11
2955,295502,25,2022,51,6,1,861,1996m10,1,242,1,2,8,2,800,1,2,3,,2024-04-17 20:11
2955,295503,25,2022,23,4,,,,,,,1,8,1,,,,4,,2024-04-17 20:11
2955,295504,25,2022,19,4,,,,,,,1,8,1,,,,4,,2024-04-17 20:11
5668,295603,25,2022,49,3,1,303,2001m1,1,841,1,1,8,1,550,1,2,4,,2024-04-17 20:11
2958,295801,25,2022,74,3,,,,,,,2,8,1,,,,3,,2024-04-17 20:11
2958,295802,25,2022,69,2,,,,,,,2,8,2,,,,3,,2024-04-17 20:11
9650,295804,25,2022,41,6,2,582,,4,285,2,2,8,2,500,,2,4,,2024-04-17 20:11
2959,295901,25,2022,55,3,2,713,2020m3,4,273,2,2,8,1,400,,3,5,,2024-04-17 20:11
10160,295902,25,2022,55,3,3,562,2021m9,5,441,2,3,12,2,,,3,5,,2024-04-17 20:11
10160,295903,25,2022,29,6,2,562,2016m7,4,442,2,1,12,1,300,,4,5,,2024-04-17 20:11
2959,295904,25,2022,25,5,1,471,2021m8,1,392,1,1,8,2,240,1,2,5,,2024-04-17 20:11
2960,296001,25,2022,67,2,1,424,2007m9,3,782,1,2,8,1,360,2,3,4,,2024-04-17 20:11
2960,296002,25,2022,66,2,,,,,,,2,8,2,,,,5,,2024-04-17 20:11
8772,296003,25,2022,42,6,2,712,2013m7,4,271,2,2,5,1,500,,3,4,,2024-04-17 20:11
7142,296004,25,2022,44,6,1,855,2015m1,1,254,1,2,8,2,280,2,2,4,,2024-04-17 20:11
2961,296101,25,2022,52,6,1,261,1993m2,1,312,1,2,8,1,1250,1,2,3,,2024-04-17 20:11
2961,296102,25,2022,50,5,,,,,,,2,8,2,,,,3,,2024-04-17 20:11
2961,296103,25,2022,25,6,1,292,2021m1,1,851,1,1,8,2,330,1,2,3,,2024-04-17 20:11
2961,296104,25,2022,22,6,1,851,2022m3,1,252,1,1,8,2,320,1,2,3,,2024-04-17 20:11
2961,296105,25,2022,15,2,,,,,,,1,8,1,,,,3,,2024-04-17 20:11
2964,296402,25,2022,76,2,1,561,2022m3,3,441,1,3,8,2,54,2,3,5,,2024-04-17 20:11
8362,296404,25,2022,47,6,2,493,,4,922,2,2,8,1,400,,2,4,,2024-04-17 20:11
2965,296502,25,2022,81,2,,,,,,,3,8,2,,,,5,,2024-04-17 20:11
2966,296601,25,2022,66,2,,,,,,,2,8,1,,,,4,,2024-04-17 20:11
2966,296602,25,2022,60,3,,,,,,,2,8,2,,,,5,,2024-04-17 20:11
2966,296603,25,2022,37,5,,,,,,,1,8,2,,,,4,,2024-04-17 20:11
8773,296604,25,2022,32,4,1,843,2011m1,1,980,1,2,8,1,300,1,3,5,,2024-04-17 20:11
2966,296605,25,2022,22,3,,,,,,,1,8,2,,,,4,,2024-04-17 20:11
2967,296701,25,2022,81,3,,,,,,,2,8,1,,,,4,,2024-04-17 20:11
2967,296702,25,2022,74,2,,,,,,,2,8,2,,,,5,,2024-04-17 20:11
6765,296703,25,2022,45,6,1,682,2017m6,1,783,1,2,19,1,370,1,2,4,,2024-04-17 20:11
2968,296801,25,2022,72,2,,,,,,,3,8,2,,,,6,,2024-04-17 20:11
10161,297001,25,2022,62,4,1,303,2011m11,1,312,1,3,8,1,300,1,3,4,,2024-04-17 20:11
2970,297002,25,2022,58,3,2,662,2015m1,4,510,2,3,8,2,300,,3,4,,2024-04-17 20:11
2970,297003,25,2022,32,6,1,561,2020m11,1,442,1,1,8,2,390,1,2,4,,2024-04-17 20:11
10334,297004,25,2022,30,5,2,561,2020m11,4,441,2,2,8,2,1000,,2,4,,2024-04-17 20:11
2971,297101,25,2022,66,2,1,529,2019m1,3,874,1,2,8,1,340,2,3,5,,2024-04-17 20:11
2971,297102,25,2022,61,2,,,,,,,2,8,2,,,,5,,2024-04-17 20:11
9564,297103,25,2022,40,6,1,473,2021m2,1,510,1,2,8,1,300,1,3,5,,2024-04-17 20:11
6766,297202,25,2022,56,3,,,,,,,3,8,2,,,,5,,2024-04-17 20:11
2973,297302,25,2022,52,3,2,479,,4,510,2,3,8,2,50,,3,5,,2024-04-17 20:11
9750,297303,25,2022,29,5,,,,,,,2,8,2,,,,3,,2024-04-17 20:11
5041,297603,25,2022,53,6,,,,,,,3,8,1,,,,5,,2024-04-17 20:11
5270,297604,25,2022,50,5,,,,,,,2,8,2,,,,4,,2024-04-17 20:11
2978,297802,25,2022,71,2,,,,,,,3,9,2,,,,4,,2024-04-17 20:11
2982,298201,25,2022,62,5,2,465,1996m1,4,521,2,2,8,1,1000,,2,3,,2024-04-17 20:11
2982,298202,25,2022,60,3,,,,,,,2,8,2,,,,3,,2024-04-17 20:11
9751,298203,25,2022,34,6,1,478,2020m6,1,312,1,2,8,1,530,1,2,4,,2024-04-17 20:11
2983,298301,25,2022,58,6,1,381,2013m3,1,941,1,2,8,1,310,1,2,4,,2024-04-17 20:11
2983,298302,25,2022,57,3,,,,,,,2,8,2,,,,4,,2024-04-17 20:11
2983,298303,25,2022,29,3,,,,,,,1,8,1,,,,5,,2024-04-17 20:11
2985,298501,25,2022,73,2,,,,,,,2,8,1,,,,5,,2024-04-17 20:11
2985,298502,25,2022,66,2,,,,,,,2,8,2,,,,6,,2024-04-17 20:11
7185,298503,25,2022,45,5,1,292,2017m7,1,854,1,2,8,1,400,1,3,3,,2024-04-17 20:11
7186,298504,25,2022,42,5,1,463,2014m6,1,521,1,3,8,1,340,1,3,4,,2024-04-17 20:11
7688,298505,25,2022,41,5,2,472,2012m6,4,521,2,2,8,1,800,,2,3,,2024-04-17 20:11
5004,298506,25,2022,61,3,1,412,2013m6,3,782,1,2,14,1,250,2,3,4,,2024-04-17 20:11
2986,298601,25,2022,60,3,1,424,2019m5,3,910,1,3,8,1,150,2,4,5,,2024-04-17 20:11
9994,298602,25,2022,57,3,1,872,2021m8,1,421,1,3,8,2,220,2,2,5,,2024-04-17 20:11
9994,298604,25,2022,27,4,1,494,2019m10,2,922,1,1,8,1,350,2,2,5,,2024-04-17 20:11
2987,298701,25,2022,59,3,2,561,2015m7,4,441,2,2,8,1,250,,4,4,,2024-04-17 20:11
2987,298702,25,2022,56,3,3,561,2015m7,5,442,2,2,8,2,,,4,4,,2024-04-17 20:11
2987,298703,25,2022,31,5,,,,,,,1,8,2,,,,4,,2024-04-17 20:11
2987,298704,25,2022,28,6,1,872,2022m4,1,247,1,1,8,2,215,1,2,4,,2024-04-17 20:11
2990,299001,25,2022,63,6,,,,,,,2,1,1,,,,4,,2024-04-17 20:11
2990,299002,25,2022,56,3,,,,,,,2,1,2,,,,4,,2024-04-17 20:11
2990,299003,25,2022,32,6,2,901,2020m8,4,284,2,1,1,1,200,,3,4,,2024-04-17 20:11
2990,299004,25,2022,30,5,1,181,2017m3,1,892,1,1,1,1,300,1,2,4,,2024-04-17 20:11
2994,299401,25,2022,49,2,,,,,,,2,8,2,,,,3,,2024-04-17 20:11
2994,299402,25,2022,52,2,2,422,2003m9,4,792,2,2,8,1,500,,2,3,,2024-04-17 20:11
2994,299403,25,2022,21,5,1,961,2022m3,1,422,1,1,8,2,270,1,2,3,,2024-04-17 20:11
2994,299404,25,2022,19,4,,,,,,,1,8,1,,,,3,,2024-04-17 20:11
2994,299405,25,2022,15,2,,,,,,,1,8,2,,,,3,,2024-04-17 20:11
2995,299501,25,2022,64,2,1,141,2017m3,2,722,1,2,8,1,200,2,2,3,,2024-04-17 20:11
2995,299502,25,2022,61,2,1,141,2020m6,3,721,1,2,8,2,200,2,2,3,,2024-04-17 20:11
2995,299505,25,2022,30,6,1,715,2017m10,2,313,1,2,8,1,200,2,2,3,,2024-04-17 20:11
2996,299601,25,2022,51,5,2,11,1999m5,4,611,2,2,13,1,1000,,3,3,,2024-04-17 20:11
2996,299602,25,2022,48,3,,,,,,,2,13,2,,,,3,,2024-04-17 20:11
2996,299603,25,2022,25,6,,,,,,,1,13,2,,,,4,,2024-04-17 20:11
2996,299604,25,2022,22,5,,,,,,,1,13,1,,,,4,,2024-04-17 20:11
2996,299605,25,2022,16,2,,,,,,,1,13,2,,,,4,,2024-04-17 20:11
2997,299701,25,2022,53,3,2,521,2010m11,4,922,2,2,8,1,400,,2,3,,2024-04-17 20:11
2997,299702,25,2022,54,3,1,474,2003m8,1,521,1,2,8,2,280,1,2,4,,2024-04-17 20:11
2997,299703,25,2022,26,5,1,862,2019m4,1,312,1,1,8,1,340,1,2,4,,2024-04-17 20:11
2998,299801,25,2022,53,6,1,851,1998m3,1,252,1,1,2,2,650,1,2,3,,2024-04-17 20:11
2998,299802,25,2022,79,2,,,,,,,2,2,1,,,,3,,2024-04-17 20:11
2998,299803,25,2022,73,2,,,,,,,2,2,2,,,,3,,2024-04-17 20:11
2999,299901,25,2022,67,3,2,494,2019m9,4,922,2,2,8,1,200,,3,5,,2024-04-17 20:11
2999,299902,25,2022,66,3,,,,,,,2,8,2,,,,5,,2024-04-17 20:11
2999,299904,25,2022,37,6,,,,,,,1,8,2,,,,5,,2024-04-17 20:11
3001,300101,25,2022,53,6,1,423,2018m10,3,772,1,2,5,1,300,2,3,5,,2024-04-17 20:11
3001,300102,25,2022,50,5,,,,,,,2,5,2,,,,5,,2024-04-17 20:11
3001,300103,25,2022,21,4,,,,,,,1,5,2,,,,4,,2024-04-17 20:11
3001,300104,25,2022,20,4,,,,,,,1,5,1,,,,4,,2024-04-17 20:11
3002,300202,25,2022,78,2,,,,,,,3,8,2,,,,3,,2024-04-17 20:11
3002,300203,25,2022,52,5,1,661,1989m3,1,320,1,2,8,1,1000,1,2,3,,2024-04-17 20:11
3002,300204,25,2022,50,3,1,862,2014m1,1,243,1,2,8,2,300,1,2,3,,2024-04-17 20:11
3004,300401,25,2022,75,2,2,11,2012m4,4,611,2,2,12,1,150,,2,5,,2024-04-17 20:11
3004,300402,25,2022,71,3,3,11,2012m4,5,611,2,2,12,2,,,3,5,,2024-04-17 20:11
6634,300403,25,2022,47,3,2,493,,4,875,2,2,8,1,300,,3,5,,2024-04-17 20:11
3004,300405,25,2022,95,1,,,,,,,3,12,2,,,,5,,2024-04-17 20:11
3007,300701,25,2022,56,2,1,411,2022m8,3,910,1,2,8,1,150,2,4,5,,2024-04-17 20:11
3007,300702,25,2022,58,3,1,463,2007m1,1,521,1,2,8,2,230,1,2,5,,2024-04-17 20:11
3009,300901,25,2022,84,1,,,,,,,3,8,2,,,,6,,2024-04-17 20:11
7471,300902,25,2022,55,6,1,841,2010m7,1,311,1,3,8,1,340,1,3,5,,2024-04-17 20:11
3010,301002,25,2022,84,2,,,,,,,3,8,2,,,,5,,2024-04-17 20:11
3011,301101,25,2022,61,2,,,,,,,3,8,1,,,,6,,2024-04-17 20:11
6549,301102,25,2022,61,3,1,141,2009m8,2,721,1,2,8,2,175,2,3,5,,2024-04-17 20:11
3011,301103,25,2022,39,4,1,331,2021m7,2,791,1,1,8,1,250,2,3,5,,2024-04-17 20:11
3012,301201,25,2022,70,2,2,493,,4,875,2,3,8,1,300,,3,5,,2024-04-17 20:11
7515,301203,25,2022,43,5,1,424,2017m3,3,910,1,2,8,1,320,2,3,4,,2024-04-17 20:11
3013,301301,25,2022,63,3,1,424,2018m11,2,783,1,2,8,1,290,2,3,5,,2024-04-17 20:11
3013,301302,25,2022,57,2,1,742,2022m7,2,941,1,2,8,2,160,2,3,5,,2024-04-17 20:11
3013,301303,25,2022,30,4,1,463,2020m4,2,521,1,1,8,1,250,2,3,5,,2024-04-17 20:11
3013,301304,25,2022,28,6,1,461,2019m9,2,312,1,1,8,2,230,2,3,5,,2024-04-17 20:11
3014,301402,25,2022,51,3,1,561,2021m3,1,441,1,2,1,2,250,1,3,5,,2024-04-17 20:11
3015,301501,25,2022,60,3,1,411,2000m8,3,910,1,2,8,1,180,2,3,5,,2024-04-17 20:11
3015,301502,25,2022,55,3,1,853,2022m2,2,941,1,2,8,2,160,2,3,5,,2024-04-17 20:11
3015,301503,25,2022,32,4,1,411,2021m3,3,782,1,1,8,1,180,2,3,5,,2024-04-17 20:11
3015,301504,25,2022,29,5,1,620,2021m4,1,222,1,1,8,2,270,2,3,5,,2024-04-17 20:11
7472,301703,25,2022,56,3,1,902,2021m2,1,783,1,2,8,1,286,1,3,5,,2024-04-17 20:11
3018,301801,25,2022,86,1,,,,,,,3,8,2,,,,5,,2024-04-17 20:11
3018,301802,25,2022,67,3,1,492,2012m5,1,875,1,2,8,1,245,1,3,5,,2024-04-17 20:11
3018,301803,25,2022,60,3,1,474,2011m12,1,521,1,2,8,2,190,2,3,4,,2024-04-17 20:11
3018,301804,25,2022,35,5,1,333,2014m3,1,741,1,1,8,1,225,1,3,5,,2024-04-17 20:11
9753,301805,25,2022,31,5,3,856,2020m12,5,254,2,2,8,2,,,3,5,,2024-04-17 20:11
3021,302101,25,2022,88,1,,,,,,,3,5,2,,,,5,,2024-04-17 20:11
3022,302201,25,2022,73,3,,,,,,,2,8,1,,,,4,,2024-04-17 20:11
3022,302202,25,2022,70,2,,,,,,,2,8,2,,,,4,,2024-04-17 20:11
7858,302203,25,2022,41,4,2,452,2011m7,4,312,2,2,8,1,500,,3,4,,2024-04-17 20:11
6017,302204,25,2022,45,5,1,464,2021m2,1,953,1,2,8,1,290,2,3,5,,2024-04-17 20:11
3024,302401,25,2022,66,2,1,682,2021m1,2,942,1,2,8,1,230,2,3,4,,2024-04-17 20:11
3024,302402,25,2022,63,2,1,561,2008m7,1,442,1,2,8,2,100,2,3,4,,2024-04-17 20:11
3024,302403,25,2022,37,4,1,411,2018m1,3,910,1,1,8,1,100,2,4,5,,2024-04-17 20:11
3024,302404,25,2022,38,6,1,492,2017m3,2,312,1,1,8,1,250,2,3,5,,2024-04-17 20:11
3025,302501,25,2022,84,3,,,,,,,2,8,1,,,,5,,2024-04-17 20:11
3025,302502,25,2022,80,2,,,,,,,2,8,2,,,,5,,2024-04-17 20:11
5408,302503,25,2022,53,6,1,411,2009m2,1,783,1,2,1,1,450,1,3,4,,2024-04-17 20:11
7859,302505,25,2022,45,6,1,411,2006m1,1,312,1,2,14,1,360,1,3,3,,2024-04-17 20:11
3027,302702,25,2022,53,3,1,320,2014m11,1,730,1,2,8,2,195,1,3,5,,2024-04-17 20:11
3030,303002,25,2022,60,2,,,,,,,3,8,2,,,,5,,2024-04-17 20:11
9995,303003,25,2022,38,3,1,264,2015m6,1,864,1,2,8,1,236,1,2,4,,2024-04-17 20:11
9121,303004,25,2022,36,3,,,,,,,2,11,2,,,,4,,2024-04-17 20:11
3031,303101,25,2022,65,2,,,,,,,3,8,2,,,,6,,2024-04-17 20:11
8463,303102,25,2022,42,6,2,562,2013m7,4,442,2,2,8,1,350,,3,5,,2024-04-17 20:11
7691,303103,25,2022,39,5,1,562,2020m7,2,442,1,2,8,2,100,2,3,5,,2024-04-17 20:11
3032,303201,25,2022,51,2,1,424,2021m6,3,782,1,3,1,1,150,2,3,5,,2024-04-17 20:11
3034,303401,25,2022,46,5,1,529,1997m2,1,312,1,2,14,2,500,2,2,3,,2024-04-17 20:11
3034,303402,25,2022,49,6,1,611,2003m1,1,311,1,2,14,1,580,1,2,3,,2024-04-17 20:11
3037,303701,25,2022,75,2,,,,,,,2,8,1,,,,4,,2024-04-17 20:11
3037,303702,25,2022,72,2,,,,,,,2,8,2,,,,4,,2024-04-17 20:11
3038,303801,25,2022,57,3,2,478,2008m1,4,521,2,2,8,1,600,,2,4,,2024-04-17 20:11
3038,303802,25,2022,47,3,3,478,2014m8,5,521,2,2,8,2,,,3,5,,2024-04-17 20:11
3038,303803,25,2022,26,6,1,262,2020m8,1,312,1,1,8,1,290,1,3,5,,2024-04-17 20:11
3038,303804,25,2022,23,4,,,,,,,1,8,2,,,,5,,2024-04-17 20:11
3041,304101,25,2022,55,3,2,492,2014m5,4,875,2,2,8,1,180,,3,5,,2024-04-17 20:11
3041,304102,25,2022,53,3,1,107,2015m6,1,819,1,2,8,2,190,1,2,4,,2024-04-17 20:11
9225,304103,25,2022,30,5,1,292,2017m5,1,854,1,2,8,1,250,1,3,5,,2024-04-17 20:11
3042,304201,25,2022,53,5,1,682,2008m6,1,862,1,2,8,1,320,2,3,5,,2024-04-17 20:11
3042,304202,25,2022,50,3,1,612,2006m6,1,399,1,2,8,2,250,1,3,5,,2024-04-17 20:11
3042,304203,25,2022,24,6,1,721,2021m5,1,231,1,1,8,2,230,1,3,5,,2024-04-17 20:11
3042,304204,25,2022,22,4,,,,,,,1,8,2,,,,5,,2024-04-17 20:11
3043,304301,25,2022,62,2,,,,,,,2,8,1,,,,5,,2024-04-17 20:11
3043,304302,25,2022,60,2,1,872,2021m1,3,421,1,2,8,2,100,2,4,5,,2024-04-17 20:11
3043,304303,25,2022,38,6,1,421,2017m10,3,782,1,1,8,1,250,2,4,5,,2024-04-17 20:11
10074,304304,25,2022,29,5,1,479,2018m9,1,313,1,2,8,2,300,1,2,3,,2024-04-17 20:11
5199,304306,25,2022,49,3,1,424,2003m9,3,782,1,3,8,1,240,2,3,5,,2024-04-17 20:11
3047,304402,25,2022,51,3,1,452,1990m2,1,510,1,2,1,2,300,1,3,4,,2024-04-17 20:11
6317,304703,25,2022,47,6,1,852,2000m3,1,252,1,2,8,2,520,1,3,4,,2024-04-17 20:11
3049,304901,25,2022,74,2,,,,,,,3,9,1,,,,5,,2024-04-17 20:11
3052,305201,25,2022,62,3,1,424,2005m6,3,783,1,3,8,1,144,2,3,5,,2024-04-17 20:11
7362,305202,25,2022,61,2,1,682,2018m11,2,941,1,2,8,2,205,2,2,5,,2024-04-17 20:11
3053,305301,25,2022,61,3,2,222,1999m6,4,832,2,2,8,1,800,,2,3,,2024-04-17 20:11
3053,305302,25,2022,60,2,3,222,2012m6,5,930,2,2,8,2,,,2,3,,2024-04-17 20:11
8363,305303,25,2022,36,3,1,222,2016m6,2,930,1,2,8,2,150,2,3,5,,2024-04-17 20:11
3055,305501,25,2022,72,3,,,,,,,2,15,1,,,,3,,2024-04-17 20:11
3055,305502,25,2022,72,2,,,,,,,2,15,2,,,,3,,2024-04-17 20:11
9754,305503,25,2022,44,6,,,,,,,2,11,2,,,,3,,2024-04-17 20:11
9029,305504,25,2022,42,5,1,949,2008m6,1,248,1,2,8,2,160,1,2,4,,2024-04-17 20:11
3056,305601,25,2022,76,2,1,841,2022m3,2,941,1,3,8,2,27,2,1,6,,2024-04-17 20:11
3057,305702,25,2022,66,2,1,970,2005m3,3,951,1,3,8,2,48,2,3,5,,2024-04-17 20:11
9854,305703,25,2022,46,3,1,464,2013m10,2,510,1,3,8,1,220,2,3,5,,2024-04-17 20:11
6691,305704,25,2022,44,3,1,474,2022m3,2,521,1,3,12,2,200,2,3,5,,2024-04-17 20:11
3058,305801,25,2022,67,2,3,561,2016m11,5,442,2,2,8,1,,,3,5,,2024-04-17 20:11
3058,305802,25,2022,63,2,3,561,2016m11,5,441,2,2,8,2,,,3,5,,2024-04-17 20:11
3058,305803,25,2022,43,5,2,561,2015m5,4,441,2,1,8,1,400,,3,5,,2024-04-17 20:11
3058,305804,25,2022,41,3,1,529,2019m9,1,862,1,1,8,1,190,2,3,5,,2024-04-17 20:11
3059,305901,25,2022,83,2,,,,,,,2,8,1,,,,5,,2024-04-17 20:11
3059,305902,25,2022,82,2,,,,,,,2,8,2,,,,5,,2024-04-17 20:11
3060,306001,25,2022,63,2,2,320,2003m7,4,730,2,2,8,1,300,,3,5,,2024-04-17 20:11
3060,306002,25,2022,60,3,3,320,2003m4,5,312,2,2,8,2,,,3,5,,2024-04-17 20:11
10335,306003,25,2022,35,6,1,844,2013m5,1,411,1,2,1,1,380,1,3,4,,2024-04-17 20:11
10076,306004,25,2022,33,6,,,,,,,2,8,2,,,,5,,2024-04-17 20:11
9122,306201,25,2022,85,3,1,841,2017m3,2,941,1,3,5,1,27,2,3,5,,2024-04-17 20:11
3062,306203,25,2022,54,5,1,411,2021m5,1,239,1,2,19,1,500,1,2,3,,2024-04-17 20:11
3062,306204,25,2022,51,3,,,,,,,2,19,2,,,,3,,2024-04-17 20:11
3062,306205,25,2022,25,4,1,582,2020m1,1,222,1,1,19,1,250,1,2,4,,2024-04-17 20:11
3062,306206,25,2022,24,6,,,,,,,1,19,2,,,,4,,2024-04-17 20:11
3063,306301,25,2022,85,3,,,,,,,3,8,2,,,,3,,2024-04-17 20:11
6508,306302,25,2022,49,6,,,,,,,2,1,2,,,,4,,2024-04-17 20:11
5409,306303,25,2022,26,6,,,,,,,1,8,2,,,,3,,2024-04-17 20:11
3064,306401,25,2022,60,6,2,204,2014m6,4,312,2,2,8,1,600,,2,3,,2024-04-17 20:11
3064,306402,25,2022,59,5,,,,,,,2,8,2,,,,3,,2024-04-17 20:11
3065,306501,25,2022,61,6,2,682,2020m9,4,274,2,2,1,2,,,3,4,,2024-04-17 20:11
3065,306502,25,2022,62,5,1,222,2014m10,1,312,1,2,1,1,550,1,3,4,,2024-04-17 20:11
9299,306503,25,2022,32,6,1,901,2012m8,1,284,1,1,1,2,400,1,3,4,,2024-04-17 20:11
3066,306601,25,2022,64,6,1,721,2012m6,1,239,1,2,8,1,500,1,2,3,,2024-04-17 20:11
3066,306602,25,2022,60,3,,,,,,,2,8,2,,,,3,,2024-04-17 20:11
3066,306603,25,2022,33,6,,,,,,,1,8,1,,,,3,,2024-04-17 20:11
3066,306604,25,2022,30,6,1,211,2020m1,1,,1,1,8,1,500,1,2,3,,2024-04-17 20:11
3069,306902,25,2022,66,2,,,,,,,3,8,2,,,,4,,2024-04-17 20:11
8104,306903,25,2022,46,3,,,,,,,2,8,2,,,,5,,2024-04-17 20:11
6276,306904,25,2022,45,3,1,11,2004m8,2,611,1,2,8,1,440,2,3,5,,2024-04-17 20:11
7694,307201,25,2022,66,3,,,,,,,2,8,1,,,,3,,2024-04-17 20:11
7694,307202,25,2022,65,3,1,561,2015m1,1,952,1,2,8,2,200,1,2,3,,2024-04-17 20:11
8020,307203,25,2022,44,3,2,561,2018m3,4,442,2,3,8,2,600,,2,3,,2024-04-17 20:11
3072,307204,25,2022,42,3,2,561,2008m3,4,442,2,2,8,1,300,,3,3,,2024-04-17 20:11
3072,307205,25,2022,37,6,,,,,,,2,8,2,,,,4,,2024-04-17 20:11
3078,307801,25,2022,67,3,1,492,2021m3,2,873,1,3,8,1,200,2,3,5,,2024-04-17 20:11
3080,308001,25,2022,69,6,1,412,2010m3,1,141,1,2,8,1,550,1,2,5,,2024-04-17 20:11
3080,308002,25,2022,60,3,,,,,,,2,8,2,,,,6,,2024-04-17 20:11
9996,308003,25,2022,36,6,1,411,2017m6,1,312,1,2,1,1,250,1,3,5,,2024-04-17 20:11
3081,308101,25,2022,68,5,,,,,,,2,8,1,,,,3,,2024-04-17 20:11
3081,308102,25,2022,66,3,,,,,,,2,8,2,,,,3,,2024-04-17 20:11
3081,308103,25,2022,42,5,1,212,2015m9,1,312,1,1,8,1,400,1,2,3,,2024-04-17 20:11
3082,308201,25,2022,65,3,1,561,2019m5,1,952,1,3,8,1,148,2,2,4,,2024-04-17 20:11
3083,308302,25,2022,61,6,,,,,,,2,8,2,,,,3,,2024-04-17 20:11
3089,308901,25,2022,61,3,1,492,2006m4,1,875,1,2,8,1,450,1,2,3,,2024-04-17 20:11
3089,308902,25,2022,57,3,,,,,,,2,8,2,,,,3,,2024-04-17 20:11
3090,309001,25,2022,64,3,1,682,2007m9,1,862,1,2,8,1,280,2,2,3,,2024-04-17 20:11
3090,309002,25,2022,59,3,1,472,2016m9,1,521,1,2,8,2,280,2,2,3,,2024-04-17 20:11
3090,309004,25,2022,31,5,1,464,2015m9,1,313,1,1,8,2,220,1,3,3,,2024-04-17 20:11
3091,309101,25,2022,65,2,2,953,2005m8,4,722,2,2,8,1,200,,3,5,,2024-04-17 20:11
3091,309102,25,2022,54,2,2,969,2006m2,4,823,2,2,8,2,250,,3,5,,2024-04-17 20:11
3091,309103,25,2022,31,6,1,479,2020m6,1,273,1,1,8,2,195,2,3,5,,2024-04-17 20:11
3091,309104,25,2022,28,6,1,682,2021m9,1,312,1,1,8,2,195,1,3,5,,2024-04-17 20:11
3092,309201,25,2022,64,3,1,303,2001m11,1,854,1,2,8,1,330,1,2,3,,2024-04-17 20:11
3092,309202,25,2022,60,3,1,262,2013m11,1,312,1,2,8,2,180,1,2,3,,2024-04-17 20:11
3097,309702,25,2022,70,2,,,,,,,3,8,2,,,,3,,2024-04-17 20:11
3097,309703,25,2022,38,6,2,11,2012m9,4,611,2,2,8,1,500,,2,3,,2024-04-17 20:11
3097,309704,25,2022,40,6,,,,,,,2,8,2,,,,3,,2024-04-17 20:11
3097,309705,25,2022,15,2,,,,,,,1,8,1,,,,3,,2024-04-17 20:11
3098,309801,25,2022,60,6,1,411,1990m6,1,141,1,2,8,1,400,1,2,3,,2024-04-17 20:11
3098,309802,25,2022,57,3,,,,,,,2,8,2,,,,3,,2024-04-17 20:11
3098,309803,25,2022,27,6,,,,,,,1,8,1,,,,3,,2024-04-17 20:11
3098,309804,25,2022,25,6,,,,,,,1,8,2,,,,3,,2024-04-17 20:11
3099,309901,25,2022,61,6,2,478,2006m1,4,521,2,2,8,1,400,,3,4,,2024-04-17 20:11
3099,309902,25,2022,58,3,1,872,2013m5,2,421,1,2,8,2,220,2,2,4,,2024-04-17 20:11
3099,309903,25,2022,25,6,,,,,,,1,8,1,,,,4,,2024-04-17 20:11
3100,310001,25,2022,59,6,1,852,1984m6,1,252,1,2,8,1,670,1,2,3,,2024-04-17 20:11
3100,310002,25,2022,59,5,,,,,,,2,8,2,,,,3,,2024-04-17 20:11
3101,310101,25,2022,62,6,1,239,2017m4,1,843,1,2,8,1,500,1,2,3,,2024-04-17 20:11
3101,310102,25,2022,59,4,,,,,,,2,8,2,,,,3,,2024-04-17 20:11
3101,310103,25,2022,30,6,1,851,2018m3,1,252,1,1,8,2,380,1,2,3,,2024-04-17 20:11
3101,310104,25,2022,29,6,,,,,,,1,8,1,,,,3,,2024-04-17 20:11
3102,310201,25,2022,60,6,1,853,2021m9,1,131,1,2,1,1,550,1,2,3,,2024-04-17 20:11
3102,310202,25,2022,60,5,,,,,,,2,1,2,,,,4,,2024-04-17 20:11
3103,310302,25,2022,59,3,1,651,2020m10,1,510,1,3,8,2,250,2,2,5,,2024-04-17 20:11
3103,310303,25,2022,34,6,1,911,2018m3,1,286,1,1,8,1,300,1,2,4,,2024-04-17 20:11
3103,310304,25,2022,29,6,1,476,2020m1,1,521,1,1,8,1,220,1,3,4,,2024-04-17 20:11
3106,310601,25,2022,74,2,,,,,,,2,8,1,,,,4,,2024-04-17 20:11
3106,310602,25,2022,67,2,,,,,,,2,8,2,,,,4,,2024-04-17 20:11
9300,310603,25,2022,44,5,,,,,,,2,8,2,,,,4,,2024-04-17 20:11
3107,310702,25,2022,76,2,,,,,,,3,8,2,,,,5,,2024-04-17 20:11
5533,310703,25,2022,50,6,1,852,2002m7,1,244,1,2,8,2,500,1,3,4,,2024-04-17 20:11
8105,310704,25,2022,50,4,1,464,2010m6,1,312,1,1,8,2,300,1,2,3,,2024-04-17 20:11
3108,310801,25,2022,48,3,1,742,2021m5,3,941,1,2,8,2,90,2,3,4,,2024-04-17 20:11
3108,310802,25,2022,48,3,2,493,2002m4,4,875,2,2,8,1,500,,2,4,,2024-04-17 20:11
3108,310803,25,2022,21,3,1,912,2021m6,2,432,1,1,8,1,180,2,3,4,,2024-04-17 20:11
3108,310804,25,2022,19,4,,,,,,,1,8,2,,,,4,,2024-04-17 20:11
3110,311001,25,2022,63,5,2,339,1991m10,4,285,2,2,8,1,100,,3,5,,2024-04-17 20:11
3110,311002,25,2022,59,3,1,285,2017m1,1,864,1,2,8,2,220,1,3,5,,2024-04-17 20:11
9486,311003,25,2022,33,6,1,861,2016m3,1,245,1,1,4,1,380,1,3,3,,2024-04-17 20:11
3110,311004,25,2022,31,5,,,,,,,1,8,1,,,,5,,2024-04-17 20:11
3114,311402,25,2022,81,2,,,,,,,3,8,2,,,,6,,2024-04-17 20:11
8106,311403,25,2022,52,3,,,,,,,2,1,2,,,,5,,2024-04-17 20:11
3115,311501,25,2022,71,3,1,529,2022m5,2,521,1,2,10,1,180,2,2,4,,2024-04-17 20:11
3115,311502,25,2022,70,3,1,872,2018m4,1,312,1,2,10,2,151,1,2,4,,2024-04-17 20:11
9487,311503,25,2022,45,6,1,582,2013m1,1,223,1,2,8,1,560,1,2,4,,2024-04-17 20:11
8107,311504,25,2022,42,5,1,411,2021m1,1,312,1,2,8,1,500,1,3,4,,2024-04-17 20:11
5926,311603,25,2022,54,5,1,844,1998m11,1,411,1,2,8,1,520,1,2,4,,2024-04-17 20:11
3116,311604,25,2022,52,3,1,841,2007m12,1,941,1,1,8,1,460,1,3,5,,2024-04-17 20:11
3117,311701,25,2022,82,3,,,,,,,2,9,1,,,,5,,2024-04-17 20:11
3117,311702,25,2022,76,3,,,,,,,2,9,2,,,,4,,2024-04-17 20:11
7364,311802,25,2022,47,5,,,,,,,2,8,2,,,,4,,2024-04-17 20:11
3119,311901,25,2022,83,2,,,,,,,2,1,1,,,,4,,2024-04-17 20:11
3119,311902,25,2022,79,2,,,,,,,2,1,2,,,,4,,2024-04-17 20:11
5200,311904,25,2022,52,6,1,861,2022m5,1,246,1,2,5,2,370,1,3,4,,2024-04-17 20:11
5928,311905,25,2022,51,3,1,422,2002m9,1,792,1,2,5,1,430,1,3,5,,2024-04-17 20:11
3120,312001,25,2022,74,2,2,472,1976m6,4,521,2,2,8,1,100,,4,6,,2024-04-17 20:11
3120,312002,25,2022,72,2,3,472,1976m6,5,521,2,2,8,2,,,4,6,,2024-04-17 20:11
3121,312101,25,2022,66,3,1,682,2015m10,1,992,1,2,8,1,190,1,3,6,,2024-04-17 20:11
3121,312102,25,2022,68,2,,,,,,,2,8,2,,,,6,,2024-04-17 20:11
3123,312303,25,2022,25,5,1,639,2021m7,1,531,1,1,8,2,220,1,3,5,,2024-04-17 20:11
3124,312401,25,2022,52,3,2,493,2016m2,4,875,2,2,11,1,500,,3,4,,2024-04-17 20:11
3124,312402,25,2022,49,3,1,303,2020m12,1,854,1,2,11,2,251,1,3,5,,2024-04-17 20:11
3124,312403,25,2022,26,4,2,561,2022m3,4,441,2,1,11,2,300,,3,4,,2024-04-17 20:11
3124,312404,25,2022,24,3,1,952,2021m2,1,751,1,1,11,1,271,1,2,4,,2024-04-17 20:11
3125,312501,25,2022,63,3,1,423,2020m9,1,762,1,2,8,1,200,2,2,4,,2024-04-17 20:11
3125,312502,25,2022,56,3,,,,,,,2,8,2,,,,4,,2024-04-17 20:11
3126,312601,25,2022,56,3,2,12,2002m6,4,613,2,2,8,1,300,,3,4,,2024-04-17 20:11
3126,312602,25,2022,57,3,1,471,2022m4,2,953,1,2,8,2,150,2,2,4,,2024-04-17 20:11
3126,312604,25,2022,26,5,1,12,2018m1,1,613,1,1,8,1,200,2,2,4,,2024-04-17 20:11
3127,312701,25,2022,58,3,1,132,2010m3,3,721,1,2,5,1,180,2,3,5,,2024-04-17 20:11
3127,312702,25,2022,57,3,1,259,2017m8,1,799,1,2,5,2,225,1,3,5,,2024-04-17 20:11
3127,312703,25,2022,30,5,,,,,,,1,5,1,,,,6,,2024-04-17 20:11
3127,312704,25,2022,27,5,1,320,2021m6,1,313,1,1,5,2,225,1,2,5,,2024-04-17 20:11
3128,312801,25,2022,79,3,,,,,,,2,8,1,,,,5,,2024-04-17 20:11
3128,312802,25,2022,72,2,1,742,2017m4,2,941,1,2,8,2,140,2,4,5,,2024-04-17 20:11
3128,312803,25,2022,46,5,1,463,2012m9,1,521,1,1,8,1,260,2,4,4,,2024-04-17 20:11
8108,312804,25,2022,44,5,,,,,,,2,5,2,,,,4,,2024-04-17 20:11
3129,312901,25,2022,74,1,,,,,,,2,8,1,,,,5,,2024-04-17 20:11
3129,312902,25,2022,73,1,,,,,,,2,8,2,,,,5,,2024-04-17 20:11
3129,312903,25,2022,43,3,1,463,2010m5,1,922,1,1,8,1,350,1,4,4,,2024-04-17 20:11
7063,312904,25,2022,42,5,,,,,,,2,8,2,,,,3,,2024-04-17 20:11
6510,313002,25,2022,43,6,1,843,2020m10,1,311,1,2,1,1,390,1,2,4,,2024-04-17 20:11
8531,313003,25,2022,39,6,1,282,2021m5,1,234,1,2,8,1,420,1,2,4,,2024-04-17 20:11
8531,313006,25,2022,40,4,1,872,2019m9,2,247,1,2,8,2,100,2,3,4,,2024-04-17 20:11
3131,313101,25,2022,75,1,,,,,,,2,8,1,,,,6,,2024-04-17 20:11
3131,313102,25,2022,75,2,,,,,,,2,8,2,,,,6,,2024-04-17 20:11
5203,313103,25,2022,50,5,1,851,2022m4,1,441,1,2,14,2,159,2,3,4,,2024-04-17 20:11
5202,313104,25,2022,49,5,1,681,2020m8,1,313,1,2,1,2,240,1,3,4,,2024-04-17 20:11
5930,313105,25,2022,46,3,,,,,,,2,8,2,,,,3,,2024-04-17 20:11
3132,313201,25,2022,68,3,2,12,1997m11,4,613,2,2,8,1,200,,4,5,,2024-04-17 20:11
3132,313202,25,2022,66,3,,,,,,,2,8,2,,,,5,,2024-04-17 20:11
6298,313301,25,2022,68,2,2,11,1997m8,4,611,2,3,8,2,100,,2,5,,2024-04-17 20:11
5267,313302,25,2022,48,5,,,,,,,3,8,1,,,,6,,2024-04-17 20:11
6667,313303,25,2022,45,3,,,,,,,2,8,2,,,,4,,2024-04-17 20:11
9515,313305,25,2022,44,5,1,682,2020m3,1,274,1,3,8,2,500,1,3,3,,2024-04-17 20:11
3134,313401,25,2022,59,3,1,467,2020m5,1,743,1,3,10,1,200,2,3,5,,2024-04-17 20:11
3134,313402,25,2022,86,1,,,,,,,3,10,2,,,,5,,2024-04-17 20:11
7133,313403,25,2022,54,2,1,411,2021m2,3,792,1,1,10,1,350,2,3,5,,2024-04-17 20:11
5003,313404,25,2022,51,3,1,101,2020m7,1,811,1,2,1,2,280,1,3,4,,2024-04-17 20:11
8364,313406,25,2022,30,3,1,562,2019m7,2,441,1,1,10,2,150,2,3,4,,2024-04-17 20:11
3135,313501,25,2022,54,6,1,653,1993m2,1,262,1,2,8,1,480,1,2,3,,2024-04-17 20:11
3135,313502,25,2022,51,6,1,841,1994m5,1,247,1,2,8,2,400,1,2,3,,2024-04-17 20:11
10336,313503,25,2022,26,6,1,205,2021m4,1,312,1,1,14,1,350,1,2,3,,2024-04-17 20:11
3135,313504,25,2022,22,4,,,,,,,1,8,2,,,,3,,2024-04-17 20:11
3137,313703,25,2022,52,3,1,862,2017m1,1,246,1,2,1,2,180,1,3,5,,2024-04-17 20:11
3137,313705,25,2022,49,3,,,,,,,2,1,1,,,,5,,2024-04-17 20:11
3139,313901,25,2022,60,3,1,301,1986m4,1,842,1,2,8,1,400,1,2,4,,2024-04-17 20:11
9852,313902,25,2022,53,6,,,,,,,3,11,2,,,,5,,2024-04-17 20:11
5205,313903,25,2022,49,3,1,285,2022m2,2,312,1,2,8,2,190,2,3,5,,2024-04-17 20:11
3139,313904,25,2022,55,5,,,,,,,2,8,2,,,,4,,2024-04-17 20:11
3139,313905,25,2022,15,2,,,,,,,1,8,1,,,,3,,2024-04-17 20:11
3141,314101,25,2022,74,3,1,872,2011m11,1,429,1,3,8,2,66,2,3,5,,2024-04-17 20:11
8532,314102,25,2022,49,5,1,151,2008m12,1,822,1,2,8,1,315,1,3,5,,2024-04-17 20:11
8532,314103,25,2022,47,3,,,,,,,2,8,2,,,,4,,2024-04-17 20:11
3144,314401,25,2022,60,6,1,715,2020m4,2,121,1,2,8,1,300,2,3,4,,2024-04-17 20:11
3146,314601,25,2022,68,6,,,,,,,2,16,1,,,,3,,2024-04-17 20:11
3146,314602,25,2022,61,6,2,551,2015m8,4,432,2,2,16,2,500,,4,3,,2024-04-17 20:11
8938,314603,25,2022,37,6,,,,,,,2,8,2,,,,2,,2024-04-17 20:11
3146,314604,25,2022,30,6,2,479,2017m10,4,531,2,1,16,2,300,,4,3,,2024-04-17 20:11
3147,314701,25,2022,67,2,2,961,2018m4,4,422,2,2,8,1,50,,4,5,,2024-04-17 20:11
3149,314901,25,2022,79,1,,,,,,,3,8,2,,,,5,,2024-04-17 20:11
7860,314902,25,2022,50,3,,,,,,,2,8,2,,,,3,,2024-04-17 20:11
3152,315201,25,2022,72,2,,,,,,,2,8,1,,,,5,,2024-04-17 20:11
3152,315202,25,2022,68,2,1,271,2019m9,2,941,1,2,8,2,108,2,4,4,,2024-04-17 20:11
3152,315204,25,2022,42,6,1,842,2015m4,1,311,1,1,8,2,270,1,2,4,,2024-04-17 20:11
3154,315401,25,2022,58,6,2,721,2019m1,4,237,2,2,8,1,600,,2,4,,2024-04-17 20:11
3154,315402,25,2022,54,6,1,412,1999m12,1,783,1,2,8,2,290,1,3,5,,2024-04-17 20:11
3154,315403,25,2022,27,6,,,,,,,1,8,2,,,,4,,2024-04-17 20:11
3154,315404,25,2022,24,4,,,,,,,1,8,1,,,,5,,2024-04-17 20:11
3157,315701,25,2022,63,3,1,841,2021m3,2,730,1,2,1,1,27,2,3,4,,2024-04-17 20:11
3157,315702,25,2022,58,3,,,,,,,2,1,2,,,,4,,2024-04-17 20:11
3159,315901,25,2022,65,6,1,582,2011m8,1,223,1,2,12,1,700,1,3,4,,2024-04-17 20:11
3159,315902,25,2022,63,6,,,,,,,2,12,2,,,,4,,2024-04-17 20:11
9910,315904,25,2022,31,6,,,,,,,1,12,2,,,,4,,2024-04-17 20:11
3162,316201,25,2022,59,6,1,463,2001m8,1,875,1,2,8,1,420,1,3,5,,2024-04-17 20:11
3162,316202,25,2022,59,3,1,463,2015m11,1,930,1,2,8,2,180,1,3,5,,2024-04-17 20:11
3162,316204,25,2022,28,5,,,,,,,1,8,2,,,,5,,2024-04-17 20:11
9825,316401,25,2022,67,3,,,,,,,2,8,1,,,,5,,2024-04-17 20:11
9825,316402,25,2022,64,2,2,561,2010m10,4,952,2,2,8,2,500,,3,5,,2024-04-17 20:11
3164,316403,25,2022,42,4,1,841,2012m1,1,311,1,1,1,1,250,1,2,4,,2024-04-17 20:11
3165,316501,25,2022,65,3,2,492,1984m3,4,875,2,3,8,1,250,,2,4,,2024-04-17 20:11
8365,316503,25,2022,38,4,1,262,2007m7,1,864,1,2,8,1,290,1,3,4,,2024-04-17 20:11
3165,316504,25,2022,35,5,1,474,2014m1,1,953,1,1,8,2,300,1,2,4,,2024-04-17 20:11
3166,316601,25,2022,56,5,1,292,2021m6,1,753,1,2,8,1,750,1,2,3,,2024-04-17 20:11
3166,316602,25,2022,54,5,,,,,,,2,8,2,,,,3,,2024-04-17 20:11
3166,316603,25,2022,24,4,,,,,,,1,8,1,,,,3,,2024-04-17 20:11
3166,316605,25,2022,19,4,,,,,,,1,8,1,,,,3,,2024-04-17 20:11
3167,316701,25,2022,65,3,,,,,,,2,8,1,,,,4,,2024-04-17 20:11
3167,316702,25,2022,60,3,1,222,1996m8,1,832,1,2,8,2,230,1,2,4,,2024-04-17 20:11
3167,316704,25,2022,34,6,1,641,2013m12,1,320,1,1,8,2,300,1,2,4,,2024-04-17 20:11
3171,317101,25,2022,64,3,,,,,,,2,16,1,,,,3,,2024-04-17 20:11
3171,317102,25,2022,64,3,,,,,,,2,16,2,,,,3,,2024-04-17 20:11
8939,317103,25,2022,38,5,1,243,2018m7,1,841,1,1,8,1,300,1,3,5,,2024-04-17 20:11
9488,317104,25,2022,37,6,1,582,2022m7,1,222,1,2,8,2,630,1,2,4,,2024-04-17 20:11
3172,317201,25,2022,60,3,1,841,2018m4,1,942,1,2,8,1,280,1,3,4,,2024-04-17 20:11
3172,317202,25,2022,60,3,,,,,,,2,8,2,,,,4,,2024-04-17 20:11
9998,317203,25,2022,32,6,1,701,2015m7,1,237,1,2,8,2,320,2,3,4,,2024-04-17 20:11
10337,317204,25,2022,29,6,1,721,2020m10,1,312,1,2,8,1,310,1,2,5,,2024-04-17 20:11
3173,317302,25,2022,93,5,,,,,,,3,8,2,,,,3,,2024-04-17 20:11
3174,317401,25,2022,79,6,,,,,,,2,8,1,,,,5,,2024-04-17 20:11
3174,317402,25,2022,72,3,,,,,,,2,8,2,,,,5,,2024-04-17 20:11
3174,317404,25,2022,45,4,,,,,,,1,8,2,,,,5,,2024-04-17 20:11
8243,317405,25,2022,43,6,1,204,2010m10,1,312,1,2,8,2,750,1,2,4,,2024-04-17 20:11
3178,317804,25,2022,33,6,1,641,2016m1,1,320,1,2,8,1,550,1,3,5,,2024-04-17 20:11
3179,317901,25,2022,83,2,,,,,,,3,8,2,,,,4,,2024-04-17 20:11
3180,318001,25,2022,60,3,1,872,2018m8,1,247,1,1,8,1,220,1,3,4,,2024-04-17 20:11
3181,318102,25,2022,59,3,2,911,,4,432,2,3,8,2,200,,2,4,,2024-04-17 20:11
9567,318103,25,2022,35,6,,,,,,,2,5,1,,,,5,,2024-04-17 20:11
3183,318301,25,2022,55,3,1,222,2015m6,1,832,1,2,8,1,380,1,2,4,,2024-04-17 20:11
3183,318302,25,2022,53,3,,,,,,,2,8,2,,,,5,,2024-04-17 20:11
10000,318303,25,2022,25,6,1,861,2020m9,1,243,1,1,1,2,400,1,2,4,,2024-04-17 20:11
3183,318304,25,2022,21,4,,,,,,,1,8,1,,,,5,,2024-04-17 20:11
3184,318401,25,2022,62,3,2,11,2019m3,4,611,2,2,8,1,250,,2,3,,2024-04-17 20:11
3184,318402,25,2022,58,3,1,861,2016m8,1,246,1,2,8,2,210,1,2,3,,2024-04-17 20:11
3184,318403,25,2022,32,5,1,872,2022m1,1,247,1,1,8,2,280,1,2,3,,2024-04-17 20:11
3184,318404,25,2022,30,6,1,642,2021m6,1,320,1,1,8,1,250,1,2,3,,2024-04-17 20:11
3185,318501,25,2022,60,3,2,141,2000m8,4,312,2,2,8,1,300,,3,4,,2024-04-17 20:11
3185,318502,25,2022,58,3,1,471,2022m7,1,521,1,2,8,2,200,1,2,4,,2024-04-17 20:11
9227,318503,25,2022,33,4,1,591,2021m12,1,283,1,1,9,1,200,1,2,3,,2024-04-17 20:11
3187,318701,25,2022,70,2,2,11,2021m6,4,611,2,2,9,1,360,,3,4,,2024-04-17 20:11
7475,318703,25,2022,40,6,,,,,,,2,1,2,,,,4,,2024-04-17 20:11
10248,318704,25,2022,38,3,2,561,2018m2,4,521,2,1,5,1,1200,,2,5,,2024-04-17 20:11
3187,318706,25,2022,61,3,,,,,,,2,9,2,,,,4,,2024-04-17 20:11
3189,318901,25,2022,55,3,2,259,2016m7,4,743,2,2,8,1,500,,3,4,,2024-04-17 20:11
3189,318902,25,2022,93,1,,,,,,,3,8,2,,,,4,,2024-04-17 20:11
3189,318903,25,2022,49,3,1,761,2022m1,1,522,1,2,8,2,180,1,2,4,,2024-04-17 20:11
3189,318904,25,2022,19,4,,,,,,,1,8,1,,,,4,,2024-04-17 20:11
3189,318905,25,2022,16,2,,,,,,,1,8,2,,,,4,,2024-04-17 20:11
3193,319302,25,2022,68,3,1,561,2016m10,1,952,1,3,8,2,250,2,2,4,,2024-04-17 20:11
8465,319303,25,2022,43,5,2,474,2013m5,4,521,2,2,1,2,800,,3,4,,2024-04-17 20:11
8244,319304,25,2022,39,5,1,861,2015m5,1,243,1,2,1,2,180,1,3,3,,2024-04-17 20:11
3195,319501,25,2022,83,3,,,,,,,3,8,2,,,,4,,2024-04-17 20:11
3195,319502,25,2022,54,6,2,855,1995m6,4,254,2,1,8,2,200,,2,4,,2024-04-17 20:11
8875,319503,25,2022,51,5,1,478,2013m4,1,246,1,1,8,1,300,1,2,5,,2024-04-17 20:11
3196,319602,25,2022,63,2,,,,,,,3,8,2,,,,4,,2024-04-17 20:11
3197,319701,25,2022,63,3,1,492,2018m11,1,873,1,3,8,1,255,1,3,4,,2024-04-17 20:11
8940,319703,25,2022,35,6,1,682,2015m10,1,312,1,2,8,1,340,1,4,4,,2024-04-17 20:11
3199,319902,25,2022,66,2,2,912,2001m12,5,442,2,3,8,2,,,3,4,,2024-04-17 20:11
8366,319903,25,2022,42,5,1,466,2020m10,1,312,1,2,8,1,250,1,2,4,,2024-04-17 20:11
8774,319904,25,2022,39,5,1,303,2006m6,1,312,1,2,8,1,375,1,2,4,,2024-04-17 20:11
3201,320101,25,2022,62,5,1,422,2021m9,2,792,1,2,8,1,300,2,3,4,,2024-04-17 20:11
3201,320102,25,2022,59,3,1,872,2020m5,2,247,1,2,8,2,125,2,2,4,,2024-04-17 20:11
3201,320103,25,2022,31,6,1,841,2021m10,1,311,1,1,8,2,210,1,2,4,,2024-04-17 20:11
3201,320104,25,2022,29,6,,,,,,,1,8,1,,,,4,,2024-04-17 20:11
3202,320201,25,2022,64,2,1,969,2018m9,2,421,1,3,5,2,148,2,3,5,,2024-04-17 20:11
9911,320202,25,2022,42,3,1,424,2020m9,1,783,1,1,10,1,600,1,2,4,,2024-04-17 20:11
3203,320301,25,2022,67,2,,,,,,,2,8,1,,,,6,,2024-04-17 20:11
3203,320302,25,2022,64,2,2,467,2003m9,4,941,2,2,8,2,50,,3,6,,2024-04-17 20:11
7476,320303,25,2022,41,3,2,465,2020m11,4,274,2,1,8,1,300,,3,4,,2024-04-17 20:11
3205,320501,25,2022,73,2,1,872,2021m2,3,941,1,3,11,1,27,2,3,5,,2024-04-17 20:11
6533,320502,25,2022,74,2,,,,,,,3,8,2,,,,5,,2024-04-17 20:11
5207,320503,25,2022,51,3,1,872,2018m3,1,247,1,2,8,2,250,2,3,4,,2024-04-17 20:11
10191,320504,25,2022,47,3,1,561,2021m2,2,442,1,3,8,2,95,2,3,5,,2024-04-17 20:11
3207,320701,25,2022,78,6,,,,,,,2,8,1,,,,5,,2024-04-17 20:11
3207,320702,25,2022,71,6,1,872,2022m1,2,421,1,2,8,2,79,2,3,5,,2024-04-17 20:11
5584,320703,25,2022,48,6,2,855,2014m5,4,254,2,2,8,2,100,,2,5,,2024-04-17 20:11
7697,320704,25,2022,46,6,2,467,2018m5,4,521,2,2,8,1,750,,3,4,,2024-04-17 20:11
3209,320901,25,2022,72,3,,,,,,,2,8,1,,,,4,,2024-04-17 20:11
3209,320902,25,2022,65,3,,,,,,,2,8,2,,,,4,,2024-04-17 20:11
9123,320904,25,2022,37,6,1,641,2008m3,1,320,1,2,5,2,570,1,3,5,,2024-04-17 20:11
3212,321201,25,2022,75,3,,,,,,,3,5,2,,,,6,,2024-04-17 20:11
3213,321303,25,2022,36,4,2,662,2021m5,4,510,2,1,8,1,200,,3,5,,2024-04-17 20:11
3213,321304,25,2022,30,3,1,473,2017m7,1,531,1,1,8,1,200,2,3,5,,2024-04-17 20:11
3213,321306,25,2022,82,2,,,,,,,3,8,2,,,,5,,2024-04-17 20:11
3218,321801,25,2022,68,2,2,551,2003m4,4,432,2,2,8,2,500,,3,4,,2024-04-17 20:11
7180,321802,25,2022,44,3,1,759,2012m7,2,399,1,2,5,2,100,2,3,5,,2024-04-17 20:11
9408,321803,25,2022,42,4,1,861,2014m10,1,246,1,1,8,2,220,1,3,5,,2024-04-17 20:11
3218,321804,25,2022,40,3,1,582,2008m1,1,223,1,1,8,1,295,2,3,4,,2024-04-17 20:11
3218,321805,25,2022,61,3,3,551,2004m3,5,432,2,2,8,1,,,3,4,,2024-04-17 20:11
9826,321904,25,2022,28,6,1,861,2019m7,1,243,1,1,1,1,261,1,3,4,,2024-04-17 20:11
3222,322201,25,2022,88,2,,,,,,,3,8,2,,,,6,,2024-04-17 20:11
3222,322202,25,2022,67,3,,,,,,,1,8,1,,,,6,,2024-04-17 20:11
3227,322702,25,2022,85,2,,,,,,,3,8,2,,,,4,,2024-04-17 20:11
3228,322801,25,2022,87,3,,,,,,,2,8,1,,,,4,,2024-04-17 20:11
3228,322802,25,2022,87,2,,,,,,,2,8,2,,,,5,,2024-04-17 20:11
5558,322803,25,2022,66,2,,,,,,,2,8,1,,,,3,,2024-04-17 20:11
5558,322804,25,2022,62,2,1,472,2000m1,3,521,1,2,8,2,300,2,2,4,,2024-04-17 20:11
9449,322805,25,2022,38,6,1,312,2012m4,1,854,1,2,1,1,350,1,2,4,,2024-04-17 20:11
3230,323001,25,2022,66,5,1,421,2021m1,1,312,1,2,5,1,250,1,3,4,,2024-04-17 20:11
3230,323002,25,2022,62,5,1,871,2013m8,1,243,1,2,5,2,220,1,3,4,,2024-04-17 20:11
9489,323003,25,2022,36,5,,,,,,,2,8,2,,,,4,,2024-04-17 20:11
3230,323004,25,2022,33,5,1,107,2016m9,1,710,1,1,5,1,300,1,3,5,,2024-04-17 20:11
3232,323201,25,2022,65,3,2,493,2017m2,4,875,2,2,8,1,250,,3,3,,2024-04-17 20:11
3232,323202,25,2022,63,2,,,,,,,2,8,2,,,,3,,2024-04-17 20:11
3232,323203,25,2022,35,3,,,,,,,1,8,1,,,,4,,2024-04-17 20:11
3232,323204,25,2022,34,5,1,862,2016m8,2,245,1,1,8,2,240,2,3,4,,2024-04-17 20:11
3232,323205,25,2022,94,1,,,,,,,3,8,2,,,,4,,2024-04-17 20:11
3236,323602,25,2022,81,2,,,,,,,3,8,2,,,,5,,2024-04-17 20:11
3238,323803,25,2022,86,2,,,,,,,3,8,2,,,,5,,2024-04-17 20:11
3240,324001,25,2022,69,1,1,682,2020m6,2,942,1,2,8,1,150,2,3,4,,2024-04-17 20:11
3240,324002,25,2022,67,1,,,,,,,2,8,2,,,,5,,2024-04-17 20:11
6206,324003,25,2022,46,6,1,291,2018m8,1,234,1,2,8,1,570,1,2,4,,2024-04-17 20:11
8671,324004,25,2022,43,5,1,292,1997m12,1,312,1,2,8,2,250,1,2,4,,2024-04-17 20:11
8941,324005,25,2022,41,5,1,561,2022m5,2,952,1,2,8,2,64,2,3,5,,2024-04-17 20:11
8877,324006,25,2022,39,5,1,262,2013m12,1,274,1,2,8,1,380,1,2,4,,2024-04-17 20:11
6387,324202,25,2022,54,3,1,561,2010m11,1,442,1,3,5,2,115,2,3,5,,2024-04-17 20:11
6387,324203,25,2022,28,5,1,851,2017m3,1,247,1,1,5,2,239,1,3,5,,2024-04-17 20:11
6387,324204,25,2022,26,5,1,713,2022m6,2,532,1,1,5,2,140,2,3,5,,2024-04-17 20:11
3243,324302,25,2022,82,1,,,,,,,3,8,2,,,,5,,2024-04-17 20:11
5411,324303,25,2022,53,5,1,106,2003m2,1,312,1,2,8,1,330,1,3,5,,2024-04-17 20:11
3245,324501,25,2022,84,2,1,841,2015m8,2,941,1,3,8,2,27,2,2,5,,2024-04-17 20:11
3247,324702,25,2022,65,3,,,,,,,3,8,2,,,,5,,2024-04-17 20:11
5208,324806,25,2022,46,3,,,,,,,2,8,2,,,,3,,2024-04-17 20:11
3249,324901,25,2022,74,2,,,,,,,2,8,1,,,,6,,2024-04-17 20:11
3249,324902,25,2022,69,2,,,,,,,2,8,2,,,,5,,2024-04-17 20:11
8942,324903,25,2022,46,6,1,472,2017m8,1,521,1,2,8,1,350,1,3,4,,2024-04-17 20:11
3251,325101,25,2022,64,3,,,,,,,2,5,1,,,,4,,2024-04-17 20:11
3251,325102,25,2022,50,3,,,,,,,2,5,2,,,,4,,2024-04-17 20:11
3251,325103,25,2022,24,4,,,,,,,1,5,1,,,,4,,2024-04-17 20:11
3251,325105,25,2022,22,4,,,,,,,1,5,2,,,,4,,2024-04-17 20:11
3254,325401,25,2022,75,3,1,682,2022m4,2,942,1,3,8,1,200,2,4,5,,2024-04-17 20:11
5563,325402,25,2022,48,5,1,465,2021m12,1,312,1,3,8,2,310,1,3,4,,2024-04-17 20:11
6303,325403,25,2022,45,3,1,861,1997m3,1,243,1,2,5,2,253,1,3,5,,2024-04-17 20:11
3255,325502,25,2022,89,2,,,,,,,3,8,2,,,,5,,2024-04-17 20:11
5331,325503,25,2022,63,6,,,,,,,2,8,1,,,,3,,2024-04-17 20:11
5331,325504,25,2022,63,6,1,872,2022m6,2,421,1,2,8,2,124,2,3,3,,2024-04-17 20:11
10094,325505,25,2022,36,6,1,872,2020m9,1,312,1,2,8,1,340,1,3,4,,2024-04-17 20:11
3258,325801,25,2022,73,2,,,,,,,2,8,1,,,,5,,2024-04-17 20:11
3258,325802,25,2022,71,2,,,,,,,2,8,2,,,,5,,2024-04-17 20:11
6386,325803,25,2022,48,3,,,,,,,2,1,2,,,,4,,2024-04-17 20:11
6385,325804,25,2022,45,5,1,853,1999m2,2,312,1,2,1,2,250,2,2,5,,2024-04-17 20:11
7367,325805,25,2022,43,5,1,855,2019m4,1,254,1,2,8,2,90,2,2,3,,2024-04-17 20:11
7150,325806,25,2022,40,6,2,561,2019m9,4,441,2,2,15,1,300,,2,4,,2024-04-17 20:11
3259,325901,25,2022,61,6,,,,,,,2,3,1,,,,4,,2024-04-17 20:11
3259,325902,25,2022,62,3,,,,,,,2,3,2,,,,4,,2024-04-17 20:11
9301,325903,25,2022,33,6,1,464,2022m6,1,312,1,2,1,2,430,1,2,3,,2024-04-17 20:11
3259,325904,25,2022,28,6,,,,,,,1,3,2,,,,4,,2024-04-17 20:11
3266,326601,25,2022,60,3,1,411,2010m4,3,910,1,2,8,1,350,2,2,4,,2024-04-17 20:11
3266,326602,25,2022,60,3,1,856,2019m8,2,259,1,2,8,2,60,2,3,4,,2024-04-17 20:11
8109,326603,25,2022,33,4,,,,,,,3,8,2,,,,5,,2024-04-17 20:11
3266,326604,25,2022,21,4,,,,,,,1,8,1,,,,4,,2024-04-17 20:11
3268,326801,25,2022,73,3,3,,,,,,2,8,1,,,,4,,2024-04-17 20:11
3268,326802,25,2022,70,2,,,,,,,2,8,2,,,,4,,2024-04-17 20:11
3268,326803,25,2022,45,3,,,,,,,1,8,1,,,,4,,2024-04-17 20:11
3268,326804,25,2022,42,2,,,,,,,1,8,2,,,,4,,2024-04-17 20:11
5345,326903,25,2022,43,3,,,,,,,2,8,2,,,,5,,2024-04-17 20:11
3270,327003,25,2022,67,2,,,,,,,3,1,1,,,,5,,2024-04-17 20:11
3271,327101,25,2022,56,2,2,11,2016m8,4,611,2,3,13,1,625,,3,4,,2024-04-17 20:11
3271,327103,25,2022,83,1,,,,,,,2,13,1,,,,4,,2024-04-17 20:11
3271,327104,25,2022,83,1,,,,,,,2,13,2,,,,4,,2024-04-17 20:11
3272,327202,25,2022,76,2,3,11,1970m6,5,611,2,2,8,2,,,3,5,,2024-04-17 20:11
7862,327205,25,2022,49,6,1,641,2000m4,1,312,1,2,1,1,750,1,2,4,,2024-04-17 20:11
6302,327206,25,2022,47,5,1,651,2020m2,1,399,1,2,8,2,195,2,4,4,,2024-04-17 20:11
3273,327302,25,2022,80,2,,,,,,,3,8,2,,,,5,,2024-04-17 20:11
3274,327401,25,2022,67,3,,,,,,,2,8,1,,,,4,,2024-04-17 20:11
3274,327402,25,2022,68,3,,,,,,,2,8,2,,,,6,,2024-04-17 20:11
3274,327403,25,2022,37,6,,,,,,,1,8,2,,,,5,,2024-04-17 20:11
3274,327404,25,2022,37,6,1,862,2022m1,1,243,1,1,8,2,205,1,3,5,,2024-04-17 20:11
3275,327501,25,2022,83,3,,,,,,,2,8,1,,,,6,,2024-04-17 20:11
3275,327502,25,2022,81,2,,,,,,,2,8,2,,,,6,,2024-04-17 20:11
9758,327503,25,2022,52,3,,,,,,,1,8,2,,,,5,,2024-04-17 20:11
3276,327603,25,2022,65,3,,,,,,,2,1,1,,,,4,,2024-04-17 20:11
3276,327604,25,2022,56,3,1,872,2021m1,2,421,1,2,1,2,30,2,3,4,,2024-04-17 20:11
9230,327605,25,2022,36,6,1,591,2021m8,1,283,1,2,19,2,375,1,2,2,,2024-04-17 20:11
3276,327606,25,2022,31,6,1,591,2019m1,1,283,1,1,1,2,350,1,2,4,,2024-04-17 20:11
3276,327607,25,2022,28,4,1,713,2019m1,1,312,1,1,1,1,330,1,2,4,,2024-04-17 20:11
3278,327802,25,2022,89,2,,,,,,,3,8,2,,,,4,,2024-04-17 20:11
3279,327901,25,2022,74,3,,,,,,,2,2,1,,,,5,,2024-04-17 20:11
3279,327902,25,2022,74,3,1,651,2017m1,1,510,1,2,2,2,50,1,2,5,,2024-04-17 20:11
8247,327904,25,2022,43,6,1,852,2009m3,1,252,1,2,15,1,480,1,2,4,,2024-04-17 20:11
3280,328001,25,2022,80,2,,,,,,,2,5,1,,,,4,,2024-04-17 20:11
3280,328004,25,2022,67,2,,,,,,,2,5,2,,,,4,,2024-04-17 20:11
3281,328101,25,2022,58,3,1,423,2021m6,3,762,1,1,8,1,210,2,4,6,,2024-04-17 20:11
3284,328402,25,2022,58,6,2,872,2007m9,4,247,2,2,8,2,440,,2,3,,2024-04-17 20:11
3284,328403,25,2022,30,6,1,701,2021m3,1,234,1,1,8,1,300,1,3,3,,2024-04-17 20:11
3285,328501,25,2022,52,5,2,261,2018m9,4,863,2,2,8,1,800,,2,4,,2024-04-17 20:11
3285,328502,25,2022,53,5,2,662,2021m3,4,510,2,2,8,2,200,,3,4,,2024-04-17 20:11
3285,328503,25,2022,29,6,1,262,2018m9,1,313,1,1,8,2,300,1,3,4,,2024-04-17 20:11
3285,328504,25,2022,27,6,1,222,2020m5,1,312,1,1,8,2,300,1,3,4,,2024-04-17 20:11
3286,328601,25,2022,74,2,,,,,,,3,8,1,,,,6,,2024-04-17 20:11
3288,328802,25,2022,73,3,1,872,2020m2,3,941,1,2,8,2,55,2,2,4,,2024-04-17 20:11
7701,328804,25,2022,43,5,2,969,2004m3,4,875,2,2,8,1,250,,2,3,,2024-04-17 20:11
3288,328806,25,2022,71,3,1,682,2011m8,1,862,1,2,8,1,130,1,4,4,,2024-04-17 20:11
3289,328901,25,2022,58,3,2,467,2003m5,4,941,2,3,8,1,250,,4,5,,2024-04-17 20:11
3290,329001,25,2022,60,3,1,841,2019m9,2,873,1,2,16,1,150,2,4,6,,2024-04-17 20:11
3290,329002,25,2022,58,2,1,872,2020m4,2,441,1,2,16,2,80,2,4,3,,2024-04-17 20:11
9652,329004,25,2022,33,5,1,861,2010m9,1,312,1,2,13,2,230,1,3,4,,2024-04-17 20:11
3292,329202,25,2022,57,3,1,561,1998m11,2,952,1,2,8,2,100,2,3,5,,2024-04-17 20:11
10338,329203,25,2022,33,6,,,,,,,2,8,2,,,,4,,2024-04-17 20:11
9827,329204,25,2022,27,4,2,479,2020m1,4,531,2,1,8,1,200,,3,5,,2024-04-17 20:11
3295,329501,25,2022,56,6,2,651,2010m5,4,510,2,2,8,1,300,,2,4,,2024-04-17 20:11
3295,329502,25,2022,51,3,,,,,,,2,8,2,,,,3,,2024-04-17 20:11
3295,329503,25,2022,26,4,,,,,,,1,8,1,,,,3,,2024-04-17 20:11
3295,329504,25,2022,24,3,1,902,2016m5,1,311,1,1,8,2,180,1,2,3,,2024-04-17 20:11
3296,329601,25,2022,54,3,2,303,2006m11,4,832,2,2,8,1,600,,2,5,,2024-04-17 20:11
3296,329602,25,2022,50,3,,,,,,,2,8,2,,,,5,,2024-04-17 20:11
3296,329604,25,2022,22,4,,,,,,,1,8,2,,,,4,,2024-04-17 20:11
3298,329801,25,2022,67,3,2,492,2002m7,4,873,2,2,8,1,250,,2,4,,2024-04-17 20:11
3298,329802,25,2022,61,3,1,471,2005m1,1,521,1,2,8,2,180,2,3,4,,2024-04-17 20:11
3298,329803,25,2022,35,5,1,474,2018m3,2,521,1,1,8,1,200,2,4,5,,2024-04-17 20:11
3299,329901,25,2022,62,2,1,172,2019m2,1,891,1,2,8,1,400,1,3,5,,2024-04-17 20:11
3299,329902,25,2022,57,3,,,,,,,2,8,2,,,,5,,2024-04-17 20:11
3300,330002,25,2022,59,2,1,872,2019m11,2,421,1,2,8,2,150,2,3,4,,2024-04-17 20:11
9302,330004,25,2022,34,5,,,,,,,2,1,2,,,,3,,2024-04-17 20:11
3302,330201,25,2022,65,6,1,911,2018m6,1,312,1,2,8,1,230,2,3,4,,2024-04-17 20:11
3302,330202,25,2022,61,3,,,,,,,2,8,2,,,,4,,2024-04-17 20:11
8368,330203,25,2022,35,6,1,521,2011m1,1,312,1,2,8,2,580,1,3,4,,2024-04-17 20:11
10339,330204,25,2022,32,6,1,701,2017m12,1,222,1,2,8,1,480,1,2,4,,2024-04-17 20:11
3304,330401,25,2022,63,6,2,107,2014m10,4,710,2,2,8,1,350,,3,4,,2024-04-17 20:11
3304,330402,25,2022,65,3,,,,,,,2,8,2,,,,4,,2024-04-17 20:11
10340,330404,25,2022,35,6,1,231,2022m8,1,233,1,1,12,1,490,1,2,4,,2024-04-17 20:11
8111,330501,25,2022,65,3,1,422,2015m8,1,792,1,2,1,1,270,2,2,3,,2024-04-17 20:11
3305,330502,25,2022,64,3,,,,,,,3,1,2,,,,5,,2024-04-17 20:11
3306,330601,25,2022,57,6,1,263,2020m7,1,312,1,2,8,1,500,1,3,4,,2024-04-17 20:11
3306,330602,25,2022,57,6,,,,,,,2,8,2,,,,4,,2024-04-17 20:11
3308,330801,25,2022,86,2,,,,,,,2,8,1,,,,5,,2024-04-17 20:11
3308,330802,25,2022,82,2,,,,,,,2,8,2,,,,5,,2024-04-17 20:11
5209,330803,25,2022,57,3,1,990,2000m1,1,762,1,2,1,1,320,1,2,5,,2024-04-17 20:11
7702,330804,25,2022,52,6,1,853,2013m4,1,312,1,2,1,2,200,1,2,4,,2024-04-17 20:11
3309,330901,25,2022,71,2,2,493,2016m10,4,875,2,3,8,1,40,,4,6,,2024-04-17 20:11
7863,330902,25,2022,40,3,1,493,2021m7,3,873,1,2,8,1,300,2,3,4,,2024-04-17 20:11
7864,330903,25,2022,38,3,1,262,2022m7,1,312,1,2,8,1,300,1,2,3,,2024-04-17 20:11
3310,331002,25,2022,49,3,1,471,1992m8,1,312,1,3,8,2,790,1,2,3,,2024-04-17 20:11
9913,331003,25,2022,26,4,,,,,,,2,8,2,,,,5,,2024-04-17 20:11
3311,331101,25,2022,60,3,1,411,2003m3,3,782,1,1,10,1,120,2,3,5,,2024-04-17 20:11
3313,331302,25,2022,76,2,,,,,,,3,8,2,,,,6,,2024-04-17 20:11
3313,331304,25,2022,23,4,,,,,,,1,8,1,,,,6,,2024-04-17 20:11
3315,331501,25,2022,55,2,1,412,2021m3,3,910,1,3,7,1,200,2,3,6,,2024-04-17 20:11
3316,331601,25,2022,65,2,,,,,,,2,8,1,,,,4,,2024-04-17 20:11
3316,331602,25,2022,61,2,1,682,2016m10,2,941,1,2,8,2,125,2,3,4,,2024-04-17 20:11
8533,331603,25,2022,38,3,,,,,,,2,8,2,,,,4,,2024-04-17 20:11
3316,331604,25,2022,33,5,1,303,2018m12,1,854,1,1,8,1,300,1,3,4,,2024-04-17 20:11
3320,332001,25,2022,70,4,,,,,,,2,8,1,,,,4,,2024-04-17 20:11
3320,332002,25,2022,67,3,,,,,,,2,8,2,,,,4,,2024-04-17 20:11
3322,332202,25,2022,67,2,,,,,,,3,8,2,,,,5,,2024-04-17 20:11
6285,332204,25,2022,43,5,1,292,2017m2,1,312,1,2,8,1,350,1,3,5,,2024-04-17 20:11
3323,332301,25,2022,85,2,,,,,,,2,13,1,,,,4,,2024-04-17 20:11
3323,332302,25,2022,84,2,1,841,2018m9,2,941,1,2,13,2,30,2,2,4,,2024-04-17 20:11
5464,332303,25,2022,59,3,2,31,2004m4,4,630,2,2,13,1,400,,2,4,,2024-04-17 20:11
5464,332304,25,2022,57,2,1,463,2017m9,2,521,1,2,13,2,120,2,2,4,,2024-04-17 20:11
8158,332305,25,2022,31,3,1,961,2021m4,1,422,1,2,13,2,180,1,3,4,,2024-04-17 20:11
9516,332306,25,2022,29,3,,,,,,,2,13,2,,,,4,,2024-04-17 20:11
10384,332307,25,2022,27,6,1,311,2021m4,1,743,1,2,13,1,260,1,3,4,,2024-04-17 20:11
3326,332601,25,2022,49,3,1,222,1996m9,1,892,1,2,8,1,500,1,3,4,,2024-04-17 20:11
3326,332602,25,2022,46,3,,,,,,,2,8,2,,,,5,,2024-04-17 20:11
3326,332603,25,2022,22,4,,,,,,,1,8,1,,,,5,,2024-04-17 20:11
3326,332604,25,2022,20,4,,,,,,,1,8,2,,,,5,,2024-04-17 20:11
3326,332605,25,2022,17,2,,,,,,,1,8,1,,,,5,,2024-04-17 20:11
3327,332701,25,2022,70,3,,,,,,,2,8,1,,,,3,,2024-04-17 20:11
3327,332702,25,2022,68,2,,,,,,,2,8,2,,,,3,,2024-04-17 20:11
7134,332703,25,2022,42,6,,,,,,,2,8,2,,,,5,,2024-04-17 20:11
7865,332704,25,2022,41,3,,,,,,,2,8,2,,,,3,,2024-04-17 20:11
8534,332705,25,2022,38,5,1,715,2019m11,1,313,1,2,8,2,240,1,3,5,,2024-04-17 20:11
3328,332801,25,2022,85,2,,,,,,,3,8,1,,,,5,,2024-04-17 20:11
6209,332803,25,2022,48,6,1,303,2012m5,1,312,1,2,11,1,570,1,3,4,,2024-04-17 20:11
3329,332901,25,2022,62,3,1,302,1999m10,1,851,1,2,8,1,220,1,3,5,,2024-04-17 20:11
3329,332902,25,2022,58,4,1,752,2011m4,1,312,1,2,8,2,200,1,3,5,,2024-04-17 20:11
10341,332903,25,2022,33,6,1,852,2017m3,2,252,1,2,8,1,320,2,3,5,,2024-04-17 20:11
10162,332904,25,2022,32,6,2,562,2018m12,4,441,2,2,8,1,700,,2,4,,2024-04-17 20:11
6907,333201,25,2022,76,2,,,,,,,3,8,1,,,,3,,2024-04-17 20:11
5210,333203,25,2022,49,3,2,721,,4,231,2,3,8,1,300,,3,5,,2024-04-17 20:11
6907,333204,25,2022,48,5,1,582,1999m2,1,274,1,2,8,1,350,1,2,4,,2024-04-17 20:11
3333,333301,25,2022,65,3,,,,,,,2,8,1,,,,5,,2024-04-17 20:11
3333,333302,25,2022,56,2,,,,,,,2,8,2,,,,5,,2024-04-17 20:11
9828,333303,25,2022,33,5,,,,,,,2,8,2,,,,5,,2024-04-17 20:11
3334,333401,25,2022,67,3,1,243,2016m2,2,930,1,2,8,1,100,2,3,4,,2024-04-17 20:11
3334,333402,25,2022,66,3,1,301,2004m12,2,854,1,2,8,2,260,2,3,4,,2024-04-17 20:11
3334,333403,25,2022,34,6,1,602,2020m1,2,224,1,1,8,1,108,2,3,4,,2024-04-17 20:11
10163,333404,25,2022,32,5,1,320,2012m5,1,244,1,2,8,2,230,1,2,5,,2024-04-17 20:11
3335,333502,25,2022,65,3,,,,,,,2,11,2,,,,3,,2024-04-17 20:11
8112,333503,25,2022,39,5,2,751,2011m12,4,247,2,1,8,1,400,,3,4,,2024-04-17 20:11
8563,333504,25,2022,37,4,2,561,2020m10,4,442,2,2,8,1,1000,,2,5,,2024-04-17 20:11
3335,333505,25,2022,61,3,2,751,2014m10,4,247,2,2,11,1,550,,2,3,,2024-04-17 20:11
7705,333601,25,2022,66,3,,,,,,,3,1,1,,,,6,,2024-04-17 20:11
3336,333602,25,2022,57,2,2,562,2019m1,4,442,2,3,8,2,100,,3,5,,2024-04-17 20:11
8113,333603,25,2022,36,4,,,,,,,2,8,2,,,,4,,2024-04-17 20:11
8114,333604,25,2022,35,3,,,,,,,2,8,2,,,,3,,2024-04-17 20:11
9490,333605,25,2022,33,4,,,,,,,2,8,2,,,,4,,2024-04-17 20:11
10342,333606,25,2022,27,6,1,712,2018m10,1,313,1,1,8,2,240,1,3,5,,2024-04-17 20:11
9653,333607,25,2022,77,2,,,,,,,3,8,2,,,,6,,2024-04-17 20:11
9653,333608,25,2022,21,4,1,561,2022m4,2,521,1,1,8,2,150,2,3,6,,2024-04-17 20:11
8943,333609,25,2022,32,5,1,851,2012m7,1,253,1,2,8,2,270,1,2,4,,2024-04-17 20:11
3337,333702,25,2022,53,3,1,561,2020m10,1,442,1,3,8,2,230,2,3,4,,2024-04-17 20:11
3337,333703,25,2022,30,3,2,562,2021m11,4,283,2,1,8,1,150,,2,5,,2024-04-17 20:11
3337,333704,25,2022,27,5,1,961,2017m8,1,422,1,1,8,2,210,1,2,5,,2024-04-17 20:11
3340,334001,25,2022,53,3,2,11,2004m5,4,611,2,1,8,1,300,,3,5,,2024-04-17 20:11
3342,334201,25,2022,57,3,2,422,2006m1,4,753,2,2,11,1,400,,3,4,,2024-04-17 20:11
3342,334202,25,2022,53,3,,,,,,,2,11,2,,,,4,,2024-04-17 20:11
3342,334203,25,2022,25,6,,,,,,,1,11,2,,,,5,,2024-04-17 20:11
3342,334204,25,2022,24,6,2,855,2022m3,4,254,2,1,11,2,180,,4,5,,2024-04-17 20:11
5062,334303,25,2022,50,3,1,222,2020m8,3,832,1,2,8,2,100,2,3,4,,2024-04-17 20:11
6512,334304,25,2022,49,6,3,682,2017m1,5,314,2,2,8,2,,,3,5,,2024-04-17 20:11
3346,334601,25,2022,65,3,,,,,,,2,13,1,,,,5,,2024-04-17 20:11
8878,334603,25,2022,38,6,2,582,2017m3,4,223,2,2,1,2,600,,2,4,,2024-04-17 20:11
3347,334701,25,2022,69,3,,,,,,,2,8,1,,,,5,,2024-04-17 20:11
3347,334702,25,2022,64,2,2,651,1997m1,4,510,2,2,8,2,250,,3,5,,2024-04-17 20:11
8880,334704,25,2022,39,6,2,855,2016m3,4,254,2,2,8,2,250,,3,3,,2024-04-17 20:11
3350,335003,25,2022,66,2,,,,,,,3,8,2,,,,5,,2024-04-17 20:11
3350,335004,25,2022,45,6,,,,,,,1,8,2,,,,4,,2024-04-17 20:11
3350,335006,25,2022,41,5,1,581,2005m8,1,510,1,1,8,1,255,1,3,5,,2024-04-17 20:11
3353,335301,25,2022,73,2,1,561,2012m7,1,442,1,2,8,1,230,1,2,4,,2024-04-17 20:11
3353,335302,25,2022,72,3,2,11,2011m10,4,611,2,2,8,2,30,,3,4,,2024-04-17 20:11
6676,335303,25,2022,46,3,,,,,,,2,1,2,,,,5,,2024-04-17 20:11
7707,335304,25,2022,44,4,1,561,2017m10,2,442,1,2,8,2,120,2,3,6,,2024-04-17 20:11
7068,335305,25,2022,42,5,2,561,2012m4,4,152,2,2,8,1,1000,,2,4,,2024-04-17 20:11
3354,335403,25,2022,40,3,1,464,2020m1,1,312,1,1,8,2,260,1,2,5,,2024-04-17 20:11
10001,335404,25,2022,38,3,1,466,2007m10,1,312,1,1,1,1,370,1,3,4,,2024-04-17 20:11
3356,335601,25,2022,81,2,,,,,,,2,1,1,,,,5,,2024-04-17 20:11
3356,335602,25,2022,74,2,1,872,2020m8,2,952,1,2,1,2,68,2,3,5,,2024-04-17 20:11
7477,335603,25,2022,49,6,,,,,,,2,1,2,,,,4,,2024-04-17 20:11
3360,336001,25,2022,83,3,2,11,2003m3,4,611,2,3,1,1,100,,2,3,,2024-04-17 20:11
3360,336003,25,2022,52,5,1,651,2009m9,1,942,1,1,1,1,165,2,3,4,,2024-04-17 20:11
3362,336202,25,2022,83,2,,,,,,,3,1,2,,,,6,,2024-04-17 20:11
3362,336203,25,2022,55,2,1,424,2010m11,3,783,1,1,1,1,150,2,4,5,,2024-04-17 20:11
3363,336302,25,2022,75,2,1,851,2018m3,2,952,1,3,8,2,40,2,2,3,,2024-04-17 20:11
6882,336303,25,2022,44,5,1,521,2022m2,2,930,1,2,8,2,168,2,3,4,,2024-04-17 20:11
3364,336405,25,2022,51,6,,,,,,,1,8,1,,,,4,,2024-04-17 20:11
6211,336406,25,2022,49,6,1,241,2018m1,1,312,1,2,8,1,400,1,3,3,,2024-04-17 20:11
3365,336501,25,2022,61,6,,,,,,,2,8,1,,,,2,,2024-04-17 20:11
3365,336502,25,2022,57,5,1,969,2008m7,1,243,1,2,8,2,350,1,2,2,,2024-04-17 20:11
10343,336503,25,2022,29,6,1,701,2019m1,1,234,1,1,8,1,280,1,3,5,,2024-04-17 20:11
3365,336504,25,2022,28,6,1,732,2022m2,1,285,1,1,8,2,300,1,2,3,,2024-04-17 20:11
3366,336603,25,2022,42,3,,,,,,,1,8,1,,,,5,,2024-04-17 20:11
7983,336604,25,2022,40,3,2,682,2013m6,4,274,2,2,8,1,200,,3,4,,2024-04-17 20:11
3368,336801,25,2022,64,3,1,107,2021m9,2,922,1,2,8,1,140,2,3,4,,2024-04-17 20:11
3368,336802,25,2022,60,3,,,,,,,2,8,2,,,,4,,2024-04-17 20:11
3368,336803,25,2022,83,2,,,,,,,3,8,2,,,,4,,2024-04-17 20:11
10253,336804,25,2022,36,6,1,855,2016m9,1,254,1,1,8,2,210,1,3,4,,2024-04-17 20:11
10344,336805,25,2022,31,4,1,759,2022m3,1,930,1,1,8,2,170,1,2,4,,2024-04-17 20:11
3370,337001,25,2022,79,6,1,682,2012m7,1,942,1,3,8,1,180,2,3,4,,2024-04-17 20:11
3372,337201,25,2022,77,2,,,,,,,3,1,2,,,,5,,2024-04-17 20:11
3373,337304,25,2022,44,3,1,521,2018m3,1,921,1,1,8,1,260,1,3,5,,2024-04-17 20:11
3375,337502,25,2022,67,2,3,561,2005m8,5,441,2,2,8,2,,,3,5,,2024-04-17 20:11
10164,337503,25,2022,46,3,,,,,,,1,8,1,,,,6,,2024-04-17 20:11
7216,337504,25,2022,42,3,,,,,,,2,8,2,,,,5,,2024-04-17 20:11
7866,337505,25,2022,40,5,1,412,2008m2,1,235,1,1,8,1,480,1,3,5,,2024-04-17 20:11
3376,337602,25,2022,83,1,,,,,,,3,1,2,,,,6,,2024-04-17 20:11
3379,337901,25,2022,65,2,1,422,2004m7,3,792,1,2,8,1,150,2,3,3,,2024-04-17 20:11
3379,337902,25,2022,65,2,,,,,,,2,8,2,,,,3,,2024-04-17 20:11
7368,337903,25,2022,45,6,1,842,2009m3,1,261,1,2,1,2,500,1,2,3,,2024-04-17 20:11
7478,337904,25,2022,44,4,2,472,2009m1,4,521,2,2,8,1,700,,2,2,,2024-04-17 20:11
8369,337905,25,2022,41,3,2,472,2021m6,4,710,2,2,8,1,500,,3,3,,2024-04-17 20:11
3381,338101,25,2022,73,2,2,11,2009m10,4,611,2,2,8,1,20,,3,5,,2024-04-17 20:11
3381,338102,25,2022,66,2,3,11,2009m10,5,611,2,2,8,2,,,4,5,,2024-04-17 20:11
3381,338103,25,2022,44,3,1,476,2019m12,2,521,1,3,8,2,205,2,3,5,,2024-04-17 20:11
10002,338104,25,2022,40,4,1,259,2007m7,1,922,1,1,8,1,320,1,2,4,,2024-04-17 20:11
3382,338201,25,2022,62,2,1,872,2018m1,1,421,1,3,8,2,95,2,4,5,,2024-04-17 20:11
3384,338401,25,2022,54,6,1,582,2014m6,1,223,1,3,8,1,400,1,3,3,,2024-04-17 20:11
3384,338403,25,2022,27,6,1,732,2018m4,1,312,1,1,8,2,280,1,3,3,,2024-04-17 20:11
3384,338404,25,2022,24,5,1,851,2021m3,2,253,1,1,8,2,220,1,3,3,,2024-04-17 20:11
3385,338502,25,2022,54,3,,,,,,,2,8,2,,,,5,,2024-04-17 20:11
3385,338503,25,2022,28,4,1,844,2020m2,1,411,1,1,8,1,220,1,3,5,,2024-04-17 20:11
3385,338504,25,2022,25,4,,,,,,,1,8,1,,,,5,,2024-04-17 20:11
3386,338602,25,2022,58,6,1,851,1988m6,1,252,1,2,8,2,570,1,2,4,,2024-04-17 20:11
3389,338902,25,2022,88,2,,,,,,,3,8,2,,,,4,,2024-04-17 20:11
5587,338903,25,2022,55,3,1,466,2016m10,1,312,1,3,8,2,280,1,3,4,,2024-04-17 20:11
3389,338904,25,2022,53,6,1,422,2010m9,1,313,1,1,8,2,340,1,2,4,,2024-04-17 20:11
3391,339102,25,2022,80,3,,,,,,,3,8,2,,,,3,,2024-04-17 20:11
5213,339103,25,2022,51,6,1,855,2013m1,2,254,1,2,8,2,69,2,3,4,,2024-04-17 20:11
3392,339201,25,2022,83,2,,,,,,,3,8,2,,,,5,,2024-04-17 20:11
5268,339202,25,2022,49,5,2,651,2020m3,4,510,2,2,8,2,200,,3,5,,2024-04-17 20:11
5268,339204,25,2022,51,5,1,463,2019m1,1,922,1,2,8,1,200,1,3,5,,2024-04-17 20:11
3393,339302,25,2022,84,2,,,,,,,2,8,2,,,,2,,2024-04-17 20:11
3393,339303,25,2022,60,5,2,463,1989m12,4,521,2,2,8,1,200,,3,2,,2024-04-17 20:11
3393,339304,25,2022,57,5,,,,,,,2,8,2,,,,2,,2024-04-17 20:11
3393,339306,25,2022,29,6,1,841,2020m10,1,311,1,1,8,2,350,1,2,2,,2024-04-17 20:11
3393,339307,25,2022,28,6,1,841,2021m8,1,311,1,1,8,1,350,1,2,2,,2024-04-17 20:11
5996,339703,25,2022,55,6,1,602,2000m10,1,283,1,2,1,1,800,1,2,3,,2024-04-17 20:11
3399,339902,25,2022,83,3,,,,,,,3,8,2,,,,4,,2024-04-17 20:11
5586,339903,25,2022,54,6,2,464,2004m9,4,312,2,2,8,1,500,,2,3,,2024-04-17 20:11
3400,340001,25,2022,60,6,2,561,2021m4,4,441,2,2,8,1,,,3,3,,2024-04-17 20:11
3400,340002,25,2022,59,6,3,561,2021m4,5,442,2,2,8,2,,,2,3,,2024-04-17 20:11
9760,340003,25,2022,31,5,,,,,,,2,8,2,,,,5,,2024-04-17 20:11
3400,340004,25,2022,28,3,1,474,2018m2,1,521,1,1,8,1,230,2,3,3,,2024-04-17 20:11
3403,340301,25,2022,64,5,,,,,,,2,8,1,,,,5,,2024-04-17 20:11
3403,340302,25,2022,59,3,1,474,2018m1,2,521,1,2,8,2,142,2,4,5,,2024-04-17 20:11
3403,340303,25,2022,34,6,,,,,,,1,8,1,,,,5,,2024-04-17 20:11
3404,340401,25,2022,61,6,1,471,2021m9,1,521,1,2,8,1,180,1,3,4,,2024-04-17 20:11
3404,340402,25,2022,62,6,,,,,,,2,8,2,,,,4,,2024-04-17 20:11
3404,340403,25,2022,31,6,1,861,2020m3,1,242,1,1,8,2,350,1,3,3,,2024-04-17 20:11
3404,340404,25,2022,30,6,1,233,2021m4,1,510,1,1,8,1,230,1,3,3,,2024-04-17 20:11
3405,340502,25,2022,55,6,,,,,,,2,8,2,,,,4,,2024-04-17 20:11
3407,340702,25,2022,77,5,,,,,,,3,8,2,,,,4,,2024-04-17 20:11
3407,340703,25,2022,39,6,2,961,2021m5,4,422,2,1,8,2,65,,2,3,,2024-04-17 20:11
3409,340902,25,2022,66,2,3,107,2021m8,5,521,2,3,8,2,,,3,4,,2024-04-17 20:11
3409,340905,25,2022,39,3,1,952,2020m1,2,873,1,1,8,1,180,2,3,4,,2024-04-17 20:11
3410,341003,25,2022,78,3,2,11,2012m4,4,611,2,2,8,1,,,3,4,,2024-04-17 20:11
3410,341004,25,2022,72,2,3,11,2012m4,5,611,2,2,8,2,,,3,4,,2024-04-17 20:11
8776,341101,25,2022,67,2,2,11,2004m7,4,611,2,2,8,1,100,,3,4,,2024-04-17 20:11
8776,341102,25,2022,65,2,3,11,2020m3,5,611,2,2,8,2,,,3,4,,2024-04-17 20:11
9036,341104,25,2022,41,6,1,651,2006m4,1,272,1,2,1,1,600,1,2,3,,2024-04-17 20:11
7479,341105,25,2022,39,5,1,713,2021m10,1,312,1,2,8,1,320,1,3,4,,2024-04-17 20:11
3412,341201,25,2022,68,2,2,11,2013m11,4,611,2,2,8,1,70,,3,4,,2024-04-17 20:11
3412,341202,25,2022,70,2,3,11,2008m5,5,611,2,2,8,2,,,3,4,,2024-04-17 20:11
6903,341203,25,2022,45,5,1,852,1996m3,1,311,1,2,8,2,380,1,3,4,,2024-04-17 20:11
6543,341204,25,2022,41,3,1,861,2019m2,1,246,1,2,8,2,205,1,3,4,,2024-04-17 20:11
8777,341205,25,2022,40,5,,,,,,,2,5,2,,,,5,,2024-04-17 20:11
3413,341301,25,2022,58,3,1,465,2019m10,1,761,1,3,8,1,1000,1,1,4,,2024-04-17 20:11
3414,341401,25,2022,65,3,1,424,1985m6,3,782,1,2,8,1,250,2,3,5,,2024-04-17 20:11
3414,341402,25,2022,59,3,1,861,2021m2,1,941,1,2,8,2,180,1,3,5,,2024-04-17 20:11
3416,341603,25,2022,52,3,2,141,2013m4,4,721,2,1,8,1,100,,4,5,,2024-04-17 20:11
3418,341804,25,2022,68,3,,,,,,,3,8,2,,,,6,,2024-04-17 20:11
8945,341805,25,2022,39,5,1,422,2021m3,1,312,1,2,1,2,225,1,3,5,,2024-04-17 20:11
3419,341901,25,2022,59,2,1,751,1998m5,3,910,1,3,8,1,300,2,3,5,,2024-04-17 20:11
3421,342101,25,2022,55,3,1,134,1999m11,1,312,1,2,8,1,340,1,3,4,,2024-04-17 20:11
3421,342102,25,2022,49,6,1,872,2021m5,1,247,1,2,8,2,200,1,2,4,,2024-04-17 20:11
3421,342103,25,2022,26,5,1,422,2020m2,1,792,1,1,8,1,230,1,4,4,,2024-04-17 20:11
3422,342202,25,2022,71,3,,,,,,,3,8,2,,,,6,,2024-04-17 20:11
8466,342203,25,2022,45,3,1,561,2019m2,3,442,1,1,8,2,200,2,4,6,,2024-04-17 20:11
3423,342301,25,2022,76,3,,,,,,,3,8,1,,,,6,,2024-04-17 20:11
8115,342303,25,2022,39,3,1,422,2018m5,3,792,1,2,15,1,325,2,3,4,,2024-04-17 20:11
9234,342401,25,2022,55,3,2,426,2003m10,4,875,2,2,8,1,300,,3,5,,2024-04-17 20:11
3424,342402,25,2022,53,3,1,681,2016m4,3,,1,3,8,2,360,2,3,4,,2024-04-17 20:11
9125,342403,25,2022,30,5,,,,,,,2,8,2,,,,4,,2024-04-17 20:11
9569,342404,25,2022,26,2,1,952,2022m3,3,751,1,1,8,1,230,2,3,5,,2024-04-17 20:11
3425,342502,25,2022,63,2,1,561,2022m6,3,442,1,3,8,2,250,2,3,4,,2024-04-17 20:11
3425,342503,25,2022,42,6,1,721,2015m2,1,237,1,1,8,1,400,1,3,4,,2024-04-17 20:11
3425,342504,25,2022,40,6,1,759,2019m2,2,392,1,1,8,1,250,2,3,4,,2024-04-17 20:11
3426,342601,25,2022,66,6,,,,,,,2,8,1,,,,5,,2024-04-17 20:11
3426,342602,25,2022,69,3,1,662,2018m11,1,132,1,2,8,2,500,2,2,5,,2024-04-17 20:11
3427,342701,25,2022,62,6,,,,,,,3,8,1,,,,5,,2024-04-17 20:11
3427,342703,25,2022,26,4,1,911,2022m2,2,286,1,1,8,1,70,2,3,5,,2024-04-17 20:11
3429,342901,25,2022,58,5,2,132,2001m10,4,312,2,2,8,1,300,,3,5,,2024-04-17 20:11
3429,342902,25,2022,55,3,3,139,2001m10,5,721,2,2,8,2,,,3,5,,2024-04-17 20:11
3431,343101,25,2022,70,3,1,492,2022m4,2,873,1,2,8,1,160,2,3,4,,2024-04-17 20:11
3431,343102,25,2022,65,3,1,561,2001m3,3,442,1,2,8,2,100,2,3,5,,2024-04-17 20:11
9761,343103,25,2022,41,6,1,641,2012m3,1,320,1,2,8,1,300,1,3,4,,2024-04-17 20:11
3432,343201,25,2022,62,5,1,411,2003m5,1,141,1,2,8,1,280,1,3,5,,2024-04-17 20:11
3432,343202,25,2022,59,3,1,872,2020m11,3,421,1,2,8,2,100,2,2,5,,2024-04-17 20:11
3432,343203,25,2022,31,6,1,844,2021m5,1,411,1,1,8,1,250,1,3,4,,2024-04-17 20:11
3433,343301,25,2022,55,6,1,852,1990m3,1,252,1,2,1,2,550,1,2,3,,2024-04-17 20:11
3433,343303,25,2022,28,6,1,591,2021m3,1,283,1,1,1,1,250,1,3,4,,2024-04-17 20:11
3433,343304,25,2022,24,3,,,,,,,1,1,1,,,,4,,2024-04-17 20:11
3434,343401,25,2022,70,2,1,101,2015m3,2,811,1,3,8,2,200,2,2,4,,2024-04-17 20:11
7709,343402,25,2022,47,3,,,,,,,2,8,2,,,,5,,2024-04-17 20:11
3434,343403,25,2022,45,4,1,423,2022m6,1,762,1,1,8,1,250,1,3,5,,2024-04-17 20:11
3435,343501,25,2022,57,4,2,561,2021m10,4,441,2,2,8,1,300,,3,4,,2024-04-17 20:11
3435,343502,25,2022,57,3,3,561,2021m10,5,952,2,2,8,2,,,3,4,,2024-04-17 20:11
3437,343701,25,2022,55,6,2,476,2006m6,4,899,2,2,8,1,500,,3,3,,2024-04-17 20:11
3437,343702,25,2022,54,4,,,,,,,2,8,2,,,,4,,2024-04-17 20:11
10165,343703,25,2022,26,6,1,620,2021m11,1,222,1,1,1,2,200,2,2,5,,2024-04-17 20:11
3437,343704,25,2022,24,4,2,424,2021m7,4,783,2,1,8,1,350,,2,4,,2024-04-17 20:11
5673,344001,25,2022,60,6,1,464,2022m3,1,273,1,2,1,1,400,1,2,3,,2024-04-17 20:11
5673,344002,25,2022,55,6,,,,,,,2,1,2,,,,4,,2024-04-17 20:11
3440,344004,25,2022,85,3,,,,,,,3,8,2,,,,5,,2024-04-17 20:11
3441,344101,25,2022,69,6,2,465,2001m7,4,521,2,2,8,1,1000,,1,3,,2024-04-17 20:11
3441,344102,25,2022,69,3,1,467,2017m7,1,313,1,2,8,2,250,1,1,3,,2024-04-17 20:11
8946,344104,25,2022,37,6,1,467,2018m2,1,521,1,2,8,1,480,1,1,4,,2024-04-17 20:11
3443,344301,25,2022,63,2,,,,,,,2,8,1,,,,5,,2024-04-17 20:11
3443,344302,25,2022,64,2,,,,,,,2,8,2,,,,5,,2024-04-17 20:11
10255,344304,25,2022,32,5,1,712,2021m8,1,313,1,1,1,2,200,1,2,5,,2024-04-17 20:11
3444,344401,25,2022,63,3,1,465,2022m1,2,922,1,2,1,1,200,2,2,4,,2024-04-17 20:11
3444,344402,25,2022,58,3,1,949,2012m11,1,248,1,2,1,2,238,1,1,4,,2024-04-17 20:11
9492,344403,25,2022,35,5,,,,,,,2,8,2,,,,4,,2024-04-17 20:11
9570,344404,25,2022,34,6,,,,,,,2,1,2,,,,4,,2024-04-17 20:11
3447,344701,25,2022,59,4,1,841,1991m6,1,312,1,2,8,1,480,1,2,4,,2024-04-17 20:11
3447,344702,25,2022,56,3,1,471,2013m2,2,521,1,2,8,2,160,2,1,4,,2024-04-17 20:11
3448,344801,25,2022,60,3,2,561,2006m9,4,873,2,3,8,1,400,,3,5,,2024-04-17 20:11
7370,344802,25,2022,59,3,1,651,2021m4,1,531,1,3,1,2,300,2,2,5,,2024-04-17 20:11
5449,344902,25,2022,43,2,2,12,2016m10,4,613,2,1,14,1,150,,3,5,,2024-04-17 20:11
5532,344903,25,2022,41,6,1,582,2022m4,1,222,1,1,8,1,650,1,2,4,,2024-04-17 20:11
5043,344906,25,2022,51,3,1,473,2010m6,1,771,1,2,8,1,400,1,2,3,,2024-04-17 20:11
3450,345001,25,2022,55,3,1,181,2002m9,1,892,1,2,8,1,480,1,2,3,,2024-04-17 20:11
3450,345002,25,2022,56,3,1,261,2014m2,3,236,1,2,8,2,480,2,2,4,,2024-04-17 20:11
3450,345003,25,2022,27,6,,,,,,,1,8,1,,,,5,,2024-04-17 20:11
3452,345202,25,2022,56,3,1,471,2016m9,1,521,1,3,8,2,250,1,3,4,,2024-04-17 20:11
3452,345203,25,2022,29,5,1,562,2020m10,1,441,1,1,8,1,220,1,2,4,,2024-04-17 20:11
3452,345204,25,2022,83,2,,,,,,,3,8,2,,,,5,,2024-04-17 20:11
3453,345301,25,2022,77,2,,,,,,,3,5,1,,,,6,,2024-04-17 20:11
7069,345404,25,2022,50,4,2,493,2022m3,4,873,2,2,8,1,400,,2,5,,2024-04-17 20:11
3455,345501,25,2022,85,1,,,,,,,3,8,2,,,,3,,2024-04-17 20:11
3455,345502,25,2022,51,4,1,471,2004m7,1,312,1,1,8,1,420,1,2,3,,2024-04-17 20:11
8947,345601,25,2022,67,3,,,,,,,3,8,1,,,,5,,2024-04-17 20:11
3456,345602,25,2022,60,3,1,871,2018m9,1,421,1,3,8,2,110,1,3,6,,2024-04-17 20:11
10256,345604,25,2022,30,5,1,862,2021m4,1,392,1,1,8,2,245,1,3,5,,2024-04-17 20:11
3457,345701,25,2022,74,3,2,492,2005m1,4,875,2,2,8,1,100,,3,5,,2024-04-17 20:11
3457,345702,25,2022,70,2,,,,,,,2,8,2,,,,5,,2024-04-17 20:11
5984,345703,25,2022,49,6,1,841,2004m8,1,311,1,2,8,1,420,1,2,3,,2024-04-17 20:11
8255,345704,25,2022,42,5,1,641,2006m5,1,412,1,2,8,1,195,1,3,4,,2024-04-17 20:11
7371,345801,25,2022,82,2,1,682,2001m6,1,942,1,2,8,1,200,1,3,4,,2024-04-17 20:11
7371,345802,25,2022,73,2,,,,,,,2,8,2,,,,4,,2024-04-17 20:11
3458,345803,25,2022,54,3,1,742,2007m8,1,875,1,2,8,1,420,1,3,3,,2024-04-17 20:11
3458,345804,25,2022,50,3,,,,,,,2,8,2,,,,3,,2024-04-17 20:11
3458,345805,25,2022,28,5,1,303,2017m10,1,312,1,1,8,2,200,1,3,3,,2024-04-17 20:11
3458,345807,25,2022,25,5,1,265,2018m5,1,312,1,1,8,2,210,1,3,3,,2024-04-17 20:11
3458,345808,25,2022,16,2,,,,,,,1,8,1,,,,3,,2024-04-17 20:11
3459,345901,25,2022,67,2,2,492,1999m7,4,875,2,2,8,1,250,,2,4,,2024-04-17 20:11
3459,345902,25,2022,66,2,1,291,2000m6,1,855,1,2,8,2,250,1,2,4,,2024-04-17 20:11
9303,345903,25,2022,37,5,,,,,,,2,5,2,,,,5,,2024-04-17 20:11
3459,345904,25,2022,36,5,1,292,2012m5,1,239,1,1,8,1,210,1,2,3,,2024-04-17 20:11
3461,346101,25,2022,66,6,,,,,,,2,8,1,,,,3,,2024-04-17 20:11
3461,346102,25,2022,61,5,1,851,2013m3,1,131,1,2,8,2,450,1,2,4,,2024-04-17 20:11
3461,346104,25,2022,29,4,,,,,,,1,8,1,,,,3,,2024-04-17 20:11
3461,346106,25,2022,36,6,1,851,2013m3,1,252,1,1,8,2,280,1,3,3,,2024-04-17 20:11
3462,346201,25,2022,63,4,1,521,2012m7,1,921,1,3,8,1,270,1,3,3,,2024-04-17 20:11
3462,346203,25,2022,31,6,1,591,2015m1,1,312,1,1,8,2,210,1,3,3,,2024-04-17 20:11
3463,346301,25,2022,59,5,1,285,2017m7,1,854,1,2,8,1,250,1,3,4,,2024-04-17 20:11
3463,346302,25,2022,59,3,,,,,,,2,8,2,,,,4,,2024-04-17 20:11
3463,346303,25,2022,33,5,1,423,2010m6,1,762,1,1,8,1,240,1,3,4,,2024-04-17 20:11
3463,346304,25,2022,30,5,1,851,2018m3,1,253,1,1,8,2,240,1,2,3,,2024-04-17 20:11
3464,346402,25,2022,54,6,1,851,2008m3,1,252,1,2,8,2,450,1,2,4,,2024-04-17 20:11
3465,346501,25,2022,66,3,,,,,,,2,1,1,,,,5,,2024-04-17 20:11
3465,346502,25,2022,63,6,1,872,2021m7,2,421,1,2,1,2,60,2,3,5,,2024-04-17 20:11
3465,346503,25,2022,34,6,,,,,,,1,1,1,,,,5,,2024-04-17 20:11
3465,346504,25,2022,21,5,1,961,2022m3,1,422,1,1,1,2,250,1,3,5,,2024-04-17 20:11
3467,346701,25,2022,71,3,,,,,,,2,5,1,,,,6,,2024-04-17 20:11
3467,346702,25,2022,68,3,,,,,,,2,5,2,,,,5,,2024-04-17 20:11
3467,346703,25,2022,43,3,1,474,2020m12,2,521,1,1,5,2,200,2,3,5,,2024-04-17 20:11
3468,346801,25,2022,71,2,,,,,,,3,1,1,,,,4,,2024-04-17 20:11
8948,346804,25,2022,37,5,1,861,2020m3,1,392,1,2,1,2,400,1,2,4,,2024-04-17 20:11
3469,346902,25,2022,78,2,,,,,,,3,1,2,,,,4,,2024-04-17 20:11
6853,346903,25,2022,46,6,1,465,2012m7,1,235,1,2,1,1,600,1,2,5,,2024-04-17 20:11
3470,347001,25,2022,57,3,1,303,1996m10,1,854,1,2,8,1,750,1,3,2,,2024-04-17 20:11
3470,347002,25,2022,56,3,,,,,,,2,8,2,,,,3,,2024-04-17 20:11
3470,347003,25,2022,29,5,1,107,2020m8,1,285,1,1,8,2,320,1,3,3,,2024-04-17 20:11
3470,347004,25,2022,25,5,,,,,,,1,8,1,,,,5,,2024-04-17 20:11
3471,347101,25,2022,59,6,1,471,2016m9,1,521,1,2,14,1,210,2,3,4,,2024-04-17 20:11
3471,347102,25,2022,59,6,1,561,2022m1,2,442,1,2,14,2,150,2,3,4,,2024-04-17 20:11
3471,347103,25,2022,31,6,1,271,2019m5,1,312,1,1,14,1,280,1,3,4,,2024-04-17 20:11
9409,347104,25,2022,29,6,1,713,2018m7,1,285,1,1,1,2,250,1,3,4,,2024-04-17 20:11
3472,347202,25,2022,77,1,,,,,,,3,8,2,,,,4,,2024-04-17 20:11
3473,347301,25,2022,89,2,,,,,,,3,8,2,,,,5,,2024-04-17 20:11
3473,347302,25,2022,66,6,1,872,2022m3,2,941,1,1,8,2,27,2,4,5,,2024-04-17 20:11
3474,347402,25,2022,77,3,,,,,,,3,8,2,,,,5,,2024-04-17 20:11
9304,347403,25,2022,42,5,1,222,2010m12,1,239,1,2,8,1,400,1,2,4,,2024-04-17 20:11
6514,347404,25,2022,50,2,,,,,,,2,8,2,,,,5,,2024-04-17 20:11
3475,347501,25,2022,61,3,,,,,,,2,8,1,,,,4,,2024-04-17 20:11
3475,347502,25,2022,59,2,,,,,,,2,8,2,,,,4,,2024-04-17 20:11
3477,347702,25,2022,85,2,,,,,,,3,8,2,,,,6,,2024-04-17 20:11
3477,347704,25,2022,48,6,,,,,,,1,8,2,,,,6,,2024-04-17 20:11
3478,347801,25,2022,61,3,2,107,1996m1,4,710,2,2,8,1,,,4,5,,2024-04-17 20:11
8536,347803,25,2022,38,3,1,759,2022m9,2,532,1,3,8,2,98,2,3,5,,2024-04-17 20:11
3478,347805,25,2022,60,3,,,,,,,2,8,2,,,,4,,2024-04-17 20:11
9038,347903,25,2022,37,6,1,872,2021m3,1,421,1,2,5,2,95,2,2,5,,2024-04-17 20:11
3482,348201,25,2022,59,3,1,493,2012m6,2,921,1,2,5,1,270,2,3,4,,2024-04-17 20:11
3482,348202,25,2022,60,3,1,561,2020m11,1,442,1,2,5,2,80,2,2,4,,2024-04-17 20:11
3482,348203,25,2022,32,6,1,479,2014m4,1,312,1,1,5,2,360,1,2,4,,2024-04-17 20:11
3482,348204,25,2022,30,6,1,612,2017m1,1,223,1,1,5,2,306,1,2,4,,2024-04-17 20:11
3482,348205,25,2022,27,6,1,841,2020m2,1,311,1,1,5,2,197,1,2,4,,2024-04-17 20:11
3482,348206,25,2022,23,4,,,,,,,1,5,1,,,,4,,2024-04-17 20:11
3483,348301,25,2022,61,3,1,701,2021m4,2,941,1,2,1,1,200,2,3,5,,2024-04-17 20:11
3483,348303,25,2022,57,3,1,969,2004m1,2,429,1,2,1,2,150,2,3,5,,2024-04-17 20:11
3483,348304,25,2022,26,4,1,844,2020m1,1,411,1,1,1,2,240,1,2,5,,2024-04-17 20:11
3483,348305,25,2022,25,4,,,,,,,1,1,2,,,,5,,2024-04-17 20:11
3486,348601,25,2022,60,5,2,,1998m8,4,782,2,2,1,1,350,,3,5,,2024-04-17 20:11
3486,348602,25,2022,55,5,,,,,,,2,1,2,,,,5,,2024-04-17 20:11
3486,348603,25,2022,24,6,,,,,,,1,1,1,,,,5,,2024-04-17 20:11
3487,348701,25,2022,70,3,1,682,2017m1,2,942,1,2,8,1,190,2,3,5,,2024-04-17 20:11
3487,348702,25,2022,64,2,,,,,,,2,8,2,,,,5,,2024-04-17 20:11
9305,348703,25,2022,40,4,2,493,2017m4,4,922,2,2,8,1,560,,3,4,,2024-04-17 20:11
9236,348704,25,2022,37,5,1,551,2009m3,1,432,1,2,8,1,300,1,3,4,,2024-04-17 20:11
3489,348901,25,2022,65,3,1,911,2020m8,2,941,1,2,8,1,200,2,3,4,,2024-04-17 20:11
3489,348902,25,2022,66,3,,,,,,,2,8,2,,,,3,,2024-04-17 20:11
8116,348903,25,2022,37,5,1,303,2021m1,1,313,1,2,8,2,120,1,3,4,,2024-04-17 20:11
10345,348904,25,2022,31,6,1,855,2019m4,1,254,1,2,8,2,250,2,2,3,,2024-04-17 20:11
3491,349102,25,2022,62,2,,,,,,,2,8,2,,,,5,,2024-04-17 20:11
3492,349203,25,2022,47,3,1,494,2013m5,2,922,1,1,8,1,360,2,3,5,,2024-04-17 20:11
3494,349401,25,2022,66,6,1,851,2018m1,2,873,1,2,8,1,100,2,3,3,,2024-04-17 20:11
3494,349402,25,2022,61,5,,,,,,,2,8,2,,,,3,,2024-04-17 20:11
5314,349405,25,2022,88,3,,,,,,,3,11,2,,,,5,,2024-04-17 20:11
10346,349406,25,2022,36,6,,,,,,,2,11,2,,,,3,,2024-04-17 20:11
3496,349602,25,2022,56,3,,,,,,,2,8,2,,,,4,,2024-04-17 20:11
3497,349701,25,2022,66,2,,,,,,,2,8,1,,,,5,,2024-04-17 20:11
5033,349703,25,2022,42,5,1,262,2004m8,1,762,1,1,8,1,390,1,3,3,,2024-04-17 20:11
3499,349901,25,2022,55,4,1,651,2010m7,1,510,1,2,8,1,400,2,3,4,,2024-04-17 20:11
3499,349902,25,2022,55,3,,,,,,,2,8,2,,,,5,,2024-04-17 20:11
3499,349905,25,2022,21,5,,,,,,,1,8,2,,,,5,,2024-04-17 20:11
3500,350001,25,2022,60,5,1,742,2000m12,1,875,1,2,8,1,350,1,3,3,,2024-04-17 20:11
3500,350002,25,2022,58,3,,,,,,,2,8,2,,,,3,,2024-04-17 20:11
9126,350003,25,2022,35,6,1,222,2020m6,1,832,1,2,8,1,350,1,3,4,,2024-04-17 20:11
3502,350201,25,2022,64,2,1,222,2019m9,2,930,1,2,8,1,250,2,3,3,,2024-04-17 20:11
3502,350202,25,2022,65,2,1,969,2022m4,2,421,1,2,8,2,77,2,3,4,,2024-04-17 20:11
7713,350203,25,2022,38,5,1,561,2018m12,1,521,1,1,8,1,250,1,3,4,,2024-04-17 20:11
8778,350204,25,2022,35,5,,,,,,,2,8,2,,,,4,,2024-04-17 20:11
3504,350401,25,2022,68,3,,,,,,,2,8,1,,,,4,,2024-04-17 20:11
8117,350402,25,2022,62,2,1,561,2018m6,2,441,1,2,8,2,,2,3,4,,2024-04-17 20:11
6005,350403,25,2022,42,6,1,273,2017m3,1,313,1,1,8,2,320,1,3,4,,2024-04-17 20:11
9517,350404,25,2022,39,2,1,562,2017m1,2,442,1,3,8,2,200,2,3,4,,2024-04-17 20:11
5417,350406,25,2022,44,3,1,464,2013m3,1,313,1,3,8,2,220,2,3,4,,2024-04-17 20:11
3505,350502,25,2022,61,3,,,,,,,2,8,2,,,,3,,2024-04-17 20:11
3506,350601,25,2022,80,2,,,,,,,2,8,1,,,,3,,2024-04-17 20:11
3506,350602,25,2022,73,2,,,,,,,2,8,2,,,,3,,2024-04-17 20:11
5057,350604,25,2022,49,5,2,562,2021m2,4,442,2,2,5,2,250,,2,5,,2024-04-17 20:11
3508,350801,25,2022,78,2,,,,,,,2,8,1,,,,4,,2024-04-17 20:11
3508,350802,25,2022,72,3,1,561,2019m1,3,441,1,2,8,2,150,2,3,4,,2024-04-17 20:11
5592,350803,25,2022,44,5,1,872,2013m4,1,247,1,2,11,2,227,2,3,3,,2024-04-17 20:11
6291,350804,25,2022,41,4,,,,,,,2,4,2,,,,4,,2024-04-17 20:11
7148,350805,25,2022,49,3,2,493,2017m3,4,875,2,2,8,1,400,,3,3,,2024-04-17 20:11
3509,350901,25,2022,83,2,2,11,1969m1,4,611,2,2,8,1,50,,3,3,,2024-04-17 20:11
3509,350902,25,2022,82,2,,,,,,,2,8,2,,,,3,,2024-04-17 20:11
3510,351001,25,2022,66,6,1,466,2017m1,1,121,1,2,8,1,600,1,2,3,,2024-04-17 20:11
3510,351002,25,2022,61,6,,,,,,,2,8,2,,,,3,,2024-04-17 20:11
3511,351101,25,2022,65,6,2,107,1999m3,4,237,2,2,8,1,830,,2,3,,2024-04-17 20:11
3511,351102,25,2022,64,3,1,107,2018m11,1,312,1,2,8,2,500,1,2,3,,2024-04-17 20:11
3512,351201,25,2022,72,6,,,,,,,2,8,1,,,,4,,2024-04-17 20:11
3512,351202,25,2022,70,2,,,,,,,2,8,2,,,,4,,2024-04-17 20:11
10347,351301,25,2022,72,6,,,,,,,3,9,1,,,,5,,2024-04-17 20:11
3513,351302,25,2022,66,5,,,,,,,3,8,2,,,,4,,2024-04-17 20:11
6599,351303,25,2022,41,6,1,841,2004m9,1,311,1,2,8,2,450,1,2,4,,2024-04-17 20:11
3514,351402,25,2022,60,6,2,478,1997m8,4,242,2,2,8,2,500,,2,3,,2024-04-17 20:11
3515,351501,25,2022,75,1,,,,,,,3,8,2,,,,6,,2024-04-17 20:11
3516,351601,25,2022,78,2,,,,,,,2,8,1,,,,5,,2024-04-17 20:11
3516,351602,25,2022,73,2,,,,,,,2,8,2,,,,5,,2024-04-17 20:11
3517,351701,25,2022,67,2,,,,,,,3,8,2,,,,6,,2024-04-17 20:11
3520,352001,25,2022,81,3,,,,,,,3,8,2,,,,5,,2024-04-17 20:11
3521,352101,25,2022,86,2,,,,,,,2,8,1,,,,6,,2024-04-17 20:11
3521,352102,25,2022,86,3,,,,,,,2,8,2,,,,6,,2024-04-17 20:11
3522,352201,25,2022,58,6,2,464,2021m9,4,521,2,2,1,1,1000,,2,3,,2024-04-17 20:11
3522,352202,25,2022,54,6,2,855,2001m6,4,254,2,2,1,2,280,,2,3,,2024-04-17 20:11
3522,352203,25,2022,26,4,,,,,,,1,1,2,,,,3,,2024-04-17 20:11
3522,352204,25,2022,22,3,,,,,,,1,1,2,,,,3,,2024-04-17 20:11
3523,352301,25,2022,67,6,2,681,2012m12,4,312,2,2,8,1,440,,2,4,,2024-04-17 20:11
3523,352302,25,2022,63,6,,,,,,,2,8,2,,,,5,,2024-04-17 20:11
8779,352303,25,2022,38,6,1,642,2018m10,1,272,1,2,1,1,750,1,2,4,,2024-04-17 20:11
9493,352304,25,2022,36,6,1,582,2016m10,1,222,1,2,1,1,425,1,2,3,,2024-04-17 20:11
3523,352305,25,2022,89,1,,,,,,,3,8,2,,,,5,,2024-04-17 20:11
3525,352501,25,2022,60,4,2,582,2007m1,4,312,2,2,8,1,900,,2,5,,2024-04-17 20:11
3525,352502,25,2022,58,3,3,582,2009m1,5,313,2,2,8,2,,,3,5,,2024-04-17 20:11
3525,352503,25,2022,32,4,1,759,2013m1,1,771,1,1,8,1,250,1,3,4,,2024-04-17 20:11
10348,352504,25,2022,30,4,1,465,2014m1,1,771,1,1,1,1,300,1,3,5,,2024-04-17 20:11
3528,352801,25,2022,60,6,1,661,2015m11,2,330,1,2,8,1,1200,2,2,3,,2024-04-17 20:11
3528,352802,25,2022,57,6,,,,,,,2,8,2,,,,4,,2024-04-17 20:11
10166,352803,25,2022,27,6,1,852,2020m3,1,252,1,1,8,1,220,1,3,4,,2024-04-17 20:11
3528,352804,25,2022,25,4,,,,,,,1,8,2,,,,3,,2024-04-17 20:11
3531,353102,25,2022,81,2,,,,,,,3,8,2,,,,5,,2024-04-17 20:11
3531,353103,25,2022,54,2,1,493,2014m1,1,875,1,2,8,1,290,2,3,5,,2024-04-17 20:11
3531,353104,25,2022,56,2,,,,,,,2,8,2,,,,5,,2024-04-17 20:11
9039,353105,25,2022,33,5,,,,,,,2,8,2,,,,5,,2024-04-17 20:11
9829,353106,25,2022,31,6,,,,,,,2,8,2,,,,4,,2024-04-17 20:11
3531,353107,25,2022,29,6,,,,,,,1,8,1,,,,5,,2024-04-17 20:11
6128,353202,25,2022,92,2,,,,,,,3,1,2,,,,5,,2024-04-17 20:11
3532,353203,25,2022,63,2,,,,,,,2,8,1,,,,5,,2024-04-17 20:11
3532,353204,25,2022,57,3,,,,,,,2,8,2,,,,5,,2024-04-17 20:11
3532,353205,25,2022,26,5,1,861,2020m5,1,243,1,1,8,2,240,1,3,4,,2024-04-17 20:11
5997,353302,25,2022,54,6,1,111,2018m7,1,312,1,2,8,1,330,2,3,5,,2024-04-17 20:11
5997,353304,25,2022,49,6,1,463,2017m7,1,312,1,2,8,2,200,2,3,5,,2024-04-17 20:11
3533,353305,25,2022,57,5,1,471,2018m1,1,521,1,2,1,1,250,1,2,4,,2024-04-17 20:11
3533,353306,25,2022,55,3,1,471,2021m9,1,953,1,2,1,2,190,1,3,5,,2024-04-17 20:11
3533,353307,25,2022,28,3,,,,,,,1,1,1,,,,5,,2024-04-17 20:11
3533,353308,25,2022,25,6,,,,,,,1,1,1,,,,5,,2024-04-17 20:11
3537,353701,25,2022,62,3,2,11,1985m5,4,611,2,2,8,1,300,,3,4,,2024-04-17 20:11
3537,353702,25,2022,60,3,3,11,1995m5,5,611,2,2,8,2,,,3,5,,2024-04-17 20:11
9127,353703,25,2022,34,6,2,474,2018m2,4,521,2,1,1,2,300,,3,4,,2024-04-17 20:11
9128,353704,25,2022,33,5,1,465,2017m3,1,521,1,1,8,1,225,1,3,5,,2024-04-17 20:11
3538,353801,25,2022,59,5,1,351,2002m1,1,992,1,2,8,1,500,1,2,4,,2024-04-17 20:11
3538,353802,25,2022,55,3,1,759,2002m3,1,392,1,2,8,2,400,1,2,4,,2024-04-17 20:11
10167,353803,25,2022,31,6,1,474,2016m12,1,399,1,2,8,1,280,1,2,5,,2024-04-17 20:11
9238,353804,25,2022,29,5,1,479,2021m2,1,531,1,2,1,2,250,1,4,5,,2024-04-17 20:11
3539,353903,25,2022,53,2,,,,,,,1,8,1,,,,6,,2024-04-17 20:11
3540,354001,25,2022,83,2,,,,,,,2,8,1,,,,5,,2024-04-17 20:11
3540,354002,25,2022,80,2,,,,,,,2,8,2,,,,5,,2024-04-17 20:11
3541,354102,25,2022,53,3,,,,,,,3,8,2,,,,6,,2024-04-17 20:11
3541,354103,25,2022,31,3,,,,,,,1,8,1,,,,6,,2024-04-17 20:11
3541,354104,25,2022,29,2,,,,,,,1,8,1,,,,5,,2024-04-17 20:11
3542,354202,25,2022,65,2,1,561,2018m1,1,952,1,3,8,2,173,1,3,5,,2024-04-17 20:11
3542,354203,25,2022,41,3,,,,,,,1,8,1,,,,5,,2024-04-17 20:11
6025,354204,25,2022,43,3,1,561,2014m12,3,441,1,3,8,1,215,1,3,6,,2024-04-17 20:11
10349,354206,25,2022,24,5,,,,,,,2,8,2,,,,5,,2024-04-17 20:11
3543,354301,25,2022,57,5,,,,,,,2,8,1,,,,5,,2024-04-17 20:11
3543,354302,25,2022,54,3,,,,,,,2,8,2,,,,5,,2024-04-17 20:11
3543,354303,25,2022,25,6,,,,,,,1,8,2,,,,5,,2024-04-17 20:11
3543,354304,25,2022,21,4,,,,,,,1,8,1,,,,5,,2024-04-17 20:11
3544,354401,25,2022,72,2,1,424,2010m11,3,783,1,2,8,1,155,2,3,5,,2024-04-17 20:11
5419,354403,25,2022,46,5,1,561,2018m3,2,441,1,2,8,2,150,2,3,5,,2024-04-17 20:11
3544,354404,25,2022,66,3,,,,,,,2,8,2,,,,5,,2024-04-17 20:11
3545,354501,25,2022,61,3,1,493,2018m9,1,873,1,2,8,1,380,1,2,5,,2024-04-17 20:11
3545,354502,25,2022,56,3,,,,,,,2,8,2,,,,5,,2024-04-17 20:11
3545,354503,25,2022,82,2,,,,,,,3,8,2,,,,5,,2024-04-17 20:11
3546,354601,25,2022,78,2,2,412,2001m10,4,782,2,2,8,1,200,,3,5,,2024-04-17 20:11
3546,354602,25,2022,73,2,,,,,,,2,8,2,,,,5,,2024-04-17 20:11
6414,354604,25,2022,48,3,,,,,,,2,2,2,,,,5,,2024-04-17 20:11
8371,354606,25,2022,44,3,,,,,,,2,8,2,,,,5,,2024-04-17 20:11
8372,354607,25,2022,41,4,,,,,,,2,8,2,,,,5,,2024-04-17 20:11
9129,354608,25,2022,39,5,,,,,,,2,8,2,,,,5,,2024-04-17 20:11
6684,354702,25,2022,51,6,,,,,,,2,8,2,,,,6,,2024-04-17 20:11
5420,354704,25,2022,78,3,,,,,,,2,8,1,,,,6,,2024-04-17 20:11
5420,354705,25,2022,76,2,,,,,,,2,8,2,,,,6,,2024-04-17 20:11
5842,354802,25,2022,68,2,,,,,,,3,11,2,,,,6,,2024-04-17 20:11
6403,354804,25,2022,43,6,1,841,2005m1,1,311,1,2,11,1,505,1,2,3,,2024-04-17 20:11
5842,354805,25,2022,41,3,,,,,,,1,11,1,,,,6,,2024-04-17 20:11
3551,355102,25,2022,91,4,,,,,,,3,8,2,,,,6,,2024-04-17 20:11
3552,355201,25,2022,69,3,,,,,,,2,8,1,,,,4,,2024-04-17 20:11
3552,355202,25,2022,65,3,1,872,2021m1,1,421,1,2,8,2,73,2,3,5,,2024-04-17 20:11
3555,355502,25,2022,65,2,1,103,2013m12,1,930,1,2,8,2,180,2,3,5,,2024-04-17 20:11
3556,355602,25,2022,96,2,,,,,,,3,8,2,,,,4,,2024-04-17 20:11
3557,355701,25,2022,67,3,1,172,2017m12,1,891,1,2,8,1,190,2,3,4,,2024-04-17 20:11
3557,355702,25,2022,63,3,,,,,,,2,8,2,,,,4,,2024-04-17 20:11
3558,355802,25,2022,72,2,,,,,,,3,8,2,,,,4,,2024-04-17 20:11
3560,356001,25,2022,53,6,,,,,,,3,8,1,,,,3,,2024-04-17 20:11
3561,356103,25,2022,69,2,1,611,2007m6,1,510,1,2,1,2,120,2,3,4,,2024-04-17 20:11
3561,356104,25,2022,44,6,1,852,2010m2,1,252,1,1,1,2,260,2,3,5,,2024-04-17 20:11
3561,356106,25,2022,69,3,1,411,2021m8,2,236,1,2,1,1,100,2,2,4,,2024-04-17 20:11
3563,356301,25,2022,65,2,1,682,2013m3,2,942,1,2,8,1,250,2,3,5,,2024-04-17 20:11
3564,356401,25,2022,61,4,,,,,,,2,8,1,,,,3,,2024-04-17 20:11
3564,356402,25,2022,61,5,,,,,,,2,8,2,,,,1,,2024-04-17 20:11
3564,356403,25,2022,25,3,1,478,2019m8,2,429,1,1,8,2,290,1,1,4,,2024-04-17 20:11
3564,356404,25,2022,21,3,,,,,,,1,8,2,,,,4,,2024-04-17 20:11
3566,356602,25,2022,65,3,1,471,2021m1,1,521,1,3,8,2,180,2,2,4,,2024-04-17 20:11
3566,356604,25,2022,40,6,1,471,2016m9,1,312,1,1,8,1,400,1,2,4,,2024-04-17 20:11
3569,356901,25,2022,64,6,,,,,,,2,9,1,,,,3,,2024-04-17 20:11
3569,356902,25,2022,64,5,,,,,,,2,9,2,,,,3,,2024-04-17 20:11
8781,356903,25,2022,39,5,1,494,2022m2,1,922,1,2,8,1,290,2,3,5,,2024-04-17 20:11
9240,356904,25,2022,38,5,1,853,2019m1,1,312,1,2,8,1,150,1,2,3,,2024-04-17 20:11
3570,357002,25,2022,83,2,,,,,,,3,8,2,,,,4,,2024-04-17 20:11
3571,357101,25,2022,61,3,1,861,2021m7,1,861,1,2,8,1,180,2,3,4,,2024-04-17 20:11
3571,357102,25,2022,58,3,1,861,2018m7,1,441,1,2,8,2,210,1,2,4,,2024-04-17 20:11
3572,357201,25,2022,61,6,2,262,1996m6,4,864,2,2,8,1,300,,2,4,,2024-04-17 20:11
3572,357202,25,2022,56,3,3,262,1996m6,5,864,2,2,8,2,,,3,4,,2024-04-17 20:11
9916,357205,25,2022,30,6,1,841,2017m5,1,231,1,1,8,1,400,1,3,3,,2024-04-17 20:11
3575,357501,25,2022,65,3,1,492,2019m7,1,873,1,2,5,1,290,1,3,5,,2024-04-17 20:11
3575,357502,25,2022,66,3,1,841,2022m2,2,952,1,2,5,2,27,2,2,4,,2024-04-17 20:11
9241,357503,25,2022,36,6,1,203,2021m6,1,312,1,1,1,2,411,1,3,4,,2024-04-17 20:11
8118,357602,25,2022,70,1,1,742,2009m6,3,941,1,3,8,2,125,2,3,5,,2024-04-17 20:11
3576,357607,25,2022,19,4,,,,,,,1,8,2,,,,4,,2024-04-17 20:11
3577,357701,25,2022,75,3,,,,,,,2,8,1,,,,5,,2024-04-17 20:11
3577,357702,25,2022,72,2,2,221,2021m7,4,930,2,2,8,2,50,,2,5,,2024-04-17 20:11
6217,357703,25,2022,46,3,2,424,2013m2,4,782,2,2,8,1,350,,2,4,,2024-04-17 20:11
7867,357801,25,2022,53,3,2,423,2020m11,4,762,2,3,8,1,400,,2,5,,2024-04-17 20:11
3582,358201,25,2022,65,3,1,424,2009m3,3,743,1,2,8,1,400,2,2,3,,2024-04-17 20:11
3582,358202,25,2022,61,3,1,969,2018m8,2,421,1,2,8,2,180,2,2,4,,2024-04-17 20:11
8538,358203,25,2022,39,4,,,,,,,2,8,2,,,,3,,2024-04-17 20:11
3582,358204,25,2022,37,6,1,264,2017m7,1,864,1,1,8,1,350,1,2,4,,2024-04-17 20:11
3584,358402,25,2022,53,3,1,271,2019m1,1,854,1,2,8,2,200,2,3,5,,2024-04-17 20:11
3584,358403,25,2022,30,5,1,872,2017m1,2,247,1,1,8,2,220,2,2,5,,2024-04-17 20:11
3584,358405,25,2022,86,2,,,,,,,3,8,2,,,,5,,2024-04-17 20:11
3585,358501,25,2022,67,2,1,492,2009m9,3,875,1,2,8,1,150,2,3,5,,2024-04-17 20:11
3585,358502,25,2022,65,2,,,,,,,2,8,2,,,,5,,2024-04-17 20:11
5933,358503,25,2022,44,6,2,465,2016m2,4,863,2,2,8,2,150,,2,4,,2024-04-17 20:11
3586,358601,25,2022,55,6,1,872,1998m6,1,312,1,2,13,1,400,1,3,3,,2024-04-17 20:11
3586,358602,25,2022,48,5,1,872,1998m6,1,247,1,2,13,2,350,1,2,3,,2024-04-17 20:11
9830,358603,25,2022,27,5,1,741,2019m1,1,312,1,2,13,1,235,2,3,4,,2024-04-17 20:11
3586,358604,25,2022,25,5,,,,,,,1,13,2,,,,3,,2024-04-17 20:11
3587,358702,25,2022,56,3,2,961,2000m6,4,422,2,2,8,2,400,,2,5,,2024-04-17 20:11
3588,358801,25,2022,60,2,2,969,1989m12,4,722,2,2,8,1,200,,3,5,,2024-04-17 20:11
3588,358802,25,2022,59,2,1,682,2010m6,3,941,1,2,8,2,200,2,3,5,,2024-04-17 20:11
7714,358803,25,2022,36,4,1,961,2020m6,2,422,1,1,8,2,50,2,3,5,,2024-04-17 20:11
10168,358804,25,2022,30,3,1,151,2020m3,1,721,1,1,8,1,50,2,3,5,,2024-04-17 20:11
3589,358901,25,2022,57,4,1,844,1990m6,1,411,1,2,8,1,650,1,3,4,,2024-04-17 20:11
3589,358902,25,2022,49,3,,,,,,,2,8,2,,,,5,,2024-04-17 20:11
3589,358903,25,2022,24,6,1,582,2021m6,1,222,1,1,8,2,250,1,3,5,,2024-04-17 20:11
3589,358904,25,2022,21,4,,,,,,,1,8,1,,,,5,,2024-04-17 20:11
3590,359001,25,2022,78,2,1,872,2011m4,3,941,1,3,8,2,27,2,3,5,,2024-04-17 20:11
5038,359003,25,2022,47,3,,,,,,,2,9,2,,,,3,,2024-04-17 20:11
3593,359301,25,2022,67,6,,,,,,,2,8,1,,,,3,,2024-04-17 20:11
3593,359302,25,2022,66,3,,,,,,,2,8,2,,,,4,,2024-04-17 20:11
7481,359303,25,2022,41,5,1,649,2011m3,1,312,1,2,8,2,600,1,2,5,,2024-04-17 20:11
8373,359304,25,2022,40,6,1,620,2008m8,1,223,1,2,8,1,450,1,2,3,,2024-04-17 20:11
3594,359401,25,2022,63,6,2,681,2020m1,4,312,2,2,8,1,99,,3,4,,2024-04-17 20:11
9306,359403,25,2022,33,6,1,141,2015m9,1,422,1,2,1,1,500,1,2,4,,2024-04-17 20:11
3594,359405,25,2022,22,4,,,,,,,1,8,1,,,,4,,2024-04-17 20:11
3596,359601,25,2022,54,3,1,466,2019m10,1,312,1,2,8,1,270,1,4,4,,2024-04-17 20:11
3596,359602,25,2022,53,5,1,463,2022m1,1,710,1,2,8,2,270,1,2,4,,2024-04-17 20:11
3597,359701,25,2022,71,3,,,,,,,3,8,1,,,,6,,2024-04-17 20:11
7868,359702,25,2022,40,2,,,,,,,1,8,1,,,,6,,2024-04-17 20:11
3599,359902,25,2022,69,2,,,,,,,3,8,2,,,,3,,2024-04-17 20:11
10350,359903,25,2022,40,3,2,107,2012m4,4,710,2,1,8,2,100,,3,5,,2024-04-17 20:11
3600,360001,25,2022,73,2,2,492,1991m8,4,875,2,2,8,1,200,,3,5,,2024-04-17 20:11
3600,360002,25,2022,70,2,,,,,,,2,8,2,,,,5,,2024-04-17 20:11
6694,360003,25,2022,50,5,2,479,2008m4,4,521,2,2,8,1,500,,3,5,,2024-04-17 20:11
3601,360101,25,2022,88,6,,,,,,,2,8,1,,,,4,,2024-04-17 20:11
3601,360102,25,2022,85,4,,,,,,,2,8,2,,,,4,,2024-04-17 20:11
3602,360201,25,2022,83,6,,,,,,,2,8,1,,,,4,,2024-04-17 20:11
3602,360202,25,2022,81,3,,,,,,,2,8,2,,,,4,,2024-04-17 20:11
3603,360301,25,2022,80,6,,,,,,,2,8,1,,,,4,,2024-04-17 20:11
3603,360302,25,2022,80,6,,,,,,,2,8,2,,,,4,,2024-04-17 20:11
6053,360305,25,2022,48,3,2,759,2017m11,4,922,2,2,8,2,150,,3,5,,2024-04-17 20:11
3604,360401,25,2022,74,6,,,,,,,2,8,1,,,,5,,2024-04-17 20:11
3604,360402,25,2022,74,6,,,,,,,2,8,2,,,,4,,2024-04-17 20:11
3605,360501,25,2022,81,4,,,,,,,2,1,1,,,,4,,2024-04-17 20:11
3605,360502,25,2022,81,2,,,,,,,2,1,2,,,,4,,2024-04-17 20:11
5934,360503,25,2022,55,6,,,,,,,2,8,1,,,,5,,2024-04-17 20:11
6393,360504,25,2022,53,6,1,713,2006m11,1,312,1,2,8,1,450,1,3,3,,2024-04-17 20:11
6393,360506,25,2022,50,6,,,,,,,2,8,2,,,,3,,2024-04-17 20:11
3606,360601,25,2022,53,6,1,662,2001m8,1,272,1,2,1,1,1000,1,2,3,,2024-04-17 20:11
3606,360602,25,2022,54,6,,,,,,,2,1,2,,,,3,,2024-04-17 20:11
3606,360603,25,2022,25,6,,,,,,,1,1,2,,,,3,,2024-04-17 20:11
3606,360604,25,2022,22,4,1,562,2021m12,2,441,1,1,1,2,100,2,3,3,,2024-04-17 20:11
3607,360702,25,2022,63,4,,,,,,,3,8,2,,,,5,,2024-04-17 20:11
6857,360703,25,2022,41,6,1,591,2020m11,1,283,1,1,1,2,510,1,3,4,,2024-04-17 20:11
3609,360901,25,2022,55,5,2,465,2007m5,4,521,2,2,1,1,200,,3,4,,2024-04-17 20:11
3609,360902,25,2022,51,3,,,,,,,2,1,2,,,,4,,2024-04-17 20:11
3609,360903,25,2022,26,5,,,,,,,1,1,2,,,,4,,2024-04-17 20:11
3609,360904,25,2022,23,5,1,713,2021m12,1,392,1,1,1,2,180,1,3,4,,2024-04-17 20:11
3610,361001,25,2022,66,3,2,259,1988m5,4,799,2,3,8,1,450,,3,3,,2024-04-17 20:11
3610,361002,25,2022,32,6,1,872,2019m7,1,247,1,1,8,2,250,1,3,3,,2024-04-17 20:11
3610,361003,25,2022,29,5,,,,,,,1,8,1,,,,3,,2024-04-17 20:11
8120,361004,25,2022,90,2,,,,,,,3,8,2,,,,5,,2024-04-17 20:11
3611,361102,25,2022,72,3,,,,,,,3,8,2,,,,5,,2024-04-17 20:11
9763,361103,25,2022,52,1,,,,,,,1,8,1,,,,6,,2024-04-17 20:11
3613,361301,25,2022,78,3,,,,,,,2,8,1,,,,5,,2024-04-17 20:11
3613,361302,25,2022,76,3,,,,,,,2,8,2,,,,5,,2024-04-17 20:11
3615,361501,25,2022,63,5,,,,,,,2,8,2,,,,3,,2024-04-17 20:11
3615,361502,25,2022,70,6,,,,,,,2,8,1,,,,3,,2024-04-17 20:11
3615,361504,25,2022,34,6,2,479,2013m2,4,521,2,1,8,1,400,,3,3,,2024-04-17 20:11
3615,361505,25,2022,95,2,,,,,,,3,8,2,,,,3,,2024-04-17 20:11
3618,361801,25,2022,79,2,,,,,,,2,8,1,,,,3,,2024-04-17 20:11
3618,361802,25,2022,73,2,,,,,,,2,8,2,,,,3,,2024-04-17 20:11
5016,361803,25,2022,47,5,2,682,2018m5,4,274,2,2,8,2,300,,2,3,,2024-04-17 20:11
3619,361901,25,2022,61,3,,,,,,,2,5,1,,,,3,,2024-04-17 20:11
3619,361902,25,2022,61,3,,,,,,,2,5,2,,,,4,,2024-04-17 20:11
10003,361903,25,2022,32,6,2,856,2018m2,4,254,2,1,8,2,300,,2,4,,2024-04-17 20:11
3620,362002,25,2022,64,3,2,11,2019m4,4,611,2,3,9,2,10,,3,6,,2024-04-17 20:11
3623,362301,25,2022,75,2,,,,,,,1,8,1,,,,6,,2024-04-17 20:11
3624,362401,25,2022,61,2,1,467,2005m5,3,874,1,2,8,1,300,2,3,5,,2024-04-17 20:11
3624,362402,25,2022,59,2,,,,,,,2,8,2,,,,5,,2024-04-17 20:11
3624,362404,25,2022,31,5,1,561,2011m9,1,710,1,1,8,2,260,1,3,5,,2024-04-17 20:11
3626,362601,25,2022,62,3,2,681,2017m8,4,312,2,2,8,1,500,,3,4,,2024-04-17 20:11
3626,362602,25,2022,58,3,1,472,2019m2,1,521,1,2,8,2,195,2,3,5,,2024-04-17 20:11
3626,362604,25,2022,34,6,1,641,2016m9,1,320,1,1,8,1,240,2,3,4,,2024-04-17 20:11
3627,362701,25,2022,60,1,1,742,2002m2,1,941,1,2,8,1,340,1,2,5,,2024-04-17 20:11
3627,362702,25,2022,59,2,1,872,2009m8,1,247,1,2,8,2,240,1,2,4,,2024-04-17 20:11
3627,362703,25,2022,33,3,,,,,,,1,8,2,,,,5,,2024-04-17 20:11
3628,362801,25,2022,58,6,1,351,1987m7,1,312,1,2,8,1,710,1,3,4,,2024-04-17 20:11
3628,362802,25,2022,57,3,1,759,2008m4,1,531,1,2,8,2,200,2,3,4,,2024-04-17 20:11
7233,362902,25,2022,53,3,1,281,2016m11,1,863,1,2,11,1,396,1,3,4,,2024-04-17 20:11
3630,363001,25,2022,58,2,,,,,,,3,8,1,,,,6,,2024-04-17 20:11
6774,363002,25,2022,46,3,1,471,2020m9,2,941,1,2,12,2,92,2,2,4,,2024-04-17 20:11
3630,363003,25,2022,24,3,,,,,,,1,8,1,,,,6,,2024-04-17 20:11
3632,363202,25,2022,57,3,1,561,2019m1,1,442,1,3,8,2,195,1,3,5,,2024-04-17 20:11
3632,363203,25,2022,28,6,,,,,,,1,8,1,,,,5,,2024-04-17 20:11
3632,363204,25,2022,26,3,1,861,2022m1,1,783,1,1,8,1,190,2,3,5,,2024-04-17 20:11
3633,363302,25,2022,58,3,1,561,2021m12,1,441,1,2,8,2,195,2,3,5,,2024-04-17 20:11
3633,363303,25,2022,33,6,,,,,,,1,8,2,,,,4,,2024-04-17 20:11
3636,363601,25,2022,60,4,2,11,1985m3,4,612,2,2,8,1,500,,3,4,,2024-04-17 20:11
3636,363602,25,2022,55,3,3,11,1991m6,5,612,2,2,8,2,,,3,5,,2024-04-17 20:11
3636,363603,25,2022,31,5,3,11,2019m1,5,612,2,1,8,1,,,3,5,,2024-04-17 20:11
3636,363604,25,2022,29,3,,,,,,,1,8,1,,,,5,,2024-04-17 20:11
3636,363605,25,2022,25,4,,,,,,,1,8,2,,,,4,,2024-04-17 20:11
3638,363802,25,2022,60,2,1,426,2018m5,1,874,1,2,11,1,395,1,3,5,,2024-04-17 20:11
5470,363803,25,2022,50,2,2,467,2007m2,4,941,2,1,8,1,200,,2,5,,2024-04-17 20:11
5468,363804,25,2022,48,1,,,,,,,2,12,2,,,,6,,2024-04-17 20:11
5471,363805,25,2022,42,2,1,102,2021m9,1,710,1,1,8,1,197,1,3,5,,2024-04-17 20:11
3638,363807,25,2022,48,3,,,,,,,2,11,2,,,,5,,2024-04-17 20:11
3640,364001,25,2022,68,2,2,131,1985m7,4,821,2,2,8,1,300,,3,4,,2024-04-17 20:11
3640,364002,25,2022,66,2,,,,,,,2,8,2,,,,4,,2024-04-17 20:11
3640,364003,25,2022,46,6,1,131,2017m1,1,821,1,3,8,1,195,1,3,5,,2024-04-17 20:11
3640,364004,25,2022,43,5,1,682,2018m6,1,313,1,1,8,2,200,2,3,5,,2024-04-17 20:11
3641,364102,25,2022,62,2,,,,,,,2,13,2,,,,5,,2024-04-17 20:11
8472,364103,25,2022,38,5,1,465,2007m10,1,510,1,2,1,1,300,1,3,6,,2024-04-17 20:11
9413,364104,25,2022,37,5,1,272,2011m6,1,312,1,1,1,1,290,1,3,5,,2024-04-17 20:11
3643,364301,25,2022,65,6,2,911,2020m1,4,432,2,3,1,1,150,,3,4,,2024-04-17 20:11
10004,364302,25,2022,35,4,1,911,2020m7,1,942,1,2,8,1,200,1,3,4,,2024-04-17 20:11
10005,364303,25,2022,30,6,1,911,2019m11,1,522,1,2,8,1,200,1,3,3,,2024-04-17 20:11
3645,364501,25,2022,53,2,1,861,1997m3,1,312,1,2,1,1,510,1,2,3,,2024-04-17 20:11
5742,364503,25,2022,54,3,,,,,,,2,8,2,,,,4,,2024-04-17 20:11
5469,364504,25,2022,47,3,,,,,,,1,1,1,,,,5,,2024-04-17 20:11
3645,364505,25,2022,48,3,,,,,,,2,1,2,,,,4,,2024-04-17 20:11
3645,364506,25,2022,21,4,,,,,,,1,1,2,,,,4,,2024-04-17 20:11
3645,364507,25,2022,19,4,,,,,,,1,1,1,,,,4,,2024-04-17 20:11
3646,364601,25,2022,81,2,,,,,,,3,8,2,,,,4,,2024-04-17 20:11
3647,364702,25,2022,69,3,,,,,,,3,8,2,,,,5,,2024-04-17 20:11
3648,364801,25,2022,76,2,2,11,2017m9,4,611,2,2,8,1,30,,2,5,,2024-04-17 20:11
3648,364803,25,2022,70,1,3,11,2017m9,5,611,2,2,8,2,,,2,5,,2024-04-17 20:11
9920,364804,25,2022,42,4,1,422,2022m5,1,792,1,1,8,1,580,1,3,5,,2024-04-17 20:11
3650,365001,25,2022,84,1,,,,,,,3,8,2,,,,5,,2024-04-17 20:11
3651,365101,25,2022,89,3,,,,,,,2,8,1,,,,3,,2024-04-17 20:11
3651,365103,25,2022,55,1,,,,,,,1,8,1,,,,5,,2024-04-17 20:11
3652,365201,25,2022,66,2,2,233,2004m6,4,875,2,2,8,1,450,,2,4,,2024-04-17 20:11
5421,365202,25,2022,61,3,1,311,2021m6,3,781,1,2,13,2,240,2,3,5,,2024-04-17 20:11
7484,365203,25,2022,37,6,1,582,2017m4,1,312,1,1,1,2,270,1,2,5,,2024-04-17 20:11
10351,365204,25,2022,34,5,2,561,2021m4,4,441,2,1,1,1,600,,2,5,,2024-04-17 20:11
3652,365205,25,2022,64,3,1,969,2021m11,2,421,1,2,8,2,98,2,2,4,,2024-04-17 20:11
3653,365301,25,2022,58,3,1,259,1988m10,1,851,1,2,8,1,790,1,2,4,,2024-04-17 20:11
9765,365303,25,2022,33,4,,,,,,,2,8,2,,,,4,,2024-04-17 20:11
3654,365401,25,2022,61,3,1,521,2007m6,1,312,1,2,8,1,290,1,3,4,,2024-04-17 20:11
3654,365402,25,2022,61,3,,,,,,,2,8,2,,,,4,,2024-04-17 20:11
8686,365403,25,2022,39,6,,,,,,,2,8,2,,,,4,,2024-04-17 20:11
3658,365803,25,2022,61,3,1,561,2022m1,1,442,1,3,8,1,700,1,2,3,,2024-04-17 20:11
5935,365805,25,2022,49,6,2,464,2019m2,4,521,2,2,1,1,800,,3,3,,2024-04-17 20:11
3658,365807,25,2022,26,3,1,521,2015m8,2,921,1,1,8,2,255,2,2,3,,2024-04-17 20:11
3658,365808,25,2022,61,3,2,464,2020m5,4,312,2,2,8,2,500,,2,3,,2024-04-17 20:11
3659,365901,25,2022,61,5,1,682,2017m2,1,783,1,2,8,1,380,2,2,4,,2024-04-17 20:11
3659,365902,25,2022,61,3,,,,,,,2,8,2,,,,4,,2024-04-17 20:11
3659,365903,25,2022,35,5,1,742,2022m1,1,312,1,1,8,1,340,1,3,4,,2024-04-17 20:11
9131,365904,25,2022,33,6,2,911,2021m1,4,432,2,2,8,1,700,,2,4,,2024-04-17 20:11
3660,366002,25,2022,71,2,,,,,,,3,9,2,,,,4,,2024-04-17 20:11
5036,366003,25,2022,50,3,2,479,2017m1,4,532,2,3,8,2,150,,2,5,,2024-04-17 20:11
5269,366004,25,2022,48,3,2,479,2014m10,4,532,2,2,1,2,250,,2,4,,2024-04-17 20:11
9414,366007,25,2022,41,4,1,261,2006m3,1,863,1,2,8,1,390,1,3,4,,2024-04-17 20:11
3661,366102,25,2022,72,2,,,,,,,3,8,2,,,,5,,2024-04-17 20:11
3661,366103,25,2022,43,2,1,411,2022m4,3,910,1,1,8,1,260,2,3,5,,2024-04-17 20:11
3666,366601,25,2022,70,2,,,,,,,3,8,2,,,,5,,2024-04-17 20:11
6292,366602,25,2022,44,2,2,952,2016m7,4,751,2,3,8,1,400,,2,4,,2024-04-17 20:11
6299,366603,25,2022,48,3,1,751,2017m9,1,236,1,2,8,2,215,1,3,4,,2024-04-17 20:11
3667,366701,25,2022,56,3,2,492,2013m2,4,875,2,3,8,1,250,,3,5,,2024-04-17 20:11
9922,366705,25,2022,22,3,1,741,2018m11,1,783,1,1,1,1,315,1,3,5,,2024-04-17 20:11
10006,366803,25,2022,27,6,2,961,2021m9,4,422,2,1,4,2,200,,2,4,,2024-04-17 20:11
7717,367104,25,2022,47,3,,,,,,,2,8,2,,,,3,,2024-04-17 20:11
8121,367105,25,2022,46,3,1,471,2018m6,2,953,1,2,8,2,88,2,3,4,,2024-04-17 20:11
3672,367203,25,2022,54,3,1,303,2015m6,2,874,1,3,8,1,250,2,3,5,,2024-04-17 20:11
5594,367206,25,2022,51,6,1,476,2012m3,1,312,1,2,8,2,300,1,3,3,,2024-04-17 20:11
3673,367301,25,2022,55,3,2,620,2008m10,4,223,2,3,11,1,350,,3,5,,2024-04-17 20:11
9573,367303,25,2022,28,5,1,551,2020m9,1,441,1,1,5,1,237,1,3,4,,2024-04-17 20:11
3673,367304,25,2022,25,6,,,,,,,1,11,2,,,,4,,2024-04-17 20:11
3673,367305,25,2022,81,1,2,11,1999m3,4,611,2,2,11,1,30,,3,5,,2024-04-17 20:11
3673,367306,25,2022,76,1,1,872,2020m3,3,941,1,2,11,2,27,2,2,4,,2024-04-17 20:11
3676,367601,25,2022,61,3,1,301,1989m6,1,854,1,2,8,1,300,1,3,3,,2024-04-17 20:11
3676,367602,25,2022,59,3,,,,,,,2,8,2,,,,4,,2024-04-17 20:11
3677,367701,25,2022,56,3,1,301,1989m8,1,854,1,2,8,1,600,1,2,4,,2024-04-17 20:11
3677,367702,25,2022,53,3,1,861,2017m6,1,243,1,2,8,2,250,2,3,4,,2024-04-17 20:11
7159,367802,25,2022,55,3,2,479,2020m7,4,531,2,3,8,2,300,,3,5,,2024-04-17 20:11
3679,367901,25,2022,77,2,2,11,1971m1,4,611,2,2,8,1,100,,3,3,,2024-04-17 20:11
7073,367903,25,2022,43,6,1,412,2018m5,1,231,1,1,8,1,400,1,3,4,,2024-04-17 20:11
3680,368002,25,2022,69,2,,,,,,,2,8,2,,,,4,,2024-04-17 20:11
6830,368003,25,2022,47,5,1,204,2001m10,1,312,1,2,10,1,550,1,3,3,,2024-04-17 20:11
5422,368103,25,2022,44,3,1,952,2018m9,1,313,1,2,8,2,220,2,3,4,,2024-04-17 20:11
7165,368104,25,2022,42,3,2,465,2011m1,4,521,2,2,8,1,1200,,2,3,,2024-04-17 20:11
3682,368203,25,2022,74,2,2,11,2019m2,4,611,2,3,8,1,100,,3,4,,2024-04-17 20:11
3683,368301,25,2022,74,2,2,11,1970m10,4,611,2,2,8,1,100,,4,4,,2024-04-17 20:11
3683,368302,25,2022,65,2,,,,,,,2,8,2,,,,3,,2024-04-17 20:11
3684,368402,25,2022,78,1,2,12,2009m6,4,613,2,3,8,2,80,,3,5,,2024-04-17 20:11
3687,368701,25,2022,64,6,,,,,,,2,8,1,,,,4,,2024-04-17 20:11
3687,368702,25,2022,60,3,,,,,,,2,8,2,,,,5,,2024-04-17 20:11
3688,368804,25,2022,70,2,,,,,,,3,8,2,,,,5,,2024-04-17 20:11
3688,368805,25,2022,45,3,1,872,2017m3,1,247,1,1,8,2,200,1,3,5,,2024-04-17 20:11
3688,368806,25,2022,47,3,,,,,,,1,8,1,,,,5,,2024-04-17 20:11
3689,368901,25,2022,70,2,,,,,,,2,8,1,,,,5,,2024-04-17 20:11
3689,368902,25,2022,65,2,,,,,,,2,8,2,,,,5,,2024-04-17 20:11
6411,368903,25,2022,44,5,1,262,2004m2,1,312,1,2,8,1,480,1,3,4,,2024-04-17 20:11
3689,368907,25,2022,39,5,1,612,2010m9,1,772,1,1,8,1,245,1,3,5,,2024-04-17 20:11
3690,369001,25,2022,60,2,1,421,2008m5,3,782,1,2,8,1,200,1,3,5,,2024-04-17 20:11
3690,369002,25,2022,57,2,,,,,,,2,8,2,,,,5,,2024-04-17 20:11
8885,369003,25,2022,34,5,1,872,2014m10,1,247,1,2,8,2,275,1,3,5,,2024-04-17 20:11
3691,369102,25,2022,62,2,1,383,2013m9,1,771,1,3,8,1,225,1,3,5,,2024-04-17 20:11
7721,369301,25,2022,68,2,,,,,,,2,8,1,,,,4,,2024-04-17 20:11
7721,369302,25,2022,62,1,,,,,,,2,8,2,,,,4,,2024-04-17 20:11
8263,369303,25,2022,40,5,1,872,2020m3,1,247,1,2,8,2,93,2,3,3,,2024-04-17 20:11
7721,369305,25,2022,36,5,1,911,2014m5,1,392,1,3,8,2,200,2,3,4,,2024-04-17 20:11
8539,369306,25,2022,34,5,1,759,2022m2,1,312,1,1,8,1,270,1,2,5,,2024-04-17 20:11
3694,369401,25,2022,67,3,2,551,2019m5,4,432,2,2,9,1,75,,3,3,,2024-04-17 20:11
3694,369402,25,2022,64,3,,,,,,,2,9,2,,,,3,,2024-04-17 20:11
6020,369403,25,2022,44,6,3,222,2014m7,5,313,2,2,8,2,,,3,5,,2024-04-17 20:11
9132,369404,25,2022,42,5,2,479,2020m3,4,531,2,2,8,2,200,,3,5,,2024-04-17 20:11
9574,369405,25,2022,33,6,1,651,2016m7,1,320,1,2,1,1,390,1,3,5,,2024-04-17 20:11
3695,369501,25,2022,78,2,2,11,2005m3,4,611,2,2,8,1,50,,3,5,,2024-04-17 20:11
3695,369502,25,2022,71,2,3,11,2005m3,5,611,2,2,8,2,,,3,5,,2024-04-17 20:11
5779,369503,25,2022,47,3,1,641,1995m4,1,320,1,2,8,2,700,1,2,4,,2024-04-17 20:11
6865,369504,25,2022,45,6,1,721,2012m10,1,231,1,2,8,1,500,1,2,4,,2024-04-17 20:11
7137,369505,25,2022,41,3,1,641,2002m5,1,312,1,2,8,2,920,1,2,4,,2024-04-17 20:11
3697,369701,25,2022,69,3,1,872,2021m3,2,941,1,2,8,1,195,2,3,5,,2024-04-17 20:11
3697,369702,25,2022,65,2,,,,,,,2,8,2,,,,5,,2024-04-17 20:11
3698,369801,25,2022,61,6,2,473,1988m5,4,521,2,2,8,1,300,,3,5,,2024-04-17 20:11
3698,369802,25,2022,61,3,3,475,1988m5,5,521,2,2,8,2,,,3,5,,2024-04-17 20:11
10261,369804,25,2022,35,5,,,,,,,2,8,2,,,,5,,2024-04-17 20:11
3698,369805,25,2022,31,6,,,,,,,1,8,2,,,,5,,2024-04-17 20:11
3698,369806,25,2022,28,4,1,521,2017m3,2,921,1,1,8,1,190,2,3,5,,2024-04-17 20:11
3699,369901,25,2022,68,3,,,,,,,2,8,1,,,,4,,2024-04-17 20:11
3699,369902,25,2022,64,3,,,,,,,2,8,2,,,,4,,2024-04-17 20:11
3699,369904,25,2022,35,6,,,,,,,1,8,1,,,,4,,2024-04-17 20:11
3700,370001,25,2022,70,6,2,961,1979m11,4,422,2,2,8,1,300,,3,4,,2024-04-17 20:11
3700,370002,25,2022,68,2,,,,,,,2,8,2,,,,4,,2024-04-17 20:11
8374,370004,25,2022,42,3,1,961,2012m6,1,422,1,2,8,1,295,1,3,5,,2024-04-17 20:11
7990,370005,25,2022,43,3,1,463,2018m3,1,922,1,2,8,1,250,1,3,5,,2024-04-17 20:11
3701,370102,25,2022,64,2,3,561,2002m5,5,521,2,2,8,2,,,3,5,,2024-04-17 20:11
3702,370201,25,2022,54,3,2,715,2018m1,4,237,2,3,8,1,,,3,5,,2024-04-17 20:11
3703,370301,25,2022,81,2,,,,,,,3,8,2,,,,5,,2024-04-17 20:11
3703,370302,25,2022,56,3,2,951,2002m11,4,771,2,2,8,1,200,,3,4,,2024-04-17 20:11
3703,370303,25,2022,58,3,1,478,2009m1,1,521,1,2,8,2,190,2,3,5,,2024-04-17 20:11
3703,370304,25,2022,32,5,1,861,2012m5,1,243,1,1,8,2,300,1,2,4,,2024-04-17 20:11
3703,370305,25,2022,30,5,,,,,,,1,8,1,,,,5,,2024-04-17 20:11
3704,370401,25,2022,83,2,,,,,,,2,8,1,,,,5,,2024-04-17 20:11
3704,370402,25,2022,73,2,,,,,,,2,8,2,,,,5,,2024-04-17 20:11
3705,370501,25,2022,63,5,,,,,,,2,8,1,,,,4,,2024-04-17 20:11
3705,370502,25,2022,61,3,,,,,,,2,8,2,,,,4,,2024-04-17 20:11
3706,370601,25,2022,78,1,,,,,,,2,8,1,,,,5,,2024-04-17 20:11
3706,370602,25,2022,78,1,,,,,,,2,8,2,,,,5,,2024-04-17 20:11
3706,370604,25,2022,50,3,,,,,,,1,8,1,,,,5,,2024-04-17 20:11
3707,370701,25,2022,60,2,1,320,2004m7,1,730,1,2,8,1,300,1,3,5,,2024-04-17 20:11
3707,370702,25,2022,56,3,1,320,2015m10,1,721,1,2,8,2,190,2,3,5,,2024-04-17 20:11
9245,370703,25,2022,32,4,2,493,2020m1,4,873,2,2,8,1,300,,3,5,,2024-04-17 20:11
3707,370704,25,2022,31,3,1,264,2013m9,1,312,1,1,8,2,200,1,3,5,,2024-04-17 20:11
3707,370706,25,2022,24,4,,,,,,,1,8,2,,,,5,,2024-04-17 20:11
3709,370901,25,2022,70,2,,,,,,,3,8,2,,,,3,,2024-04-17 20:11
7375,370902,25,2022,45,6,1,551,2010m12,1,312,1,2,8,1,500,1,2,3,,2024-04-17 20:11
3710,371001,25,2022,77,6,,,,,,,2,8,1,,,,3,,2024-04-17 20:11
3710,371002,25,2022,74,6,,,,,,,2,8,2,,,,3,,2024-04-17 20:11
3711,371102,25,2022,85,2,,,,,,,3,8,2,,,,3,,2024-04-17 20:11
6033,371104,25,2022,49,5,1,682,2011m3,1,942,1,2,8,1,400,1,2,3,,2024-04-17 20:11
3712,371201,25,2022,78,2,,,,,,,2,8,1,,,,4,,2024-04-17 20:11
3712,371202,25,2022,75,2,,,,,,,2,8,2,,,,4,,2024-04-17 20:11
3713,371302,25,2022,77,1,,,,,,,3,8,2,,,,3,,2024-04-17 20:11
5032,371304,25,2022,50,6,1,701,2021m9,1,312,1,2,8,2,280,1,2,4,,2024-04-17 20:11
5423,371305,25,2022,47,3,1,844,1998m11,1,411,1,2,8,1,570,1,2,5,,2024-04-17 20:11
3714,371403,25,2022,73,2,,,,,,,3,8,2,,,,3,,2024-04-17 20:11
3715,371502,25,2022,78,2,,,,,,,3,8,2,,,,4,,2024-04-17 20:11
3716,371601,25,2022,55,6,1,949,1998m1,1,248,1,2,8,1,350,1,2,5,,2024-04-17 20:11
3716,371602,25,2022,55,6,,,,,,,2,8,2,,,,5,,2024-04-17 20:11
3716,371603,25,2022,24,4,,,,,,,1,8,1,,,,5,,2024-04-17 20:11
3716,371604,25,2022,24,4,,,,,,,1,8,1,,,,5,,2024-04-17 20:11
3716,371605,25,2022,23,6,,,,,,,1,8,2,,,,5,,2024-04-17 20:11
3718,371801,25,2022,63,2,1,424,2009m10,3,782,1,2,8,1,210,2,2,3,,2024-04-17 20:11
3718,371802,25,2022,60,3,1,561,2021m6,1,442,1,2,8,2,280,1,2,3,,2024-04-17 20:11
9133,371803,25,2022,36,6,1,711,2019m4,1,330,1,2,8,2,240,2,2,4,,2024-04-17 20:11
9655,371804,25,2022,32,6,1,741,2021m3,1,313,1,2,8,2,270,1,2,4,,2024-04-17 20:11
3718,371805,25,2022,30,3,1,463,2019m1,1,873,1,1,8,1,300,1,2,3,,2024-04-17 20:11
3719,371901,25,2022,70,2,2,411,1990m4,4,782,2,2,8,1,200,,2,3,,2024-04-17 20:11
3719,371902,25,2022,67,2,,,,,,,2,8,2,,,,3,,2024-04-17 20:11
3721,372101,25,2022,57,6,2,493,2022m1,4,873,2,2,8,1,100,,3,4,,2024-04-17 20:11
3721,372102,25,2022,50,3,,,,,,,2,8,2,,,,4,,2024-04-17 20:11
3721,372103,25,2022,23,6,1,521,2021m5,1,312,1,1,8,2,245,1,3,4,,2024-04-17 20:11
3721,372104,25,2022,21,4,,,,,,,1,8,1,,,,4,,2024-04-17 20:11
3723,372302,25,2022,90,1,,,,,,,3,8,2,,,,3,,2024-04-17 20:11
3723,372304,25,2022,56,3,1,729,1985m5,1,312,1,2,8,2,710,1,2,3,,2024-04-17 20:11
3724,372401,25,2022,59,6,,,,,,,2,8,1,,,,3,,2024-04-17 20:11
3724,372402,25,2022,53,4,,,,,,,2,8,2,,,,3,,2024-04-17 20:11
3725,372501,25,2022,62,6,1,861,2021m6,1,245,1,2,8,1,320,1,3,4,,2024-04-17 20:11
3725,372502,25,2022,60,5,1,141,2013m3,1,399,1,2,8,2,190,1,3,4,,2024-04-17 20:11
3726,372601,25,2022,60,6,,,,,,,2,8,1,,,,3,,2024-04-17 20:11
3726,372602,25,2022,60,6,1,471,2013m10,1,521,1,2,8,2,260,1,2,3,,2024-04-17 20:11
3726,372604,25,2022,30,4,1,753,2019m1,1,942,1,1,8,1,200,1,3,4,,2024-04-17 20:11
3727,372702,25,2022,78,2,,,,,,,3,8,2,,,,5,,2024-04-17 20:11
6777,372703,25,2022,43,5,1,872,2017m9,1,247,1,2,8,2,200,2,3,4,,2024-04-17 20:11
3729,372901,25,2022,73,2,2,11,1996m8,4,611,2,2,8,1,200,,2,3,,2024-04-17 20:11
3729,372902,25,2022,64,2,3,11,1996m8,5,611,2,2,8,2,,,2,3,,2024-04-17 20:11
3729,372903,25,2022,43,2,,,,,,,2,8,1,,,,3,,2024-04-17 20:11
3730,373001,25,2022,63,4,2,682,2018m11,4,274,2,3,8,1,500,,2,3,,2024-04-17 20:11
5990,373002,25,2022,61,5,1,452,2019m6,3,521,1,3,8,2,105,2,3,3,,2024-04-17 20:11
5990,373004,25,2022,37,6,1,861,2011m2,2,211,1,1,8,2,330,2,2,3,,2024-04-17 20:11
3733,373302,25,2022,79,2,,,,,,,3,8,2,,,,5,,2024-04-17 20:11
5559,373304,25,2022,41,3,1,271,2016m5,1,441,1,3,8,2,205,1,2,6,,2024-04-17 20:11
5559,373305,25,2022,22,4,,,,,,,1,8,1,,,,5,,2024-04-17 20:11
3735,373501,25,2022,75,2,2,11,1975m9,4,611,2,2,8,1,100,,3,4,,2024-04-17 20:11
7870,373503,25,2022,42,6,2,12,2014m6,4,613,2,2,8,1,1000,,2,3,,2024-04-17 20:11
3736,373601,25,2022,74,2,3,11,2008m9,5,611,2,2,8,2,,,3,4,,2024-04-17 20:11
5560,373603,25,2022,46,6,2,711,2011m6,4,261,2,2,8,2,1200,,2,2,,2024-04-17 20:11
5936,373604,25,2022,49,6,1,852,1999m3,1,252,1,2,8,2,590,1,2,3,,2024-04-17 20:11
7725,373605,25,2022,48,6,2,11,2010m5,4,611,2,2,8,1,48,,3,3,,2024-04-17 20:11
3736,373606,25,2022,76,2,2,11,1969m6,4,611,2,2,8,1,400,,3,5,,2024-04-17 20:11
3737,373701,25,2022,91,2,,,,,,,2,8,1,,,,5,,2024-04-17 20:11
3737,373702,25,2022,84,2,,,,,,,2,8,2,,,,5,,2024-04-17 20:11
5556,373703,25,2022,49,3,,,,,,,2,8,2,,,,4,,2024-04-17 20:11
3738,373801,25,2022,82,2,2,11,2010m9,4,611,2,3,8,2,50,,3,4,,2024-04-17 20:11
8122,373802,25,2022,46,6,1,855,2018m10,1,254,1,1,8,2,450,2,3,4,,2024-04-17 20:11
5218,373803,25,2022,31,4,,,,,,,1,8,1,,,,4,,2024-04-17 20:11
10007,373804,25,2022,37,3,1,132,2019m7,1,510,1,2,8,1,320,1,3,5,,2024-04-17 20:11
3746,374602,25,2022,61,3,1,471,2014m7,1,521,1,2,8,2,180,2,4,4,,2024-04-17 20:11
9307,374603,25,2022,36,5,,,,,,,2,10,2,,,,4,,2024-04-17 20:11
3746,374604,25,2022,31,6,1,639,2021m1,1,283,1,1,8,1,400,1,3,3,,2024-04-17 20:11
3747,374701,25,2022,70,3,2,11,1973m6,4,611,2,2,8,1,100,,4,5,,2024-04-17 20:11
3747,374702,25,2022,66,2,3,11,2015m3,5,611,2,2,8,2,,,4,5,,2024-04-17 20:11
8264,374703,25,2022,40,6,1,701,2010m4,1,235,1,2,8,1,446,1,2,4,,2024-04-17 20:11
8124,374704,25,2022,38,6,1,463,2018m8,1,313,1,2,8,2,219,1,2,4,,2024-04-17 20:11
3748,374801,25,2022,51,3,2,475,2020m11,4,521,2,2,8,1,600,,2,4,,2024-04-17 20:11
3748,374802,25,2022,49,3,1,852,2011m12,1,441,1,2,8,2,225,1,3,4,,2024-04-17 20:11
3748,374803,25,2022,26,5,1,494,2020m9,1,312,1,1,8,1,340,1,3,4,,2024-04-17 20:11
3748,374804,25,2022,19,3,,,,,,,1,8,1,,,,5,,2024-04-17 20:11
3749,374901,25,2022,89,2,,,,,,,2,8,1,,,,5,,2024-04-17 20:11
3749,374902,25,2022,83,2,,,,,,,2,8,2,,,,5,,2024-04-17 20:11
3750,375001,25,2022,74,2,2,11,2011m10,4,611,2,2,8,1,100,,3,4,,2024-04-17 20:11
3750,375002,25,2022,72,2,3,11,2011m10,5,611,2,2,8,2,,,3,5,,2024-04-17 20:11
3752,375201,25,2022,59,3,1,222,2021m7,1,832,1,3,10,1,500,1,2,4,,2024-04-17 20:11
3752,375202,25,2022,51,2,1,561,2016m1,3,952,1,3,10,2,240,2,3,5,,2024-04-17 20:11
9308,375204,25,2022,30,3,1,259,2018m12,1,930,1,1,8,1,410,1,3,4,,2024-04-17 20:11
3752,375205,25,2022,21,4,,,,,,,1,10,2,,,,4,,2024-04-17 20:11
3753,375301,25,2022,61,3,2,475,2009m3,4,521,2,2,9,1,300,,2,3,,2024-04-17 20:11
3753,375302,25,2022,59,3,,,,,,,2,9,2,,,,4,,2024-04-17 20:11
3753,375303,25,2022,32,6,1,741,2021m3,2,441,1,1,9,1,250,2,2,3,,2024-04-17 20:11
3753,375304,25,2022,29,6,1,151,2021m6,1,285,1,1,9,2,350,1,2,3,,2024-04-17 20:11
3754,375401,25,2022,58,3,2,424,2012m1,4,782,2,2,9,1,400,,2,3,,2024-04-17 20:11
3754,375402,25,2022,49,2,,,,,,,2,9,2,,,,3,,2024-04-17 20:11
8265,375403,25,2022,31,3,,,,,,,1,9,2,,,,4,,2024-04-17 20:11
5937,375703,25,2022,46,5,1,465,2000m9,1,274,1,2,1,1,550,1,3,3,,2024-04-17 20:11
3758,375802,25,2022,64,2,,,,,,,3,15,2,,,,6,,2024-04-17 20:11
9309,375804,25,2022,42,6,1,421,2021m9,1,312,1,1,15,2,293,1,3,5,,2024-04-17 20:11
8783,375805,25,2022,40,6,1,841,2020m10,1,311,1,1,9,2,200,1,2,5,,2024-04-17 20:11
3760,376001,25,2022,62,2,,,,,,,2,9,2,,,,4,,2024-04-17 20:11
3760,376004,25,2022,68,5,,,,,,,2,9,1,,,,4,,2024-04-17 20:11
3762,376201,25,2022,80,2,1,841,2019m4,3,941,1,2,9,1,27,2,2,4,,2024-04-17 20:11
3762,376202,25,2022,78,2,,,,,,,2,9,2,,,,4,,2024-04-17 20:11
5650,376203,25,2022,48,6,1,851,2019m3,2,252,1,2,8,2,250,2,2,3,,2024-04-17 20:11
3763,376303,25,2022,63,6,1,721,2015m2,2,231,1,2,9,1,240,2,3,4,,2024-04-17 20:11
3763,376304,25,2022,58,6,1,759,2012m8,1,399,1,2,9,2,80,1,3,4,,2024-04-17 20:11
3763,376305,25,2022,35,6,1,465,2021m6,1,312,1,1,9,1,580,1,2,3,,2024-04-17 20:11
3763,376306,25,2022,32,3,,,,,,,1,9,1,,,,4,,2024-04-17 20:11
3766,376601,25,2022,64,6,1,853,1988m9,1,251,1,2,1,1,400,1,2,4,,2024-04-17 20:11
3766,376602,25,2022,63,6,1,872,2020m1,2,421,1,2,1,2,110,2,2,4,,2024-04-17 20:11
8949,376603,25,2022,37,6,,,,,,,2,1,2,,,,4,,2024-04-17 20:11
3768,376801,25,2022,80,3,,,,,,,2,9,1,,,,4,,2024-04-17 20:11
3768,376802,25,2022,70,3,,,,,,,2,9,2,,,,4,,2024-04-17 20:11
7727,376803,25,2022,44,6,2,479,2022m4,4,531,2,1,1,1,100,,3,5,,2024-04-17 20:11
3771,377101,25,2022,91,2,,,,,,,3,9,1,,,,4,,2024-04-17 20:11
3774,377401,25,2022,82,2,,,,,,,2,9,1,,,,5,,2024-04-17 20:11
3774,377402,25,2022,83,1,1,841,2017m3,3,941,1,2,9,2,27,2,3,4,,2024-04-17 20:11
6530,377403,25,2022,42,4,1,759,2010m10,1,399,1,2,9,2,215,2,2,4,,2024-04-17 20:11
8784,377404,25,2022,50,3,1,841,2007m8,1,412,1,3,9,1,200,2,2,4,,2024-04-17 20:11
3776,377602,25,2022,77,1,,,,,,,3,9,2,,,,5,,2024-04-17 20:11
5424,377603,25,2022,46,3,1,713,2010m9,1,273,1,2,8,1,330,1,3,3,,2024-04-17 20:11
3777,377702,25,2022,65,2,1,682,2020m12,2,941,1,3,9,2,130,2,2,3,,2024-04-17 20:11
3778,377801,25,2022,85,2,1,841,2018m3,3,941,1,2,9,1,27,2,2,4,,2024-04-17 20:11
3778,377802,25,2022,82,2,,,,,,,2,9,2,,,,4,,2024-04-17 20:11
3779,377902,25,2022,73,1,1,841,2022m3,3,941,1,3,9,2,27,2,3,5,,2024-04-17 20:11
5274,378004,25,2022,52,6,1,641,1997m1,1,312,1,2,8,1,650,1,2,5,,2024-04-17 20:11
7226,378202,25,2022,59,3,1,103,2022m5,1,710,1,3,9,2,270,1,3,4,,2024-04-17 20:11
7226,378203,25,2022,29,6,1,842,2022m6,2,783,1,1,9,1,300,2,2,4,,2024-04-17 20:11
3784,378402,25,2022,69,3,,,,,,,2,9,1,,,,4,,2024-04-17 20:11
3784,378403,25,2022,68,2,,,,,,,2,9,2,,,,4,,2024-04-17 20:11
6688,378404,25,2022,46,6,1,423,2022m2,1,772,1,2,9,1,370,1,2,3,,2024-04-17 20:11
8540,378405,25,2022,42,4,1,612,2005m11,1,312,1,2,9,2,200,1,2,3,,2024-04-17 20:11
3785,378502,25,2022,60,3,2,952,2021m11,4,313,2,3,9,2,200,,3,4,,2024-04-17 20:11
3785,378503,25,2022,31,6,1,952,2019m1,2,941,1,1,9,1,100,2,3,4,,2024-04-17 20:11
3785,378504,25,2022,28,4,1,212,2020m3,1,899,1,1,9,1,200,1,2,4,,2024-04-17 20:11
3786,378602,25,2022,61,3,1,71,2019m7,1,875,1,2,9,1,340,1,2,3,,2024-04-17 20:11
3786,378603,25,2022,48,3,,,,,,,2,9,2,,,,4,,2024-04-17 20:11
3786,378604,25,2022,26,6,1,853,2022m8,1,312,1,1,9,2,200,1,2,3,,2024-04-17 20:11
7203,378605,25,2022,58,5,1,410,2016m7,3,910,1,2,9,1,200,2,3,4,,2024-04-17 20:11
3786,378606,25,2022,24,6,1,562,2021m12,3,441,1,1,9,2,100,2,3,4,,2024-04-17 20:11
3786,378607,25,2022,22,5,1,471,2021m11,3,521,1,1,9,2,100,2,2,3,,2024-04-17 20:11
3787,378702,25,2022,75,5,,,,,,,2,9,1,,,,3,,2024-04-17 20:11
3787,378703,25,2022,71,3,,,,,,,2,9,2,,,,3,,2024-04-17 20:11
7192,378704,25,2022,45,6,1,721,2014m1,1,231,1,2,9,1,370,1,2,3,,2024-04-17 20:11
8266,378706,25,2022,41,6,1,851,2022m3,1,253,1,2,9,2,2400,1,2,3,,2024-04-17 20:11
3788,378802,25,2022,66,3,2,423,1991m6,4,312,2,2,9,1,300,,2,4,,2024-04-17 20:11
3788,378803,25,2022,61,3,3,423,1991m2,5,313,2,2,9,2,,,2,4,,2024-04-17 20:11
3789,378902,25,2022,71,2,2,107,1995m4,4,710,2,3,9,2,100,,3,4,,2024-04-17 20:11
7191,378904,25,2022,44,6,1,261,2010m10,1,235,1,2,8,1,480,1,3,4,,2024-04-17 20:11
3790,379002,25,2022,41,3,1,562,2022m9,3,441,1,1,9,2,50,2,3,5,,2024-04-17 20:11
3791,379101,25,2022,45,5,1,463,1999m5,1,521,1,2,9,2,300,1,2,3,,2024-04-17 20:11
7188,379102,25,2022,42,3,,,,,,,2,1,2,,,,4,,2024-04-17 20:11
7871,379103,25,2022,40,3,2,452,2018m8,4,521,2,2,9,1,500,,2,4,,2024-04-17 20:11
3791,379105,25,2022,47,6,1,463,2001m3,1,510,1,2,9,1,500,1,2,3,,2024-04-17 20:11
3795,379501,25,2022,53,3,2,521,2001m3,4,875,2,3,9,1,400,,3,3,,2024-04-17 20:11
3796,379601,25,2022,70,3,,,,,,,2,9,1,,,,4,,2024-04-17 20:11
3796,379602,25,2022,66,2,,,,,,,2,9,2,,,,4,,2024-04-17 20:11
3797,379701,25,2022,84,3,,,,,,,3,9,1,,,,4,,2024-04-17 20:11
5220,379703,25,2022,50,6,1,872,2019m7,1,247,1,2,1,2,275,1,2,4,,2024-04-17 20:11
3798,379801,25,2022,85,3,,,,,,,2,9,1,,,,4,,2024-04-17 20:11
3798,379802,25,2022,82,2,,,,,,,2,9,2,,,,4,,2024-04-17 20:11
6587,379803,25,2022,59,3,2,493,1996m6,4,875,2,2,9,1,300,,4,4,,2024-04-17 20:11
6587,379804,25,2022,55,5,1,949,2011m4,3,421,1,2,9,2,250,2,2,3,,2024-04-17 20:11
6587,379805,25,2022,25,5,1,952,2019m11,1,751,1,1,9,1,500,1,2,3,,2024-04-17 20:11
6222,379806,25,2022,50,3,1,751,2016m10,2,312,1,2,1,1,450,2,3,4,,2024-04-17 20:11
6587,379807,25,2022,23,6,1,855,2021m12,1,254,1,1,9,2,200,1,2,3,,2024-04-17 20:11
5056,380103,25,2022,54,3,2,475,2001m3,4,521,2,2,9,1,280,,3,4,,2024-04-17 20:11
3801,380104,25,2022,50,6,1,612,2000m4,1,312,1,1,9,1,650,1,2,3,,2024-04-17 20:11
3803,380304,25,2022,49,3,1,303,2000m6,1,854,1,2,9,1,500,1,2,3,,2024-04-17 20:11
3803,380306,25,2022,44,3,1,871,2021m1,1,246,1,2,9,2,200,1,2,3,,2024-04-17 20:11
3803,380307,25,2022,17,2,,,,,,,1,9,2,,,,3,,2024-04-17 20:11
3804,380401,25,2022,70,2,,,,,,,2,9,1,,,,4,,2024-04-17 20:11
3804,380402,25,2022,67,2,,,,,,,2,9,2,,,,4,,2024-04-17 20:11
9657,380403,25,2022,41,5,1,851,2003m3,1,421,1,1,9,2,230,1,2,4,,2024-04-17 20:11
9494,380404,25,2022,39,5,1,241,2013m6,1,753,1,2,11,1,550,1,2,3,,2024-04-17 20:11
3805,380501,25,2022,64,3,2,475,1987m4,4,521,2,2,9,1,150,,3,4,,2024-04-17 20:11
3805,380502,25,2022,59,3,3,475,1987m6,5,521,2,2,9,2,,,3,4,,2024-04-17 20:11
3805,380503,25,2022,32,6,1,851,2017m3,1,311,1,1,9,2,200,1,2,3,,2024-04-17 20:11
3805,380504,25,2022,30,6,1,561,2015m6,1,244,1,1,9,2,200,1,2,3,,2024-04-17 20:11
3806,380602,25,2022,76,2,,,,,,,2,9,1,,,,4,,2024-04-17 20:11
3806,380603,25,2022,73,1,,,,,,,2,9,2,,,,4,,2024-04-17 20:11
5498,380604,25,2022,46,5,1,651,2003m10,1,320,1,3,9,1,450,1,2,4,,2024-04-17 20:11
5055,380605,25,2022,48,5,1,651,2022m3,1,312,1,2,9,2,300,1,2,3,,2024-04-17 20:11
10188,380606,25,2022,46,3,1,471,2021m1,1,521,1,3,9,2,250,1,3,4,,2024-04-17 20:11
10188,380607,25,2022,24,4,1,561,2022m7,3,441,1,1,9,1,50,2,3,4,,2024-04-17 20:11
3808,380802,25,2022,69,2,,,,,,,2,9,1,,,,4,,2024-04-17 20:11
3808,380803,25,2022,62,2,,,,,,,2,9,2,,,,4,,2024-04-17 20:11
9310,380804,25,2022,33,5,,,,,,,2,15,2,,,,4,,2024-04-17 20:11
3809,380902,25,2022,63,3,,,,,,,2,9,1,,,,3,,2024-04-17 20:11
3809,380903,25,2022,60,3,,,,,,,2,9,2,,,,4,,2024-04-17 20:11
3809,380904,25,2022,31,6,,,,,,,1,9,1,,,,3,,2024-04-17 20:11
3811,381101,25,2022,89,6,,,,,,,2,9,1,,,,3,,2024-04-17 20:11
3811,381102,25,2022,87,3,,,,,,,2,9,2,,,,3,,2024-04-17 20:11
3814,381401,25,2022,65,4,2,475,2000m2,4,521,2,2,9,1,150,,4,4,,2024-04-17 20:11
3816,381601,25,2022,48,6,1,841,1992m11,1,311,1,2,9,2,400,1,1,3,,2024-04-17 20:11
3817,381701,25,2022,45,6,2,466,2018m3,4,521,2,2,8,1,400,,3,4,,2024-04-17 20:11
3817,381705,25,2022,43,6,,,,,,,2,8,2,,,,4,,2024-04-17 20:11
3818,381801,25,2022,73,2,2,11,2016m3,4,611,2,2,9,1,50,,3,4,,2024-04-17 20:11
3818,381802,25,2022,70,2,1,872,2022m3,2,941,1,2,9,2,68,2,2,4,,2024-04-17 20:11
8687,381804,25,2022,40,4,1,303,2020m3,1,854,1,2,9,1,300,1,3,3,,2024-04-17 20:11
3819,381902,25,2022,58,3,1,872,2019m6,3,421,1,3,1,2,100,2,3,4,,2024-04-17 20:11
3819,381904,25,2022,32,5,1,551,2018m3,1,441,1,1,1,1,300,1,3,4,,2024-04-17 20:11
3822,382202,25,2022,55,5,1,861,2007m9,1,243,1,3,9,2,310,1,2,5,,2024-04-17 20:11
9495,382203,25,2022,28,6,1,856,2020m3,1,254,1,1,5,2,245,1,2,5,,2024-04-17 20:11
9496,382204,25,2022,26,5,1,204,2019m11,1,314,1,1,1,2,240,1,2,5,,2024-04-17 20:11
3825,382501,25,2022,55,6,1,949,1995m1,1,248,1,2,9,1,450,1,2,3,,2024-04-17 20:11
3825,382502,25,2022,55,6,,,,,,,2,9,2,,,,3,,2024-04-17 20:11
3825,382503,25,2022,27,6,,,,,,,1,9,1,,,,3,,2024-04-17 20:11
3825,382504,25,2022,25,4,,,,,,,1,9,1,,,,3,,2024-04-17 20:11
3826,382601,25,2022,58,3,,,,,,,2,9,1,,,,6,,2024-04-17 20:11
3826,382602,25,2022,57,3,1,911,2016m8,2,941,1,2,9,2,260,2,3,6,,2024-04-17 20:11
8688,382603,25,2022,29,4,2,620,2021m8,4,222,2,1,9,2,180,,2,4,,2024-04-17 20:11
9831,382604,25,2022,25,3,1,473,2017m6,1,313,1,1,9,2,250,1,2,3,,2024-04-17 20:11
3827,382702,25,2022,53,2,,,,,,,2,9,2,,,,4,,2024-04-17 20:11
3827,382703,25,2022,28,5,2,561,2021m4,4,441,2,1,9,1,250,,3,4,,2024-04-17 20:11
3829,382901,25,2022,86,4,,,,,,,3,9,1,,,,5,,2024-04-17 20:11
6359,382902,25,2022,46,6,1,841,2004m8,1,311,1,2,8,1,450,1,3,4,,2024-04-17 20:11
3830,383002,25,2022,89,1,1,872,2022m3,2,941,1,3,9,2,27,2,2,5,,2024-04-17 20:11
6223,383103,25,2022,47,6,1,151,2018m1,1,510,1,2,8,1,300,1,3,5,,2024-04-17 20:11
3832,383201,25,2022,67,2,1,952,2014m3,1,751,1,2,9,1,250,1,3,6,,2024-04-17 20:11
3832,383202,25,2022,64,2,,,,,,,2,9,2,,,,6,,2024-04-17 20:11
3833,383301,25,2022,67,3,2,465,2001m3,4,521,2,2,9,1,100,,3,5,,2024-04-17 20:11
3833,383302,25,2022,62,2,,,,,,,2,9,2,,,,5,,2024-04-17 20:11
5940,383303,25,2022,42,4,1,340,2019m9,2,941,1,2,9,2,220,2,3,5,,2024-04-17 20:11
3834,383401,25,2022,65,3,,,,,,,2,9,1,,,,5,,2024-04-17 20:11
3834,383402,25,2022,63,3,,,,,,,2,9,2,,,,5,,2024-04-17 20:11
3835,383501,25,2022,61,3,1,411,2021m7,3,910,1,2,9,1,80,2,3,4,,2024-04-17 20:11
3835,383502,25,2022,58,3,1,851,2021m3,2,,1,2,9,2,50,2,2,4,,2024-04-17 20:11
3836,383602,25,2022,87,1,,,,,,,3,9,2,,,,6,,2024-04-17 20:11
3837,383701,25,2022,89,2,,,,,,,3,9,2,,,,6,,2024-04-17 20:11
5047,383702,25,2022,55,3,2,423,,4,762,2,2,8,1,300,,3,5,,2024-04-17 20:11
3838,383802,25,2022,73,2,,,,,,,3,9,2,,,,4,,2024-04-17 20:11
8126,383803,25,2022,42,6,1,411,2013m11,1,312,1,2,9,1,300,1,3,4,,2024-04-17 20:11
3839,383902,25,2022,69,2,1,872,2022m3,2,429,1,3,9,2,27,2,3,6,,2024-04-17 20:11
3841,384101,25,2022,81,2,,,,,,,2,9,1,,,,6,,2024-04-17 20:11
3841,384102,25,2022,75,2,,,,,,,2,9,2,,,,6,,2024-04-17 20:11
6778,384103,25,2022,53,3,2,424,2001m3,4,782,2,2,9,1,300,,3,5,,2024-04-17 20:11
6779,384104,25,2022,48,6,1,340,2019m4,1,762,1,2,14,1,530,1,2,3,,2024-04-17 20:11
3842,384202,25,2022,81,2,,,,,,,3,9,2,,,,6,,2024-04-17 20:11
3842,384203,25,2022,50,6,2,762,2001m6,4,522,2,1,9,1,200,,3,6,,2024-04-17 20:11
5503,384301,25,2022,49,3,1,851,2020m3,1,441,1,2,9,2,170,1,3,4,,2024-04-17 20:11
3844,384401,25,2022,73,3,,,,,,,2,9,1,,,,4,,2024-04-17 20:11
3844,384402,25,2022,73,2,,,,,,,2,9,2,,,,4,,2024-04-17 20:11
6780,384403,25,2022,49,6,2,620,2011m7,4,223,2,2,1,1,900,,2,3,,2024-04-17 20:11
6781,384404,25,2022,45,6,1,551,2012m9,1,312,1,2,9,1,450,1,2,4,,2024-04-17 20:11
6782,384603,25,2022,44,5,,,,,,,2,8,2,,,,5,,2024-04-17 20:11
3847,384701,25,2022,72,2,,,,,,,2,9,1,,,,6,,2024-04-17 20:11
3847,384702,25,2022,70,2,1,682,2021m5,2,941,1,2,9,2,135,2,3,5,,2024-04-17 20:11
8127,384703,25,2022,44,3,1,411,2016m10,2,910,1,1,2,1,200,2,3,6,,2024-04-17 20:11
8267,384704,25,2022,43,6,1,421,2012m1,3,231,1,1,8,1,200,2,3,5,,2024-04-17 20:11
5743,384705,25,2022,45,4,2,478,2020m12,4,521,2,1,9,1,250,,3,6,,2024-04-17 20:11
3848,384802,25,2022,62,2,,,,,,,2,10,2,,,,6,,2024-04-17 20:11
7417,384803,25,2022,42,3,1,494,2019m12,1,922,1,1,10,1,240,1,3,4,,2024-04-17 20:11
9346,384804,25,2022,40,3,1,471,2018m2,1,521,1,3,10,2,220,1,3,5,,2024-04-17 20:11
3849,384901,25,2022,81,1,,,,,,,2,14,1,,,,4,,2024-04-17 20:11
3849,384902,25,2022,73,2,,,,,,,2,14,2,,,,4,,2024-04-17 20:11
3851,385101,25,2022,72,2,1,872,2019m3,2,521,1,3,9,2,27,2,3,6,,2024-04-17 20:11
3853,385301,25,2022,57,3,,,,,,,2,9,1,,,,5,,2024-04-17 20:11
3853,385302,25,2022,50,4,1,912,2011m6,2,941,1,2,9,2,280,2,2,5,,2024-04-17 20:11
9497,385303,25,2022,29,6,1,949,2020m12,2,314,1,1,8,2,220,2,3,5,,2024-04-17 20:11
10198,385304,25,2022,28,6,,,,,,,1,8,1,,,,5,,2024-04-17 20:11
3854,385401,25,2022,57,3,2,492,2007m1,4,875,2,2,9,1,200,,4,5,,2024-04-17 20:11
3854,385402,25,2022,48,3,,,,,,,2,9,2,,,,5,,2024-04-17 20:11
10352,385403,25,2022,27,5,1,941,2022m3,2,273,1,1,1,1,240,2,3,5,,2024-04-17 20:11
5221,385404,25,2022,54,6,,,,,,,2,8,1,,,,6,,2024-04-17 20:11
10353,385405,25,2022,23,5,1,862,2021m10,1,246,1,1,4,2,230,1,3,4,,2024-04-17 20:11
3856,385602,25,2022,66,1,,,,,,,3,9,2,,,,5,,2024-04-17 20:11
3856,385605,25,2022,37,3,,,,,,,1,9,1,,,,6,,2024-04-17 20:11
3860,386001,25,2022,58,3,1,501,1995m11,1,238,1,2,9,1,400,1,3,4,,2024-04-17 20:11
3860,386002,25,2022,53,5,2,872,2017m3,4,247,2,2,9,2,300,,3,4,,2024-04-17 20:11
9577,386003,25,2022,30,6,1,861,2020m12,1,243,1,2,8,2,410,1,2,5,,2024-04-17 20:11
3861,386101,25,2022,77,3,,,,,,,2,9,1,,,,4,,2024-04-17 20:11
3861,386102,25,2022,70,2,,,,,,,2,9,2,,,,3,,2024-04-17 20:11
5683,386103,25,2022,52,2,2,493,2016m10,5,875,2,2,11,1,,,3,5,,2024-04-17 20:11
5682,386104,25,2022,47,3,1,424,2016m1,3,783,1,2,8,1,250,2,2,5,,2024-04-17 20:11
3864,386401,25,2022,70,2,2,11,1977m10,4,611,2,2,9,1,380,,2,3,,2024-04-17 20:11
3864,386402,25,2022,69,2,3,11,1977m10,5,611,2,2,9,2,,,2,3,,2024-04-17 20:11
3865,386502,25,2022,60,3,,,,,,,2,9,2,,,,4,,2024-04-17 20:11
3865,386504,25,2022,35,6,2,12,2015m7,4,613,2,1,9,1,300,,4,4,,2024-04-17 20:11
3865,386505,25,2022,33,6,3,12,2015m7,5,613,2,1,9,1,,,4,4,,2024-04-17 20:11
3866,386601,25,2022,70,2,,,,,,,2,8,1,,,,6,,2024-04-17 20:11
3866,386602,25,2022,67,2,,,,,,,2,8,2,,,,6,,2024-04-17 20:11
8950,386603,25,2022,43,6,1,855,2014m6,1,254,1,2,8,1,300,2,3,5,,2024-04-17 20:11
7731,386604,25,2022,37,6,1,869,2019m4,1,312,1,2,8,2,225,1,3,5,,2024-04-17 20:11
3867,386701,25,2022,75,1,1,844,2022m3,2,,1,3,9,2,20,2,3,5,,2024-04-17 20:11
3869,386901,25,2022,62,2,1,424,2021m12,3,782,1,3,9,1,300,2,3,4,,2024-04-17 20:11
3869,386903,25,2022,29,6,2,479,2022m1,4,531,2,1,9,2,200,,2,3,,2024-04-17 20:11
3869,386904,25,2022,28,3,2,562,2021m10,4,441,2,1,9,2,200,,3,4,,2024-04-17 20:11
3870,387003,25,2022,61,3,1,424,1991m11,3,782,1,3,9,1,400,2,3,4,,2024-04-17 20:11
3871,387101,25,2022,67,2,2,11,1975m6,4,611,2,2,9,1,150,,3,4,,2024-04-17 20:11
3871,387102,25,2022,57,2,3,,,,,,2,9,2,,,,5,,2024-04-17 20:11
8268,387104,25,2022,33,4,1,291,2016m5,1,855,1,1,8,1,200,1,2,3,,2024-04-17 20:11
3871,387105,25,2022,31,3,3,,,,,,1,9,1,,,,4,,2024-04-17 20:11
3875,387501,25,2022,70,2,,,,,,,3,9,1,,,,6,,2024-04-17 20:11
3877,387702,25,2022,79,3,,,,,,,3,9,2,,,,5,,2024-04-17 20:11
3881,388103,25,2022,57,3,1,494,2022m4,3,922,1,2,1,1,100,2,4,4,,2024-04-17 20:11
3881,388105,25,2022,27,6,1,424,2021m11,1,231,1,1,1,1,250,1,4,5,,2024-04-17 20:11
3883,388301,25,2022,82,3,,,,,,,2,10,1,,,,4,,2024-04-17 20:11
3883,388302,25,2022,79,2,,,,,,,2,10,2,,,,4,,2024-04-17 20:11
5310,388303,25,2022,50,6,,,,,,,2,11,2,,,,3,,2024-04-17 20:11
3885,388502,25,2022,82,5,,,,,,,3,10,2,,,,2,,2024-04-17 20:11
3886,388602,25,2022,85,2,,,,,,,3,10,2,,,,4,,2024-04-17 20:11
5113,388604,25,2022,55,5,1,262,2013m1,1,864,1,2,10,2,350,1,3,4,,2024-04-17 20:11
3887,388701,25,2022,68,2,,,,,,,3,10,1,,,,6,,2024-04-17 20:11
5833,389001,25,2022,71,2,,,,,,,3,10,2,,,,5,,2024-04-17 20:11
3890,389002,25,2022,50,3,1,561,2000m3,1,441,1,2,10,1,500,1,2,3,,2024-04-17 20:11
3890,389003,25,2022,50,5,,,,,,,2,10,2,,,,3,,2024-04-17 20:11
3890,389005,25,2022,23,4,,,,,,,1,10,1,,,,3,,2024-04-17 20:11
3892,389201,25,2022,75,2,,,,,,,2,10,1,,,,5,,2024-04-17 20:11
3892,389202,25,2022,70,2,1,682,2002m7,2,941,1,2,10,2,165,2,3,5,,2024-04-17 20:11
9832,389205,25,2022,40,6,1,872,2020m1,3,,1,1,10,2,50,2,3,5,,2024-04-17 20:11
3893,389302,25,2022,70,2,,,,,,,3,10,2,,,,5,,2024-04-17 20:11
5778,389303,25,2022,47,6,1,265,2005m8,1,235,1,2,11,1,790,1,2,3,,2024-04-17 20:11
3894,389403,25,2022,53,6,2,494,2019m7,4,922,2,2,10,1,650,,3,4,,2024-04-17 20:11
3894,389404,25,2022,51,6,,,,,,,2,10,2,,,,4,,2024-04-17 20:11
3894,389405,25,2022,21,5,,,,,,,1,10,2,,,,4,,2024-04-17 20:11
3894,389406,25,2022,18,2,,,,,,,1,10,1,,,,4,,2024-04-17 20:11
3895,389502,25,2022,77,2,,,,,,,3,10,2,,,,6,,2024-04-17 20:11
5110,389503,25,2022,53,6,1,844,1999m4,1,411,1,2,10,1,500,1,2,3,,2024-04-17 20:11
10169,389504,25,2022,50,4,,,,,,,2,14,2,,,,4,,2024-04-17 20:11
6086,389505,25,2022,48,5,2,856,2021m4,4,254,2,2,10,2,150,,2,4,,2024-04-17 20:11
3897,389701,25,2022,59,6,1,261,2018m2,1,930,1,3,10,1,250,1,2,5,,2024-04-17 20:11
6224,389802,25,2022,61,6,1,682,2021m6,2,274,1,2,10,1,200,2,3,4,,2024-04-17 20:11
3899,389901,25,2022,71,3,1,682,2017m2,1,942,1,2,10,1,210,2,2,4,,2024-04-17 20:11
3899,389902,25,2022,68,2,,,,,,,2,10,2,,,,4,,2024-04-17 20:11
3900,390001,25,2022,65,2,2,561,2015m8,4,442,2,3,10,2,150,,3,5,,2024-04-17 20:11
8128,390002,25,2022,45,6,1,467,2018m3,1,312,1,2,10,1,400,1,4,3,,2024-04-17 20:11
8128,390004,25,2022,46,6,1,612,1995m8,1,312,1,2,10,2,500,1,2,3,,2024-04-17 20:11
3901,390101,25,2022,65,6,,,,,,,2,10,1,,,,4,,2024-04-17 20:11
3901,390102,25,2022,64,3,,,,,,,2,10,2,,,,4,,2024-04-17 20:11
3902,390201,25,2022,63,3,2,969,1987m6,4,823,2,2,10,1,350,,3,3,,2024-04-17 20:11
3902,390202,25,2022,63,3,3,969,2013m2,5,922,2,2,10,2,,,3,4,,2024-04-17 20:11
3902,390203,25,2022,33,6,1,423,2018m11,3,762,1,1,10,1,324,2,3,4,,2024-04-17 20:11
9134,390204,25,2022,30,3,1,561,2015m3,1,441,1,1,8,1,330,1,2,3,,2024-04-17 20:11
3904,390401,25,2022,56,6,2,424,2005m3,4,782,2,2,10,1,400,,3,3,,2024-04-17 20:11
3904,390402,25,2022,56,3,,,,,,,2,10,2,,,,3,,2024-04-17 20:11
3904,390403,25,2022,29,5,1,969,2019m10,1,429,1,1,10,2,200,1,2,3,,2024-04-17 20:11
3904,390404,25,2022,28,6,1,171,2019m10,1,312,1,1,10,1,290,1,2,4,,2024-04-17 20:11
3906,390601,25,2022,72,2,,,,,,,3,10,2,,,,5,,2024-04-17 20:11
3907,390701,25,2022,82,2,1,872,2021m4,3,,1,2,10,1,27,2,3,5,,2024-04-17 20:11
3907,390702,25,2022,80,2,,,,,,,2,10,2,,,,5,,2024-04-17 20:11
5574,390703,25,2022,48,6,1,872,2020m1,1,247,1,2,10,2,200,1,3,3,,2024-04-17 20:11
3908,390801,25,2022,53,4,1,264,2003m12,1,881,1,2,10,1,583,1,2,3,,2024-04-17 20:11
3908,390802,25,2022,54,6,1,842,2018m12,1,213,1,2,10,2,280,1,3,4,,2024-04-17 20:11
3908,390803,25,2022,27,6,1,641,2019m7,1,320,1,1,10,2,400,1,3,4,,2024-04-17 20:11
10266,390804,25,2022,25,6,1,861,2020m3,1,243,1,1,1,2,300,1,3,3,,2024-04-17 20:11
3908,390805,25,2022,23,4,,,,,,,1,10,1,,,,3,,2024-04-17 20:11
3910,391001,25,2022,75,3,1,872,2021m4,3,,1,2,10,1,27,2,3,5,,2024-04-17 20:11
3910,391002,25,2022,70,2,,,,,,,2,10,2,,,,4,,2024-04-17 20:11
7083,391004,25,2022,43,6,1,382,2009m7,1,236,1,2,8,1,470,1,2,4,,2024-04-17 20:11
3910,391005,25,2022,41,6,1,752,2017m9,1,392,1,1,10,1,150,1,4,4,,2024-04-17 20:11
7874,391006,25,2022,37,6,1,842,2019m1,3,399,1,2,10,2,90,2,2,4,,2024-04-17 20:11
9248,391101,25,2022,56,3,1,262,1994m8,1,312,1,2,10,1,580,1,2,4,,2024-04-17 20:11
3911,391102,25,2022,51,5,2,561,2019m11,4,441,2,3,10,2,150,,4,5,,2024-04-17 20:11
3911,391103,25,2022,28,5,1,911,2020m12,2,432,1,1,10,1,250,2,3,4,,2024-04-17 20:11
3911,391104,25,2022,26,6,1,465,2021m10,1,274,1,1,10,1,250,1,3,4,,2024-04-17 20:11
3912,391202,25,2022,65,2,,,,,,,3,10,2,,,,5,,2024-04-17 20:11
6859,391204,25,2022,40,4,1,463,2019m11,3,930,1,1,10,1,200,2,4,4,,2024-04-17 20:11
3913,391301,25,2022,70,3,1,682,2021m11,1,942,1,2,10,1,182,1,2,4,,2024-04-17 20:11
3913,391302,25,2022,67,2,,,,,,,2,10,2,,,,4,,2024-04-17 20:11
7378,391303,25,2022,42,2,,,,,,,2,10,2,,,,4,,2024-04-17 20:11
3913,391305,25,2022,39,5,1,261,2008m2,1,864,1,1,10,2,335,1,2,4,,2024-04-17 20:11
3915,391501,25,2022,88,2,,,,,,,2,10,1,,,,5,,2024-04-17 20:11
3915,391502,25,2022,80,2,,,,,,,2,10,2,,,,5,,2024-04-17 20:11
3917,391701,25,2022,51,6,1,222,1994m5,1,832,1,2,10,1,550,1,2,3,,2024-04-17 20:11
3917,391703,25,2022,47,6,1,872,2021m3,1,311,1,2,10,2,200,2,2,3,,2024-04-17 20:11
3917,391704,25,2022,20,4,,,,,,,1,10,2,,,,3,,2024-04-17 20:11
3917,391705,25,2022,18,2,,,,,,,1,10,1,,,,3,,2024-04-17 20:11
3918,391801,25,2022,52,5,1,551,2020m7,1,432,1,2,16,1,200,1,4,3,,2024-04-17 20:11
3918,391802,25,2022,49,3,,,,,,,2,16,2,,,,3,,2024-04-17 20:11
3918,391804,25,2022,15,2,,,,,,,1,16,2,,,,3,,2024-04-17 20:11
3919,391901,25,2022,72,2,3,107,2011m2,5,922,2,2,10,1,,,4,3,,2024-04-17 20:11
3919,391902,25,2022,68,2,2,107,2011m2,4,811,2,2,10,2,200,,4,3,,2024-04-17 20:11
6488,391903,25,2022,44,3,2,561,2019m5,4,441,2,2,10,2,200,,3,4,,2024-04-17 20:11
3920,392002,25,2022,79,1,,,,,,,3,10,2,,,,5,,2024-04-17 20:11
7875,392003,25,2022,39,4,2,529,2020m1,4,874,2,1,10,1,300,,3,4,,2024-04-17 20:11
10354,392101,25,2022,57,3,,,,,,,3,10,1,,,,4,,2024-04-17 20:11
3921,392102,25,2022,54,3,1,872,2019m6,1,247,1,3,12,2,160,1,2,5,,2024-04-17 20:11
9498,392103,25,2022,28,5,1,715,2018m1,1,222,1,1,3,2,300,1,3,4,,2024-04-17 20:11
10399,392104,25,2022,25,6,1,620,2022m1,1,412,1,1,8,2,260,1,3,5,,2024-04-17 20:11
3923,392301,25,2022,67,6,,,,,,,2,10,1,,,,3,,2024-04-17 20:11
3923,392302,25,2022,65,6,,,,,,,2,10,2,,,,3,,2024-04-17 20:11
7993,392303,25,2022,39,6,1,411,2016m10,1,312,1,2,3,1,650,1,2,3,,2024-04-17 20:11
3924,392401,25,2022,70,2,,,,,,,2,10,1,,,,3,,2024-04-17 20:11
3924,392402,25,2022,82,3,,,,,,,2,10,2,,,,3,,2024-04-17 20:11
3925,392501,25,2022,63,6,,,,,,,2,19,1,,,,4,,2024-04-17 20:11
3925,392502,25,2022,57,4,1,759,2021m9,1,531,1,2,19,2,300,2,2,3,,2024-04-17 20:11
3925,392503,25,2022,32,6,1,841,2017m3,1,311,1,1,19,1,350,1,2,4,,2024-04-17 20:11
3925,392504,25,2022,28,6,,,,,,,1,19,1,,,,4,,2024-04-17 20:11
3927,392701,25,2022,68,3,1,562,2018m2,2,284,1,3,10,1,10,2,4,6,,2024-04-17 20:11
9312,392704,25,2022,39,6,1,729,2018m11,1,231,1,1,12,1,450,1,2,4,,2024-04-17 20:11
3928,392802,25,2022,56,3,,,,,,,3,10,2,,,,3,,2024-04-17 20:11
9658,392803,25,2022,35,6,1,582,2018m11,1,222,1,2,1,1,400,1,3,4,,2024-04-17 20:11
3928,392804,25,2022,33,6,1,729,2019m10,1,236,1,1,10,1,320,1,2,4,,2024-04-17 20:11
3929,392901,25,2022,47,6,1,840,2013m3,1,411,1,2,8,2,260,1,2,3,,2024-04-17 20:11
3929,392902,25,2022,47,6,1,844,2011m4,1,411,1,2,8,1,300,1,2,3,,2024-04-17 20:11
3929,392903,25,2022,20,4,,,,,,,1,8,1,,,,3,,2024-04-17 20:11
3929,392904,25,2022,16,2,,,,,,,1,8,2,,,,3,,2024-04-17 20:11
3930,393001,25,2022,86,3,,,,,,,2,10,1,,,,4,,2024-04-17 20:11
3930,393002,25,2022,81,2,,,,,,,2,10,2,,,,4,,2024-04-17 20:11
3931,393102,25,2022,82,5,,,,,,,3,10,2,,,,4,,2024-04-17 20:11
3933,393301,25,2022,72,3,,,,,,,2,10,1,,,,3,,2024-04-17 20:11
3933,393302,25,2022,71,2,2,107,1975m6,4,811,2,2,10,2,60,,4,3,,2024-04-17 20:11
3933,393303,25,2022,46,5,3,106,2010m4,5,811,2,1,10,1,,,4,3,,2024-04-17 20:11
7876,393304,25,2022,44,6,1,261,2003m2,1,223,1,2,10,1,760,1,3,3,,2024-04-17 20:11
3934,393401,25,2022,74,2,1,682,2013m1,1,942,1,2,10,1,150,2,3,3,,2024-04-17 20:11
3934,393402,25,2022,65,2,,,,,,,2,10,2,,,,3,,2024-04-17 20:11
6070,393403,25,2022,44,5,1,855,2016m2,1,247,1,2,10,2,200,1,3,2,,2024-04-17 20:11
8786,393404,25,2022,42,3,1,861,2018m11,1,246,1,1,10,1,370,1,2,4,,2024-04-17 20:11
3935,393501,25,2022,77,3,,,,,,,2,10,1,,,,3,,2024-04-17 20:11
3935,393503,25,2022,76,2,,,,,,,2,10,2,,,,2,,2024-04-17 20:11
6630,393504,25,2022,49,6,1,423,2020m1,2,772,1,2,10,1,400,2,3,3,,2024-04-17 20:11
6630,393507,25,2022,47,5,,,,,,,2,10,2,,,,3,,2024-04-17 20:11
6630,393508,25,2022,21,4,,,,,,,1,10,1,,,,3,,2024-04-17 20:11
6630,393509,25,2022,18,2,,,,,,,1,10,2,,,,3,,2024-04-17 20:11
3936,393603,25,2022,37,6,1,292,2013m10,1,753,1,1,10,1,330,1,2,4,,2024-04-17 20:11
9659,393604,25,2022,33,3,1,862,2017m9,1,246,1,1,8,2,230,1,3,5,,2024-04-17 20:11
3941,394101,25,2022,51,3,1,282,1990m8,1,312,1,2,10,1,700,1,2,4,,2024-04-17 20:11
3941,394102,25,2022,48,3,1,651,2013m1,2,510,1,2,10,2,300,2,3,4,,2024-04-17 20:11
10170,394103,25,2022,24,6,1,561,2022m3,2,441,1,1,1,1,70,2,3,4,,2024-04-17 20:11
3941,394104,25,2022,23,6,,,,,,,1,10,2,,,,4,,2024-04-17 20:11
3945,394501,25,2022,62,3,1,232,2010m12,2,392,1,2,10,1,260,2,3,3,,2024-04-17 20:11
3945,394502,25,2022,59,2,1,107,2008m10,1,710,1,2,10,2,250,2,3,3,,2024-04-17 20:11
8542,394504,25,2022,34,6,1,851,2012m3,1,252,1,2,10,2,300,1,2,4,,2024-04-17 20:11
3946,394601,25,2022,64,2,1,853,2021m2,1,783,1,2,10,1,190,1,2,4,,2024-04-17 20:11
3946,394602,25,2022,60,3,,,,,,,2,10,2,,,,4,,2024-04-17 20:11
3947,394701,25,2022,62,3,1,411,2010m8,3,910,1,2,10,1,400,2,3,4,,2024-04-17 20:11
8129,394703,25,2022,38,6,1,662,2015m7,1,320,1,2,4,1,410,1,2,4,,2024-04-17 20:11
3947,394705,25,2022,62,3,2,961,2018m9,4,422,2,2,10,2,350,,2,4,,2024-04-17 20:11
3948,394801,25,2022,64,2,,,,,,,2,10,1,,,,4,,2024-04-17 20:11
3948,394802,25,2022,58,3,1,222,2010m5,1,930,1,2,10,2,240,1,4,4,,2024-04-17 20:11
3948,394804,25,2022,28,5,1,181,2016m4,1,285,1,1,10,2,280,1,2,4,,2024-04-17 20:11
3950,395001,25,2022,71,3,,,,,,,2,10,1,,,,4,,2024-04-17 20:11
3950,395002,25,2022,69,2,1,222,2005m9,1,930,1,2,10,2,238,2,4,4,,2024-04-17 20:11
8131,395005,25,2022,40,6,1,701,2016m12,1,235,1,2,8,1,880,1,2,3,,2024-04-17 20:11
3951,395102,25,2022,86,1,,,,,,,3,10,2,,,,5,,2024-04-17 20:11
3952,395202,25,2022,51,3,1,259,2015m8,1,842,1,3,6,2,270,1,3,4,,2024-04-17 20:11
3952,395203,25,2022,30,5,1,862,2015m9,1,245,1,1,6,2,300,1,3,4,,2024-04-17 20:11
3953,395301,25,2022,56,2,1,222,1998m11,1,312,1,3,10,1,440,1,2,4,,2024-04-17 20:11
3953,395303,25,2022,16,2,,,,,,,1,10,2,,,,4,,2024-04-17 20:11
3954,395401,25,2022,69,2,1,424,1999m4,3,783,1,2,10,1,500,2,2,4,,2024-04-17 20:11
3954,395402,25,2022,64,2,1,11,2022m5,3,991,1,2,10,2,100,2,3,4,,2024-04-17 20:11
7877,395404,25,2022,40,6,2,464,2022m3,4,521,2,2,1,1,100,,3,4,,2024-04-17 20:11
8579,395405,25,2022,38,6,3,475,2018m4,5,521,2,2,10,2,,,2,3,,2024-04-17 20:11
9135,395406,25,2022,36,6,,,,,,,2,10,2,,,,3,,2024-04-17 20:11
3955,395501,25,2022,81,6,,,,,,,2,10,1,,,,4,,2024-04-17 20:11
3955,395502,25,2022,80,2,,,,,,,2,10,2,,,,4,,2024-04-17 20:11
3956,395601,25,2022,58,5,2,422,2012m11,4,875,2,2,10,1,250,,3,4,,2024-04-17 20:11
3956,395602,25,2022,58,3,1,303,2004m2,1,854,1,2,10,2,200,1,2,4,,2024-04-17 20:11
8477,395603,25,2022,34,5,2,961,2020m11,4,422,2,1,1,2,300,,3,4,,2024-04-17 20:11
9660,395604,25,2022,30,6,1,844,2017m12,1,411,1,1,9,1,250,1,1,3,,2024-04-17 20:11
3960,396002,25,2022,76,2,,,,,,,3,10,2,,,,5,,2024-04-17 20:11
7994,396004,25,2022,42,3,1,424,2021m1,1,312,1,2,10,1,390,1,3,4,,2024-04-17 20:11
3961,396101,25,2022,77,2,,,,,,,2,10,1,,,,5,,2024-04-17 20:11
3961,396102,25,2022,70,2,,,,,,,2,10,2,,,,5,,2024-04-17 20:11
8269,396103,25,2022,44,6,1,272,2018m4,1,312,1,2,8,1,310,1,2,4,,2024-04-17 20:11
3962,396202,25,2022,85,2,1,872,2022m2,3,941,1,3,10,2,27,2,2,5,,2024-04-17 20:11
9342,396304,25,2022,40,3,,,,,,,2,9,2,,,,4,,2024-04-17 20:11
3964,396401,25,2022,62,3,1,233,2019m10,1,942,1,2,10,1,220,2,2,4,,2024-04-17 20:11
3964,396402,25,2022,62,3,1,320,2021m5,1,891,1,2,10,2,230,2,3,4,,2024-04-17 20:11
8787,396403,25,2022,34,6,1,620,2015m4,1,223,1,1,4,1,340,1,2,4,,2024-04-17 20:11
9313,396404,25,2022,32,6,1,582,2016m5,1,222,1,1,10,1,340,1,2,4,,2024-04-17 20:11
3965,396501,25,2022,61,3,1,872,2021m7,1,873,1,2,10,1,200,2,2,4,,2024-04-17 20:11
3965,396502,25,2022,59,3,1,101,2021m8,1,710,1,2,10,2,255,1,3,4,,2024-04-17 20:11
9833,396503,25,2022,29,4,1,843,2014m8,1,241,1,1,8,1,290,1,2,4,,2024-04-17 20:11
3965,396504,25,2022,27,6,1,861,2022m3,1,243,1,1,10,1,347,1,2,4,,2024-04-17 20:11
3966,396601,25,2022,58,3,1,641,1992m4,1,312,1,2,10,1,550,1,2,4,,2024-04-17 20:11
3966,396603,25,2022,28,6,1,102,2022m2,1,312,1,1,10,1,250,1,2,4,,2024-04-17 20:11
3966,396604,25,2022,55,2,1,101,2018m3,1,441,1,2,10,2,180,1,2,4,,2024-04-17 20:11
3967,396701,25,2022,64,5,2,11,1986m3,4,611,2,2,10,1,5,,3,4,,2024-04-17 20:11
3967,396702,25,2022,60,3,1,561,2014m3,3,441,1,2,10,2,170,2,3,4,,2024-04-17 20:11
9136,396704,25,2022,89,2,,,,,,,3,10,2,,,,4,,2024-04-17 20:11
3967,396705,25,2022,37,6,1,464,2013m9,1,274,1,1,10,1,400,1,2,4,,2024-04-17 20:11
3967,396706,25,2022,33,6,1,233,2022m2,1,312,1,1,10,1,250,1,3,4,,2024-04-17 20:11
3968,396802,25,2022,61,2,,,,,,,2,10,2,,,,3,,2024-04-17 20:11
6581,396803,25,2022,44,6,1,301,2005m5,1,313,1,2,1,1,700,1,2,4,,2024-04-17 20:11
5944,396804,25,2022,42,5,1,478,2022m10,1,521,1,2,11,2,80,2,2,3,,2024-04-17 20:11
3968,396805,25,2022,59,3,1,292,2010m9,1,942,1,2,10,1,280,1,3,3,,2024-04-17 20:11
3969,396901,25,2022,72,3,2,11,2009m3,4,611,2,2,10,1,300,,3,3,,2024-04-17 20:11
3969,396902,25,2022,68,4,1,872,2021m2,3,930,1,2,10,2,30,2,2,3,,2024-04-17 20:11
6910,396903,25,2022,44,6,1,851,2002m3,1,252,1,2,10,2,470,1,3,3,,2024-04-17 20:11
7381,396904,25,2022,41,6,2,869,2017m4,4,245,2,3,8,2,500,,2,4,,2024-04-17 20:11
8580,396905,25,2022,40,6,1,261,2010m3,1,312,1,2,8,1,650,1,3,3,,2024-04-17 20:11
3970,397001,25,2022,66,2,2,11,2011m4,4,611,2,2,10,1,200,,3,4,,2024-04-17 20:11
3970,397002,25,2022,64,2,3,11,2011m4,5,611,2,2,10,2,,,3,4,,2024-04-17 20:11
3970,397004,25,2022,34,5,1,861,2018m1,1,245,1,1,10,1,350,1,2,4,,2024-04-17 20:11
3973,397302,25,2022,75,2,,,,,,,3,10,2,,,,5,,2024-04-17 20:11
5311,397303,25,2022,49,6,1,851,1992m4,1,311,1,2,10,2,510,1,3,3,,2024-04-17 20:11
6071,397304,25,2022,43,3,3,561,2018m7,5,442,2,2,10,2,,,3,4,,2024-04-17 20:11
3975,397501,25,2022,67,3,,,,,,,3,10,1,,,,4,,2024-04-17 20:11
7995,397503,25,2022,37,6,,,,,,,2,10,2,,,,4,,2024-04-17 20:11
8951,397504,25,2022,33,6,,,,,,,2,8,2,,,,5,,2024-04-17 20:11
3975,397505,25,2022,30,5,1,753,2020m12,1,222,1,1,10,1,270,1,2,5,,2024-04-17 20:11
3976,397601,25,2022,64,3,2,11,2020m4,4,611,2,2,9,1,150,,2,5,,2024-04-17 20:11
9418,397604,25,2022,37,6,1,682,2021m3,1,274,1,1,1,1,250,1,3,5,,2024-04-17 20:11
3976,397605,25,2022,52,3,2,107,2006m9,4,521,2,2,9,2,500,,2,5,,2024-04-17 20:11
3977,397701,25,2022,67,2,,,,,,,2,1,1,,,,3,,2024-04-17 20:11
3977,397702,25,2022,63,2,2,682,2015m1,4,274,2,2,1,2,300,,3,3,,2024-04-17 20:11
7382,397703,25,2022,42,6,3,682,2019m6,5,274,2,2,1,1,,,2,4,,2024-04-17 20:11
8813,397704,25,2022,39,6,1,639,2019m11,1,312,1,2,1,1,450,1,2,3,,2024-04-17 20:11
3978,397802,25,2022,70,2,,,,,,,3,10,2,,,,4,,2024-04-17 20:11
5684,397803,25,2022,46,6,1,473,2006m7,1,330,1,2,10,1,700,1,2,3,,2024-04-17 20:11
3979,397901,25,2022,66,3,1,682,2022m2,1,139,1,2,10,1,330,1,2,3,,2024-04-17 20:11
3979,397902,25,2022,62,3,,,,,,,2,10,2,,,,3,,2024-04-17 20:11
3979,397904,25,2022,36,6,1,729,2015m3,1,235,1,1,10,1,400,1,2,3,,2024-04-17 20:11
3981,398101,25,2022,90,3,,,,,,,3,8,2,,,,6,,2024-04-17 20:11
3984,398402,25,2022,73,2,,,,,,,3,10,2,,,,4,,2024-04-17 20:11
6824,398403,25,2022,43,4,1,844,2017m7,1,411,1,2,15,1,360,1,2,5,,2024-04-17 20:11
5832,398503,25,2022,88,2,,,,,,,3,10,2,,,,6,,2024-04-17 20:11
3986,398601,25,2022,86,1,1,872,2017m2,3,,1,3,10,1,27,2,3,5,,2024-04-17 20:11
3988,398801,25,2022,84,1,,,,,,,3,10,2,,,,6,,2024-04-17 20:11
3989,398901,25,2022,70,2,2,11,2002m4,4,611,2,2,10,1,1000,,3,4,,2024-04-17 20:11
3989,398902,25,2022,63,2,3,11,2016m9,5,611,2,2,10,2,,,3,4,,2024-04-17 20:11
7490,398903,25,2022,41,5,1,412,2022m2,1,312,1,1,10,1,450,1,3,4,,2024-04-17 20:11
6885,398904,25,2022,38,3,,,,,,,2,10,2,,,,4,,2024-04-17 20:11
8132,398905,25,2022,38,3,,,,,,,2,10,2,,,,4,,2024-04-17 20:11
3990,399001,25,2022,79,3,,,,,,,3,10,1,,,,5,,2024-04-17 20:11
3991,399101,25,2022,69,2,2,479,1978m3,4,532,2,3,11,1,100,,3,4,,2024-04-17 20:11
7241,399102,25,2022,42,3,1,473,2022m3,1,521,1,2,11,1,195,1,3,5,,2024-04-17 20:11
7419,399103,25,2022,36,3,,,,,,,2,8,2,,,,6,,2024-04-17 20:11
8018,399104,25,2022,36,5,,,,,,,2,11,2,,,,4,,2024-04-17 20:11
3993,399301,25,2022,61,3,3,561,2020m8,5,442,2,2,11,1,,,2,3,,2024-04-17 20:11
3993,399302,25,2022,57,3,2,561,2020m8,4,441,2,2,11,2,500,,3,4,,2024-04-17 20:11
8952,399303,25,2022,33,6,1,582,2013m12,1,223,1,1,1,1,240,1,3,5,,2024-04-17 20:11
9249,399304,25,2022,30,6,1,466,2015m2,1,399,1,1,1,2,190,1,2,5,,2024-04-17 20:11
3994,399401,25,2022,68,2,2,492,2016m5,4,875,2,2,11,1,150,,3,3,,2024-04-17 20:11
3994,399402,25,2022,67,2,,,,,,,2,11,2,,,,4,,2024-04-17 20:11
3996,399601,25,2022,66,3,2,11,2020m3,4,611,2,2,11,1,40,,3,5,,2024-04-17 20:11
3996,399602,25,2022,66,2,1,107,2020m8,3,899,1,2,11,2,50,2,3,4,,2024-04-17 20:11
10355,399603,25,2022,39,4,1,493,2020m5,1,312,1,1,11,1,297,1,3,4,,2024-04-17 20:11
3996,399604,25,2022,37,6,1,20,2016m3,1,320,1,1,11,1,270,1,2,4,,2024-04-17 20:11
3997,399701,25,2022,56,3,1,492,2017m2,1,873,1,2,11,1,247,1,3,5,,2024-04-17 20:11
3997,399702,25,2022,54,3,1,303,2005m11,1,854,1,2,11,2,296,1,3,4,,2024-04-17 20:11
10356,399703,25,2022,28,5,,,,,,,1,11,1,,,,5,,2024-04-17 20:11
3997,399704,25,2022,22,3,,,,,,,1,11,1,,,,4,,2024-04-17 20:11
3997,399705,25,2022,79,2,,,,,,,3,11,2,,,,5,,2024-04-17 20:11
3998,399801,25,2022,56,3,2,493,2008m6,4,875,2,2,12,1,500,,3,4,,2024-04-17 20:11
3998,399802,25,2022,54,3,,,,,,,2,12,2,,,,4,,2024-04-17 20:11
3998,399803,25,2022,26,6,,,,,,,1,12,1,,,,3,,2024-04-17 20:11
3998,399804,25,2022,21,4,,,,,,,1,12,2,,,,3,,2024-04-17 20:11
4000,400001,25,2022,65,3,1,855,2012m7,1,254,1,2,11,1,291,1,3,5,,2024-04-17 20:11
4000,400002,25,2022,59,3,1,472,2019m6,1,521,1,2,11,2,100,1,3,5,,2024-04-17 20:11
10171,400003,25,2022,34,6,1,701,2022m2,1,211,1,2,9,1,300,1,2,4,,2024-04-17 20:11
4004,400401,25,2022,70,2,1,424,2021m6,3,762,1,2,11,1,230,2,3,4,,2024-04-17 20:11
4004,400402,25,2022,63,2,1,741,2021m6,1,941,1,2,11,2,168,2,4,5,,2024-04-17 20:11
7879,400403,25,2022,39,6,1,262,2010m6,1,864,1,2,5,1,435,1,2,4,,2024-04-17 20:11
8478,400404,25,2022,36,6,2,713,2021m10,4,273,2,2,8,2,55,,2,4,,2024-04-17 20:11
4004,400405,25,2022,91,1,,,,,,,3,11,2,,,,5,,2024-04-17 20:11
4005,400501,25,2022,83,2,,,,,,,3,11,2,,,,4,,2024-04-17 20:11
4005,400502,25,2022,54,5,1,411,2021m10,3,910,1,3,11,1,200,2,3,4,,2024-04-17 20:11
4006,400601,25,2022,57,6,1,263,1990m12,1,312,1,2,11,1,640,1,2,4,,2024-04-17 20:11
4006,400602,25,2022,56,5,,,,,,,2,11,2,,,,4,,2024-04-17 20:11
4006,400603,25,2022,28,6,1,861,2020m12,1,243,1,1,11,1,350,1,2,4,,2024-04-17 20:11
4006,400604,25,2022,26,6,,,,,,,1,11,2,,,,4,,2024-04-17 20:11
4010,401001,25,2022,71,2,,,,,,,2,11,1,,,,3,,2024-04-17 20:11
4010,401002,25,2022,60,3,,,,,,,2,11,2,,,,3,,2024-04-17 20:11
4010,401003,25,2022,31,5,1,861,2013m4,1,243,1,1,11,2,450,1,2,3,,2024-04-17 20:11
4012,401201,25,2022,72,3,2,11,2013m5,4,611,2,3,11,2,3,,4,3,,2024-04-17 20:11
4012,401202,25,2022,43,5,,,,,,,1,11,1,,,,4,,2024-04-17 20:11
4015,401501,25,2022,74,2,,,,,,,3,11,2,,,,4,,2024-04-17 20:11
4018,401801,25,2022,68,2,2,969,2011m10,4,429,2,3,11,2,60,,3,4,,2024-04-17 20:11
7881,401802,25,2022,43,6,2,561,2011m1,4,441,2,2,11,1,250,,3,4,,2024-04-17 20:11
4020,402002,25,2022,64,3,,,,,,,3,8,2,,,,5,,2024-04-17 20:11
4020,402003,25,2022,32,3,1,494,2020m10,3,922,1,1,8,1,300,2,3,5,,2024-04-17 20:11
4020,402004,25,2022,31,3,1,107,2019m2,2,710,1,1,8,2,220,2,3,5,,2024-04-17 20:11
6001,402005,25,2022,55,3,1,561,2017m10,1,287,1,1,9,1,236,1,2,5,,2024-04-17 20:11
4022,402201,25,2022,78,3,2,969,1980m4,4,823,2,2,11,1,250,,3,4,,2024-04-17 20:11
4022,402202,25,2022,70,2,3,969,1980m4,5,722,2,2,11,2,,,3,4,,2024-04-17 20:11
7155,402203,25,2022,45,6,2,969,2016m11,4,,2,2,11,1,280,,3,4,,2024-04-17 20:11
8690,402204,25,2022,43,5,1,851,2019m3,1,421,1,2,11,2,260,1,2,4,,2024-04-17 20:11
4023,402301,25,2022,79,2,,,,,,,2,11,1,,,,4,,2024-04-17 20:11
4023,402302,25,2022,72,2,1,969,2020m1,2,951,1,2,11,2,100,2,2,4,,2024-04-17 20:11
6600,402305,25,2022,46,5,1,841,2021m9,2,314,1,2,1,2,230,2,2,4,,2024-04-17 20:11
6345,402306,25,2022,43,5,,,,,,,2,4,1,,,,4,,2024-04-17 20:11
7264,402307,25,2022,41,6,1,851,2004m3,1,252,1,2,11,1,330,1,2,3,,2024-04-17 20:11
4024,402401,25,2022,70,2,2,11,2022m3,4,611,2,2,11,1,12,,3,4,,2024-04-17 20:11
4024,402402,25,2022,64,2,,,,,,,2,11,2,,,,4,,2024-04-17 20:11
4024,402403,25,2022,40,3,1,262,2012m10,2,863,1,3,11,2,300,2,2,5,,2024-04-17 20:11
8788,402404,25,2022,38,5,2,493,2020m5,4,873,2,2,11,1,500,,2,4,,2024-04-17 20:11
4024,402409,25,2022,15,2,,,,,,,1,11,1,,,,4,,2024-04-17 20:11
4025,402502,25,2022,74,2,,,,,,,3,11,2,,,,3,,2024-04-17 20:11
6819,402503,25,2022,50,6,1,204,2022m4,1,753,1,2,11,1,210,1,3,4,,2024-04-17 20:11
6332,402504,25,2022,48,6,2,561,2015m6,4,441,2,2,11,1,800,,2,3,,2024-04-17 20:11
6819,402506,25,2022,44,5,1,162,2022m6,1,312,1,2,11,2,164,1,3,4,,2024-04-17 20:11
6819,402507,25,2022,23,3,,,,,,,1,11,1,,,,5,,2024-04-17 20:11
6819,402508,25,2022,19,4,1,471,2021m3,3,521,1,1,11,2,146,2,3,4,,2024-04-17 20:11
4027,402701,25,2022,85,2,1,872,2022m2,3,,1,3,11,2,27,2,2,5,,2024-04-17 20:11
4029,402901,25,2022,55,3,1,141,2001m2,1,312,1,2,1,1,500,1,2,4,,2024-04-17 20:11
4030,403001,25,2022,61,2,1,561,2019m5,3,441,1,3,11,2,220,2,2,5,,2024-04-17 20:11
4030,403002,25,2022,37,3,1,463,2020m5,2,399,1,1,11,1,250,2,3,5,,2024-04-17 20:11
4030,403003,25,2022,36,3,1,231,2013m5,1,843,1,1,11,2,250,1,3,5,,2024-04-17 20:11
4031,403101,25,2022,70,2,1,561,2016m4,2,952,1,3,11,2,109,2,3,5,,2024-04-17 20:11
4032,403202,25,2022,84,2,1,872,2014m3,2,429,1,3,11,2,27,2,2,4,,2024-04-17 20:11
6083,403203,25,2022,54,3,2,492,1999m5,4,875,2,2,11,1,250,,3,4,,2024-04-17 20:11
6072,403401,25,2022,76,2,2,11,2004m3,4,611,2,2,11,1,20,,3,5,,2024-04-17 20:11
6072,403402,25,2022,71,2,1,682,2021m9,1,941,1,2,11,2,166,2,3,5,,2024-04-17 20:11
4034,403403,25,2022,47,5,1,641,2000m2,1,121,1,2,11,1,790,1,2,3,,2024-04-17 20:11
4034,403405,25,2022,44,5,1,641,2001m11,1,320,1,2,11,2,744,1,2,3,,2024-04-17 20:11
4034,403406,25,2022,20,4,,,,,,,1,11,2,,,,3,,2024-04-17 20:11
4034,403407,25,2022,17,2,,,,,,,1,11,2,,,,2,,2024-04-17 20:11
4035,403501,25,2022,78,2,,,,,,,3,11,2,,,,6,,2024-04-17 20:11
10172,403502,25,2022,47,3,1,411,2018m7,3,910,1,1,9,1,200,2,3,6,,2024-04-17 20:11
4036,403601,25,2022,70,3,2,11,1976m2,4,611,2,3,11,1,80,,3,5,,2024-04-17 20:11
6341,403602,25,2022,65,2,2,561,2006m3,4,441,2,3,11,2,160,,3,5,,2024-04-17 20:11
9137,403603,25,2022,43,5,1,381,2022m1,1,873,1,1,11,1,316,1,3,4,,2024-04-17 20:11
6591,403604,25,2022,40,3,1,285,2016m5,1,510,1,2,11,1,267,1,3,4,,2024-04-17 20:11
4037,403702,25,2022,84,2,,,,,,,3,11,2,,,,5,,2024-04-17 20:11
10113,403703,25,2022,49,3,1,463,2008m6,1,510,1,3,11,1,495,1,2,4,,2024-04-17 20:11
6636,403704,25,2022,49,3,1,291,2016m1,1,239,1,3,11,2,247,1,2,4,,2024-04-17 20:11
4037,403705,25,2022,25,3,1,212,2016m1,1,930,1,1,11,2,270,1,3,4,,2024-04-17 20:11
4037,403706,25,2022,22,5,1,473,2021m3,1,531,1,1,11,2,300,1,3,4,,2024-04-17 20:11
4038,403801,25,2022,77,3,2,842,2009m2,4,399,2,2,11,1,200,,3,4,,2024-04-17 20:11
4038,403802,25,2022,73,2,,,,,,,2,11,2,,,,4,,2024-04-17 20:11
4038,403803,25,2022,48,5,1,493,2012m3,1,922,1,3,11,1,296,1,4,4,,2024-04-17 20:11
6930,403804,25,2022,46,4,2,872,2020m9,4,247,2,3,11,2,450,,2,4,,2024-04-17 20:11
4039,403902,25,2022,80,2,,,,,,,3,11,2,,,,4,,2024-04-17 20:11
5479,403904,25,2022,44,3,,,,,,,2,10,2,,,,3,,2024-04-17 20:11
4041,404102,25,2022,86,2,,,,,,,3,11,2,,,,5,,2024-04-17 20:11
4042,404201,25,2022,64,3,1,492,2018m7,1,873,1,2,11,1,370,1,3,4,,2024-04-17 20:11
4042,404202,25,2022,57,3,,,,,,,2,11,2,,,,4,,2024-04-17 20:11
8479,404204,25,2022,34,5,,,,,,,2,11,2,,,,4,,2024-04-17 20:11
4043,404301,25,2022,67,3,2,471,2012m7,4,521,2,2,11,1,520,,3,4,,2024-04-17 20:11
4043,404302,25,2022,64,3,3,471,2012m7,5,521,2,2,11,2,,,3,4,,2024-04-17 20:11
10357,404303,25,2022,41,5,1,856,2020m11,1,312,1,3,11,2,237,1,3,5,,2024-04-17 20:11
8134,404304,25,2022,39,5,,,,,,,2,11,2,,,,4,,2024-04-17 20:11
4043,404308,25,2022,89,1,,,,,,,3,11,2,,,,4,,2024-04-17 20:11
4044,404401,25,2022,66,4,1,953,2021m9,3,792,1,2,11,1,35,2,4,6,,2024-04-17 20:11
4044,404402,25,2022,57,2,1,751,2018m4,2,941,1,2,11,2,90,2,4,5,,2024-04-17 20:11
9661,404403,25,2022,30,5,1,721,2019m8,1,231,1,2,11,1,345,1,2,4,,2024-04-17 20:11
4044,404404,25,2022,29,3,1,474,2020m5,1,521,1,1,11,2,185,1,3,5,,2024-04-17 20:11
4045,404501,25,2022,73,3,3,561,2021m10,5,442,2,2,11,1,,,4,4,,2024-04-17 20:11
4045,404502,25,2022,71,3,2,561,1993m6,4,441,2,2,11,2,150,,3,4,,2024-04-17 20:11
4046,404602,25,2022,74,2,2,11,2013m3,4,611,2,3,11,2,40,,3,4,,2024-04-17 20:11
4047,404701,25,2022,59,6,2,949,2006m6,4,248,2,2,9,1,200,,2,4,,2024-04-17 20:11
4047,404702,25,2022,54,6,1,872,2007m6,1,254,1,2,9,2,200,1,2,5,,2024-04-17 20:11
9499,404703,25,2022,30,6,2,478,2022m5,4,521,2,1,8,2,20,,2,3,,2024-04-17 20:11
6082,404802,25,2022,82,1,,,,,,,3,11,2,,,,5,,2024-04-17 20:11
4048,404804,25,2022,50,3,1,382,2019m5,1,941,1,3,11,2,257,2,3,4,,2024-04-17 20:11
4048,404805,25,2022,31,5,1,742,2018m1,1,941,1,1,11,1,370,1,3,4,,2024-04-17 20:11
9834,404806,25,2022,27,3,,,,,,,2,11,2,,,,4,,2024-04-17 20:11
4049,404901,25,2022,49,3,1,381,2020m1,1,941,1,2,11,1,370,1,3,4,,2024-04-17 20:11
4050,405001,25,2022,83,2,,,,,,,3,11,1,,,,5,,2024-04-17 20:11
4050,405002,25,2022,62,2,2,11,1986m3,4,611,2,2,11,1,100,,3,4,,2024-04-17 20:11
4050,405003,25,2022,59,2,3,11,2016m7,5,611,2,2,11,2,,,3,5,,2024-04-17 20:11
8376,405004,25,2022,37,5,1,381,2019m6,1,941,1,2,11,1,475,1,3,4,,2024-04-17 20:11
4052,405201,25,2022,67,2,1,411,2016m9,3,910,1,2,11,1,100,2,3,5,,2024-04-17 20:11
4052,405202,25,2022,57,2,,,,,,,2,11,2,,,,6,,2024-04-17 20:11
4053,405302,25,2022,65,3,1,969,2015m1,1,421,1,3,11,2,100,2,3,6,,2024-04-17 20:11
7882,405303,25,2022,44,6,1,853,2015m1,1,251,1,2,12,2,300,2,2,4,,2024-04-17 20:11
8692,405304,25,2022,38,6,1,649,2012m1,1,320,1,2,19,1,450,1,3,4,,2024-04-17 20:11
4055,405501,25,2022,67,2,1,424,1995m6,3,783,1,2,11,1,200,2,3,4,,2024-04-17 20:11
4055,405502,25,2022,80,2,,,,,,,2,11,2,,,,4,,2024-04-17 20:11
7492,405503,25,2022,40,5,2,952,2007m12,4,751,2,2,11,1,500,,3,4,,2024-04-17 20:11
4056,405602,25,2022,86,2,,,,,,,3,14,2,,,,6,,2024-04-17 20:11
5515,405703,25,2022,50,3,2,467,2011m2,4,521,2,2,11,1,1000,,3,4,,2024-04-17 20:11
5515,405704,25,2022,46,3,,,,,,,2,11,2,,,,4,,2024-04-17 20:11
5515,405705,25,2022,22,4,,,,,,,1,11,2,,,,3,,2024-04-17 20:11
4058,405801,25,2022,70,2,1,682,2021m1,1,942,1,2,11,1,197,2,3,4,,2024-04-17 20:11
4060,406001,25,2022,64,2,1,682,2019m1,1,783,1,2,11,1,227,2,3,5,,2024-04-17 20:11
4060,406002,25,2022,61,3,1,204,2001m12,1,899,1,2,11,2,246,1,3,5,,2024-04-17 20:11
9500,406003,25,2022,35,6,,,,,,,2,11,2,,,,3,,2024-04-17 20:11
10173,406004,25,2022,32,6,1,653,2020m7,1,312,1,1,11,1,327,1,2,4,,2024-04-17 20:11
4060,406005,25,2022,90,1,,,,,,,3,11,2,,,,4,,2024-04-17 20:11
10117,406204,25,2022,29,6,1,261,2018m7,1,234,1,1,8,1,350,1,2,4,,2024-04-17 20:11
4063,406302,25,2022,78,2,,,,,,,3,11,2,,,,5,,2024-04-17 20:11
5827,406303,25,2022,45,4,,,,,,,2,11,2,,,,5,,2024-04-17 20:11
4064,406401,25,2022,66,2,1,841,2016m2,2,991,1,2,11,1,212,2,3,4,,2024-04-17 20:11
4064,406402,25,2022,59,2,1,561,2021m9,3,952,1,2,11,2,130,2,3,5,,2024-04-17 20:11
4064,406403,25,2022,38,3,1,561,2012m4,1,922,1,1,11,1,232,1,3,4,,2024-04-17 20:11
8581,406404,25,2022,35,6,1,561,2022m3,2,442,1,2,1,2,140,2,3,5,,2024-04-17 20:11
4065,406501,25,2022,88,2,,,,,,,2,4,1,,,,6,,2024-04-17 20:11
4065,406502,25,2022,85,2,,,,,,,2,4,2,,,,5,,2024-04-17 20:11
10358,406503,25,2022,60,5,,,,,,,3,11,1,,,,5,,2024-04-17 20:11
4066,406602,25,2022,72,2,,,,,,,3,11,2,,,,5,,2024-04-17 20:11
8544,406605,25,2022,41,3,,,,,,,2,11,2,,,,4,,2024-04-17 20:11
4068,406802,25,2022,65,2,2,11,1980m1,4,611,2,2,11,1,700,,2,4,,2024-04-17 20:11
4068,406803,25,2022,62,2,3,11,1980m1,5,611,2,2,11,2,,,2,4,,2024-04-17 20:11
7383,406804,25,2022,42,6,1,521,2019m11,1,873,1,2,8,1,245,2,3,5,,2024-04-17 20:11
8545,406805,25,2022,41,5,2,961,2021m4,4,422,2,2,4,1,500,,3,4,,2024-04-17 20:11
5226,407002,25,2022,67,2,,,,,,,1,8,1,,,,6,,2024-04-17 20:11
4070,407003,25,2022,50,2,2,12,2004m4,4,613,2,2,11,1,200,,2,4,,2024-04-17 20:11
4070,407004,25,2022,34,2,3,11,2021m6,5,991,2,2,11,2,,,3,4,,2024-04-17 20:11
4071,407101,25,2022,85,2,,,,,,,3,19,2,,,,4,,2024-04-17 20:11
4071,407102,25,2022,50,2,,,,,,,1,19,1,,,,4,,2024-04-17 20:11
4073,407301,25,2022,84,1,1,841,2019m2,3,941,1,3,19,2,27,2,2,5,,2024-04-17 20:11
5303,407302,25,2022,48,6,1,422,2004m4,1,792,1,2,4,1,340,1,2,3,,2024-04-17 20:11
4074,407403,25,2022,74,2,,,,,,,2,19,1,,,,4,,2024-04-17 20:11
4074,407404,25,2022,72,2,,,,,,,2,19,2,,,,4,,2024-04-17 20:11
6845,407405,25,2022,46,6,1,478,2016m1,1,242,1,2,19,1,930,1,2,1,,2024-04-17 20:11
5654,407406,25,2022,43,3,,,,,,,3,11,2,,,,4,,2024-04-17 20:11
6273,407503,25,2022,44,6,1,264,2004m4,1,221,1,2,8,1,660,1,2,3,,2024-04-17 20:11
4077,407701,25,2022,77,2,2,11,1969m6,4,611,2,2,11,1,117,,3,4,,2024-04-17 20:11
4077,407703,25,2022,74,2,3,11,1968m6,5,611,2,2,11,2,,,4,4,,2024-04-17 20:11
6323,407706,25,2022,43,6,,,,,,,2,11,2,,,,4,,2024-04-17 20:11
4078,407803,25,2022,74,2,,,,,,,3,11,2,,,,5,,2024-04-17 20:11
5781,407804,25,2022,45,3,1,423,2012m10,1,762,1,2,11,1,400,2,3,4,,2024-04-17 20:11
4079,407901,25,2022,82,2,1,872,2022m1,3,941,1,2,11,1,57,2,3,4,,2024-04-17 20:11
4079,407902,25,2022,76,2,1,872,2022m2,3,429,1,2,11,2,27,2,2,5,,2024-04-17 20:11
10174,407905,25,2022,24,3,1,303,2017m3,1,854,1,1,11,2,228,1,3,5,,2024-04-17 20:11
4079,407906,25,2022,22,4,,,,,,,1,11,2,,,,4,,2024-04-17 20:11
4080,408001,25,2022,79,2,2,11,1968m6,4,611,2,2,11,1,10,,3,4,,2024-04-17 20:11
4080,408002,25,2022,72,2,1,841,2018m3,3,421,1,2,11,2,27,2,2,4,,2024-04-17 20:11
4080,408003,25,2022,48,3,1,729,,1,762,1,2,11,1,400,1,3,4,,2024-04-17 20:11
4080,408007,25,2022,15,2,,,,,,,1,11,1,,,,4,,2024-04-17 20:11
4081,408102,25,2022,94,1,,,,,,,3,11,2,,,,5,,2024-04-17 20:11
4085,408503,25,2022,85,2,,,,,,,3,11,2,,,,5,,2024-04-17 20:11
5428,408504,25,2022,53,5,2,713,2010m6,4,285,2,3,1,2,350,,2,4,,2024-04-17 20:11
4088,408801,25,2022,76,3,2,11,1970m3,4,611,2,2,11,1,120,,4,4,,2024-04-17 20:11
4088,408802,25,2022,75,2,3,11,2002m7,5,611,2,2,11,2,,,3,5,,2024-04-17 20:11
5834,408803,25,2022,47,6,2,582,2022m1,4,222,2,2,11,1,50,,2,3,,2024-04-17 20:11
7232,408804,25,2022,44,3,,,,,,,2,11,1,,,,5,,2024-04-17 20:11
4089,408902,25,2022,95,1,,,,,,,3,11,2,,,,5,,2024-04-17 20:11
5103,408903,25,2022,61,3,1,852,2022m1,2,783,1,2,11,1,197,2,3,3,,2024-04-17 20:11
5103,408904,25,2022,57,2,1,852,2002m7,1,441,1,2,11,2,197,2,3,3,,2024-04-17 20:11
9680,408905,25,2022,31,6,1,852,2019m3,1,243,1,2,8,2,300,1,2,4,,2024-04-17 20:11
10023,408907,25,2022,27,6,1,872,2020m2,1,247,1,1,19,1,247,1,3,4,,2024-04-17 20:11
4089,408908,25,2022,71,2,1,851,2015m7,1,783,1,2,11,1,196,2,3,3,,2024-04-17 20:11
4089,408909,25,2022,67,2,1,862,2012m2,1,441,1,2,11,2,125,2,3,3,,2024-04-17 20:11
4090,409001,25,2022,64,3,1,108,2017m3,1,874,1,3,11,1,235,1,3,4,,2024-04-17 20:11
8480,409002,25,2022,59,2,1,561,2019m7,1,952,1,3,8,2,170,1,3,6,,2024-04-17 20:11
9140,409003,25,2022,39,6,1,733,2022m4,1,284,1,2,11,1,267,1,3,4,,2024-04-17 20:11
8694,409004,25,2022,35,5,,,,,,,2,8,2,,,,5,,2024-04-17 20:11
5111,409005,25,2022,92,1,,,,,,,3,11,2,,,,5,,2024-04-17 20:11
5111,409006,25,2022,53,3,,,,,,,1,11,1,,,,5,,2024-04-17 20:11
9140,409007,25,2022,38,5,1,339,2022m6,1,730,1,2,11,2,172,1,3,5,,2024-04-17 20:11
4091,409101,25,2022,59,3,2,11,2019m6,4,611,2,2,11,1,30,,4,5,,2024-04-17 20:11
8135,409103,25,2022,38,6,1,561,2020m12,1,922,1,3,11,1,198,1,3,4,,2024-04-17 20:11
4093,409301,25,2022,59,3,1,853,1999m11,1,852,1,2,11,1,490,1,3,4,,2024-04-17 20:11
4093,409302,25,2022,53,5,1,742,2021m3,1,941,1,2,11,2,157,2,3,5,,2024-04-17 20:11
9769,409303,25,2022,28,6,,,,,,,2,8,2,,,,5,,2024-04-17 20:11
4093,409304,25,2022,26,6,,,,,,,1,11,2,,,,4,,2024-04-17 20:11
5307,409306,25,2022,81,1,,,,,,,3,11,2,,,,5,,2024-04-17 20:11
4094,409401,25,2022,70,3,,,,,,,2,11,1,,,,3,,2024-04-17 20:11
4094,409402,25,2022,70,3,,,,,,,2,11,2,,,,2,,2024-04-17 20:11
8136,409403,25,2022,45,5,2,107,2017m9,4,710,2,2,11,2,350,,2,4,,2024-04-17 20:11
6580,409404,25,2022,43,4,2,494,2020m2,4,922,2,3,8,1,400,,3,4,,2024-04-17 20:11
7883,409405,25,2022,40,4,1,301,2005m12,1,854,1,2,11,1,500,1,2,3,,2024-04-17 20:11
4097,409702,25,2022,61,3,,,,,,,3,11,2,,,,4,,2024-04-17 20:11
4098,409801,25,2022,80,2,2,11,1965m3,4,611,2,2,11,1,115,,3,4,,2024-04-17 20:11
4098,409802,25,2022,76,2,3,11,1967m3,5,611,2,2,11,2,,,3,5,,2024-04-17 20:11
9141,409803,25,2022,53,3,2,422,2006m2,4,753,2,3,11,1,300,,3,4,,2024-04-17 20:11
4099,409902,25,2022,70,2,,,,,,,3,11,2,,,,4,,2024-04-17 20:11
6931,409903,25,2022,48,6,1,582,2018m10,1,222,1,2,4,1,570,1,2,4,,2024-04-17 20:11
4100,410002,25,2022,90,2,,,,,,,3,11,2,,,,3,,2024-04-17 20:11
4100,410003,25,2022,63,5,2,11,2020m6,4,611,2,2,11,1,40,,3,3,,2024-04-17 20:11
4100,410004,25,2022,64,5,1,969,2020m5,1,421,1,2,11,2,27,2,3,4,,2024-04-17 20:11
8812,410006,25,2022,35,6,1,682,2013m10,1,314,1,2,7,1,500,1,2,4,,2024-04-17 20:11
4101,410102,25,2022,54,2,1,11,2010m3,3,991,1,3,11,2,230,2,4,5,,2024-04-17 20:11
8377,410103,25,2022,33,2,1,561,2014m4,2,442,1,1,11,2,150,2,3,5,,2024-04-17 20:11
4101,410104,25,2022,30,2,,,,,,,1,11,2,,,,5,,2024-04-17 20:11
9315,410106,25,2022,28,4,1,649,2022m6,1,320,1,1,1,2,200,1,2,5,,2024-04-17 20:11
9501,410107,25,2022,26,3,1,303,2016m10,1,854,1,1,11,1,215,1,3,5,,2024-04-17 20:11
4102,410201,25,2022,54,1,2,11,1986m3,4,611,2,2,11,1,130,,3,5,,2024-04-17 20:11
4102,410202,25,2022,58,3,3,11,1997m1,5,611,2,2,11,2,,,4,4,,2024-04-17 20:11
4103,410302,25,2022,89,1,,,,,,,3,8,2,,,,6,,2024-04-17 20:11
4103,410303,25,2022,64,3,3,472,1997m3,5,521,2,2,8,2,,,2,3,,2024-04-17 20:11
4103,410304,25,2022,65,5,2,472,2010m3,4,521,2,2,8,1,1000,,1,3,,2024-04-17 20:11
4104,410402,25,2022,61,2,,,,,,,3,11,2,,,,6,,2024-04-17 20:11
10387,410403,25,2022,37,2,,,,,,,2,11,2,,,,5,,2024-04-17 20:11
7421,410404,25,2022,35,3,,,,,,,1,11,2,,,,6,,2024-04-17 20:11
6342,410405,25,2022,32,3,1,11,2019m2,2,922,1,1,11,2,115,2,3,5,,2024-04-17 20:11
7911,410406,25,2022,28,3,1,303,2013m2,1,930,1,2,11,1,134,2,3,5,,2024-04-17 20:11
4105,410501,25,2022,60,2,1,751,2001m8,3,910,1,3,11,1,180,2,4,6,,2024-04-17 20:11
7384,410502,25,2022,57,3,1,551,2022m4,1,873,1,3,11,2,315,2,2,5,,2024-04-17 20:11
9519,410503,25,2022,34,5,1,521,2022m2,1,751,1,2,5,1,315,1,2,5,,2024-04-17 20:11
4106,410601,25,2022,66,2,,,,,,,2,11,1,,,,6,,2024-04-17 20:11
4106,410602,25,2022,64,2,1,861,2022m2,1,421,1,2,11,2,210,2,3,5,,2024-04-17 20:11
4106,410604,25,2022,31,5,1,107,2017m4,1,811,1,1,11,1,300,1,3,5,,2024-04-17 20:11
4107,410701,25,2022,86,1,,,,,,,2,11,1,,,,4,,2024-04-17 20:11
4107,410702,25,2022,85,1,,,,,,,2,11,2,,,,4,,2024-04-17 20:11
4109,410901,25,2022,82,2,2,11,1964m3,4,611,2,3,11,1,500,,3,3,,2024-04-17 20:11
9041,410903,25,2022,45,6,,,,,,,2,12,2,,,,5,,2024-04-17 20:11
4109,410904,25,2022,55,5,2,11,2017m3,4,611,2,2,11,1,350,,3,4,,2024-04-17 20:11
4109,410905,25,2022,53,3,1,107,2018m9,1,710,1,2,11,2,180,1,3,4,,2024-04-17 20:11
4110,411001,25,2022,90,2,,,,,,,2,11,1,,,,4,,2024-04-17 20:11
4110,411002,25,2022,87,2,,,,,,,2,11,2,,,,4,,2024-04-17 20:11
5477,411004,25,2022,60,4,2,961,1997m12,4,422,2,3,11,2,200,,2,4,,2024-04-17 20:11
9681,411005,25,2022,31,4,2,561,2022m1,4,441,2,1,11,1,200,,3,4,,2024-04-17 20:11
8711,411006,25,2022,32,6,,,,,,,2,1,2,,,,4,,2024-04-17 20:11
4114,411403,25,2022,58,6,1,751,2014m1,1,,1,1,11,1,230,1,3,4,,2024-04-17 20:11
4115,411502,25,2022,86,1,,,,,,,3,8,2,,,,5,,2024-04-17 20:11
4115,411503,25,2022,57,2,1,107,2021m9,1,811,1,3,8,1,320,1,3,5,,2024-04-17 20:11
4118,411801,25,2022,75,2,2,493,2002m11,4,921,2,2,12,1,70,,3,5,,2024-04-17 20:11
4118,411802,25,2022,67,2,1,862,2022m5,2,441,1,2,12,2,190,2,2,5,,2024-04-17 20:11
7884,411803,25,2022,44,5,,,,,,,2,8,2,,,,4,,2024-04-17 20:11
7886,411804,25,2022,43,5,,,,,,,2,12,2,,,,4,,2024-04-17 20:11
8378,411805,25,2022,39,4,,,,,,,2,12,2,,,,4,,2024-04-17 20:11
6357,411901,25,2022,47,5,1,841,2002m10,1,311,1,2,12,2,370,1,2,3,,2024-04-17 20:11
4119,411902,25,2022,43,6,1,351,2012m5,1,235,1,2,4,1,370,1,2,4,,2024-04-17 20:11
4119,411907,25,2022,40,5,1,861,2020m7,1,243,1,2,4,2,360,1,3,4,,2024-04-17 20:11
4120,412001,25,2022,78,2,2,961,1976m6,4,422,2,2,12,1,40,,3,3,,2024-04-17 20:11
4120,412002,25,2022,75,2,,,,,,,2,12,2,,,,3,,2024-04-17 20:11
5066,412005,25,2022,49,6,,,,,,,2,12,2,,,,4,,2024-04-17 20:11
4121,412101,25,2022,90,3,,,,,,,2,12,1,,,,4,,2024-04-17 20:11
4121,412102,25,2022,86,2,,,,,,,2,12,2,,,,4,,2024-04-17 20:11
4123,412301,25,2022,74,2,,,,,,,2,12,1,,,,3,,2024-04-17 20:11
4123,412302,25,2022,71,2,1,872,2019m7,2,421,1,2,12,2,110,2,2,4,,2024-04-17 20:11
7118,412304,25,2022,43,6,1,862,2011m10,1,243,1,2,8,2,300,1,2,3,,2024-04-17 20:11
6670,412306,25,2022,37,5,1,681,2021m10,2,312,1,2,8,2,480,2,2,5,,2024-04-17 20:11
4124,412401,25,2022,82,2,,,,,,,3,12,1,,,,5,,2024-04-17 20:11
6896,412403,25,2022,53,5,1,729,2000m3,1,231,1,2,12,1,350,1,2,5,,2024-04-17 20:11
6896,412405,25,2022,47,3,1,561,2022m3,2,441,1,2,12,2,100,2,4,5,,2024-04-17 20:11
6896,412406,25,2022,24,4,,,,,,,1,12,1,,,,5,,2024-04-17 20:11
6896,412407,25,2022,22,3,,,,,,,1,12,1,,,,5,,2024-04-17 20:11
4129,412901,25,2022,75,3,2,11,2012m8,4,611,2,2,12,1,200,,2,3,,2024-04-17 20:11
4129,412902,25,2022,73,2,3,11,2012m8,5,611,2,2,12,2,,,2,3,,2024-04-17 20:11
5432,412903,25,2022,50,3,1,872,2017m6,2,421,1,2,8,2,100,2,2,3,,2024-04-17 20:11
5229,412904,25,2022,46,6,,,,,,,2,8,2,,,,3,,2024-04-17 20:11
6895,412905,25,2022,43,5,,,,,,,2,8,2,,,,3,,2024-04-17 20:11
4130,413001,25,2022,80,6,,,,,,,3,12,1,,,,3,,2024-04-17 20:11
5523,413003,25,2022,50,6,2,712,2007m9,4,271,2,2,1,1,700,,2,4,,2024-04-17 20:11
4131,413101,25,2022,80,2,,,,,,,2,12,1,,,,4,,2024-04-17 20:11
4131,413102,25,2022,76,2,,,,,,,2,12,2,,,,4,,2024-04-17 20:11
5952,413103,25,2022,52,3,1,303,2016m9,1,312,1,2,12,1,350,1,3,4,,2024-04-17 20:11
5597,413104,25,2022,49,5,3,561,2004m4,5,442,2,2,6,2,,,3,4,,2024-04-17 20:11
6567,413105,25,2022,47,6,2,949,2022m1,4,254,2,2,19,2,32,,2,3,,2024-04-17 20:11
4132,413201,25,2022,84,4,,,,,,,3,8,1,,,,4,,2024-04-17 20:11
4135,413502,25,2022,76,2,,,,,,,3,12,2,,,,5,,2024-04-17 20:11
5081,413503,25,2022,51,3,1,871,2012m8,2,429,1,2,13,2,180,2,3,5,,2024-04-17 20:11
7200,413504,25,2022,48,5,3,561,2004m1,5,521,2,2,12,2,,,3,5,,2024-04-17 20:11
4136,413602,25,2022,75,2,1,841,2022m2,2,922,1,3,12,2,27,2,2,6,,2024-04-17 20:11
4137,413701,25,2022,73,2,,,,,,,2,12,1,,,,5,,2024-04-17 20:11
4137,413702,25,2022,70,2,,,,,,,2,12,2,,,,5,,2024-04-17 20:11
4139,413903,25,2022,54,3,1,751,2021m12,2,941,1,2,12,1,250,2,2,4,,2024-04-17 20:11
5330,413904,25,2022,50,6,1,851,1999m3,1,131,1,2,12,2,633,1,2,3,,2024-04-17 20:11
4139,413907,25,2022,38,3,1,101,2018m7,1,710,1,2,12,2,270,1,2,4,,2024-04-17 20:11
4140,414001,25,2022,61,2,2,492,1993m4,4,875,2,2,12,1,150,,2,4,,2024-04-17 20:11
4140,414002,25,2022,60,2,,,,,,,2,12,2,,,,4,,2024-04-17 20:11
8379,414003,25,2022,34,4,1,262,2010m4,1,234,1,2,11,2,405,1,3,3,,2024-04-17 20:11
9662,414004,25,2022,33,6,1,862,2020m1,1,245,1,2,8,1,350,1,3,4,,2024-04-17 20:11
4142,414202,25,2022,83,3,,,,,,,3,12,2,,,,4,,2024-04-17 20:11
4143,414301,25,2022,69,3,,,,,,,2,12,1,,,,4,,2024-04-17 20:11
4143,414302,25,2022,61,3,,,,,,,2,12,2,,,,4,,2024-04-17 20:11
6647,414303,25,2022,40,6,1,861,2004m3,1,243,1,1,12,2,450,1,3,4,,2024-04-17 20:11
4143,414304,25,2022,37,3,1,871,2020m10,1,421,1,1,12,2,190,1,2,2,,2024-04-17 20:11
4143,414305,25,2022,27,4,,,,,,,1,12,1,,,,3,,2024-04-17 20:11
5569,414404,25,2022,44,3,,,,,,,3,11,2,,,,6,,2024-04-17 20:11
4145,414502,25,2022,75,2,,,,,,,3,12,2,,,,4,,2024-04-17 20:11
4146,414601,25,2022,50,6,1,853,1998m2,1,312,1,1,14,2,292,2,2,4,,2024-04-17 20:11
8273,414903,25,2022,40,6,,,,,,,2,12,2,,,,4,,2024-04-17 20:11
5686,415101,25,2022,49,3,1,561,2011m2,1,952,1,2,12,2,270,2,3,3,,2024-04-17 20:11
5954,415102,25,2022,43,5,,,,,,,2,8,2,,,,4,,2024-04-17 20:11
4151,415103,25,2022,45,5,1,561,2020m3,2,442,1,2,12,2,200,2,2,3,,2024-04-17 20:11
7152,415104,25,2022,41,3,1,259,2006m6,1,851,1,2,12,1,245,1,3,4,,2024-04-17 20:11
4151,415105,25,2022,46,5,1,869,2002m8,1,312,1,2,12,1,470,1,2,3,,2024-04-17 20:11
4151,415106,25,2022,17,2,,,,,,,1,12,2,,,,3,,2024-04-17 20:11
4154,415401,25,2022,78,2,,,,,,,2,12,1,,,,5,,2024-04-17 20:11
4154,415402,25,2022,75,2,,,,,,,2,12,2,,,,5,,2024-04-17 20:11
4155,415501,25,2022,80,3,2,682,1990m6,4,274,2,2,12,1,70,,3,4,,2024-04-17 20:11
4155,415502,25,2022,75,2,,,,,,,2,12,2,,,,3,,2024-04-17 20:11
6566,415503,25,2022,47,6,1,641,2002m2,1,224,1,2,1,1,800,1,2,3,,2024-04-17 20:11
7887,415603,25,2022,44,6,1,852,2022m3,2,252,1,2,12,2,400,2,3,3,,2024-04-17 20:11
7887,415606,25,2022,42,6,1,852,2010m3,1,252,1,2,12,1,425,1,3,3,,2024-04-17 20:11
4157,415701,25,2022,68,3,,,,,,,2,12,1,,,,4,,2024-04-17 20:11
4157,415702,25,2022,61,5,,,,,,,2,12,2,,,,4,,2024-04-17 20:11
7248,416204,25,2022,46,3,1,862,2017m12,1,246,1,2,12,2,195,1,3,4,,2024-04-17 20:11
4164,416401,25,2022,80,2,,,,,,,2,12,1,,,,4,,2024-04-17 20:11
4164,416402,25,2022,73,2,,,,,,,2,12,2,,,,4,,2024-04-17 20:11
4165,416501,25,2022,53,3,2,31,2012m4,4,630,2,2,13,1,800,,3,3,,2024-04-17 20:11
4165,416502,25,2022,50,3,,,,,,,2,13,2,,,,3,,2024-04-17 20:11
4165,416503,25,2022,15,2,,,,,,,1,13,2,,,,3,,2024-04-17 20:11
4165,416504,25,2022,15,2,,,,,,,1,13,2,,,,3,,2024-04-17 20:11
4166,416601,25,2022,83,6,,,,,,,2,12,1,,,,3,,2024-04-17 20:11
4166,416602,25,2022,80,6,,,,,,,2,12,2,,,,4,,2024-04-17 20:11
6559,416603,25,2022,53,6,1,715,2006m4,1,271,1,1,13,1,500,1,2,4,,2024-04-17 20:11
4167,416702,25,2022,47,2,1,493,2016m1,3,921,1,1,12,1,200,2,3,5,,2024-04-17 20:11
4168,416801,25,2022,63,6,1,949,2005m10,1,248,1,2,12,1,70,2,2,5,,2024-04-17 20:11
4168,416802,25,2022,58,4,,,,,,,2,12,2,,,,5,,2024-04-17 20:11
4168,416803,25,2022,99,1,,,,,,,3,12,2,,,,5,,2024-04-17 20:11
9142,416804,25,2022,33,6,1,751,2017m3,1,412,1,1,12,1,250,2,2,5,,2024-04-17 20:11
10175,416805,25,2022,31,6,2,562,2018m6,4,441,2,1,12,1,250,,2,5,,2024-04-17 20:11
4170,417001,25,2022,68,2,2,953,2013m10,4,722,2,3,12,1,80,,2,4,,2024-04-17 20:11
4171,417102,25,2022,75,2,,,,,,,3,12,2,,,,4,,2024-04-17 20:11
5073,417105,25,2022,50,5,1,611,1993m11,1,311,1,2,12,2,470,1,2,4,,2024-04-17 20:11
4172,417201,25,2022,74,3,,,,,,,2,12,1,,,,4,,2024-04-17 20:11
4172,417202,25,2022,70,2,,,,,,,2,12,2,,,,4,,2024-04-17 20:11
6631,417203,25,2022,47,6,1,292,2016m5,1,235,1,2,11,1,900,1,2,3,,2024-04-17 20:11
6395,417204,25,2022,45,5,,,,,,,2,11,2,,,,3,,2024-04-17 20:11
9043,417205,25,2022,44,4,,,,,,,2,11,2,,,,4,,2024-04-17 20:11
4173,417301,25,2022,79,2,,,,,,,3,12,1,,,,5,,2024-04-17 20:11
4175,417501,25,2022,77,3,,,,,,,2,12,1,,,,5,,2024-04-17 20:11
4175,417502,25,2022,74,2,,,,,,,2,12,2,,,,5,,2024-04-17 20:11
7888,417505,25,2022,40,6,1,701,2009m1,1,312,1,2,19,1,520,1,2,3,,2024-04-17 20:11
4177,417701,25,2022,78,6,,,,,,,2,12,1,,,,3,,2024-04-17 20:11
4177,417702,25,2022,75,2,,,,,,,2,12,2,,,,4,,2024-04-17 20:11
5335,417703,25,2022,48,6,1,661,1999m5,1,272,1,2,12,1,875,1,2,3,,2024-04-17 20:11
6604,417704,25,2022,46,6,2,284,2013m4,4,312,2,2,12,1,500,,2,4,,2024-04-17 20:11
5851,417705,25,2022,44,6,1,841,2020m8,1,311,1,2,12,2,370,2,2,3,,2024-04-17 20:11
4178,417801,25,2022,70,2,1,742,2018m9,1,941,1,3,12,2,120,2,2,5,,2024-04-17 20:11
4180,418002,25,2022,81,3,,,,,,,3,12,2,,,,4,,2024-04-17 20:11
5956,418003,25,2022,52,6,1,233,2000m3,1,312,1,2,8,1,500,1,3,3,,2024-04-17 20:11
6565,418004,25,2022,47,6,,,,,,,2,8,2,,,,3,,2024-04-17 20:11
4182,418201,25,2022,65,6,2,711,2020m9,4,261,2,2,12,1,130,,2,4,,2024-04-17 20:11
4182,418202,25,2022,65,3,,,,,,,2,12,2,,,,4,,2024-04-17 20:11
10176,418203,25,2022,37,6,1,844,2020m9,1,261,1,1,8,2,350,1,3,3,,2024-04-17 20:11
4182,418204,25,2022,35,4,1,711,2022m5,1,330,1,1,12,1,190,1,2,4,,2024-04-17 20:11
4183,418301,25,2022,78,3,,,,,,,2,12,1,,,,4,,2024-04-17 20:11
4183,418302,25,2022,70,2,,,,,,,2,12,2,,,,4,,2024-04-17 20:11
5329,418303,25,2022,50,6,3,561,2018m1,5,442,2,2,12,1,,,3,4,,2024-04-17 20:11
4184,418401,25,2022,68,6,2,901,2008m8,4,284,2,1,12,2,30,,2,5,,2024-04-17 20:11
4186,418601,25,2022,58,3,,,,,,,2,12,1,,,,5,,2024-04-17 20:11
4186,418602,25,2022,54,3,,,,,,,2,12,2,,,,5,,2024-04-17 20:11
8546,418604,25,2022,33,5,,,,,,,2,12,2,,,,3,,2024-04-17 20:11
4186,418606,25,2022,19,4,1,841,2021m10,2,259,1,1,12,2,50,2,2,5,,2024-04-17 20:11
4187,418702,25,2022,84,2,1,841,2021m6,2,941,1,3,12,2,27,2,3,4,,2024-04-17 20:11
4188,418801,25,2022,82,3,1,872,2019m6,2,429,1,2,12,1,27,2,2,4,,2024-04-17 20:11
4188,418802,25,2022,75,2,1,872,2022m2,2,941,1,2,12,2,27,2,2,5,,2024-04-17 20:11
8381,418804,25,2022,44,6,1,851,2014m2,1,252,1,2,12,2,430,1,2,4,,2024-04-17 20:11
9663,418805,25,2022,43,5,1,862,2018m6,1,246,1,1,19,1,300,1,3,3,,2024-04-17 20:11
4189,418901,25,2022,62,2,,,,,,,2,12,1,,,,4,,2024-04-17 20:11
4189,418902,25,2022,60,2,2,479,1999m9,4,922,2,2,12,2,200,,2,4,,2024-04-17 20:11
8382,418903,25,2022,37,4,1,251,2022m6,1,743,1,2,12,1,450,1,2,4,,2024-04-17 20:11
8790,418904,25,2022,36,3,1,292,2022m2,1,743,1,3,12,1,300,1,2,4,,2024-04-17 20:11
8382,418907,25,2022,38,3,1,478,2021m6,2,314,1,2,12,2,190,2,2,4,,2024-04-17 20:11
4190,419001,25,2022,57,6,1,465,2022m1,1,521,1,2,8,1,400,1,3,4,,2024-04-17 20:11
4190,419002,25,2022,51,6,,,,,,,2,8,2,,,,3,,2024-04-17 20:11
4190,419003,25,2022,16,2,,,,,,,1,8,2,,,,4,,2024-04-17 20:11
5024,419103,25,2022,43,3,2,339,2015m5,4,721,2,2,8,1,1000,,2,5,,2024-04-17 20:11
4192,419201,25,2022,76,3,,,,,,,2,12,1,,,,5,,2024-04-17 20:11
4192,419202,25,2022,71,2,1,871,2021m2,2,421,1,2,12,2,120,2,2,5,,2024-04-17 20:11
5957,419203,25,2022,48,6,1,842,1998m8,1,311,1,2,5,2,607,1,2,3,,2024-04-17 20:11
6908,419204,25,2022,46,6,1,701,2004m1,1,235,1,2,4,1,630,1,2,3,,2024-04-17 20:11
7190,419205,25,2022,44,6,3,107,2012m11,5,521,2,2,8,2,,,3,5,,2024-04-17 20:11
4193,419301,25,2022,89,2,,,,,,,3,12,2,,,,5,,2024-04-17 20:11
4195,419501,25,2022,68,2,,,,,,,2,12,1,,,,4,,2024-04-17 20:11
4195,419502,25,2022,66,2,2,969,1998m4,4,722,2,2,12,2,150,,3,4,,2024-04-17 20:11
8547,419503,25,2022,40,6,1,841,2020m8,1,313,1,2,12,2,500,1,2,3,,2024-04-17 20:11
7220,419504,25,2022,38,6,1,465,2013m7,1,312,1,2,12,2,333,1,2,4,,2024-04-17 20:11
4197,419701,25,2022,69,2,,,,,,,3,8,2,,,,4,,2024-04-17 20:11
9316,419702,25,2022,49,6,1,471,2017m2,1,521,1,1,12,1,250,1,2,4,,2024-04-17 20:11
4197,419703,25,2022,47,6,2,721,2020m8,4,231,2,2,8,1,500,,2,2,,2024-04-17 20:11
4198,419801,25,2022,77,2,,,,,,,2,12,1,,,,4,,2024-04-17 20:11
4198,419802,25,2022,60,3,,,,,,,2,12,2,,,,4,,2024-04-17 20:11
8481,419804,25,2022,30,5,1,262,2010m12,1,863,1,2,11,2,390,1,2,3,,2024-04-17 20:11
4199,419901,25,2022,85,2,,,,,,,2,12,1,,,,5,,2024-04-17 20:11
4199,419902,25,2022,83,2,,,,,,,2,12,2,,,,5,,2024-04-17 20:11
4200,420002,25,2022,83,2,,,,,,,3,12,2,,,,4,,2024-04-17 20:11
4200,420003,25,2022,53,6,1,464,1999m2,1,312,1,3,12,1,400,1,3,4,,2024-04-17 20:11
4201,420101,25,2022,75,3,1,872,2020m5,2,873,1,2,12,1,110,2,3,4,,2024-04-17 20:11
4201,420102,25,2022,73,3,2,651,2001m4,4,510,2,2,12,2,150,,3,4,,2024-04-17 20:11
5085,420103,25,2022,50,5,1,856,2021m6,2,286,1,2,12,2,60,2,2,4,,2024-04-17 20:11
4202,420201,25,2022,57,6,1,844,1992m9,1,411,1,2,12,1,750,1,2,5,,2024-04-17 20:11
4202,420202,25,2022,54,6,,,,,,,2,12,2,,,,4,,2024-04-17 20:11
10009,420203,25,2022,28,4,1,421,2021m9,3,782,1,1,12,1,200,2,4,5,,2024-04-17 20:11
10177,420204,25,2022,26,4,,,,,,,1,8,1,,,,6,,2024-04-17 20:11
4203,420301,25,2022,51,6,1,841,1995m1,1,311,1,2,12,2,420,1,2,3,,2024-04-17 20:11
4203,420302,25,2022,53,6,1,411,2005m4,1,312,1,2,12,1,800,1,2,3,,2024-04-17 20:11
4203,420303,25,2022,24,4,,,,,,,1,12,1,,,,4,,2024-04-17 20:11
4203,420304,25,2022,22,4,,,,,,,1,12,2,,,,4,,2024-04-17 20:11
9317,420501,25,2022,53,3,1,952,2003m6,1,312,1,2,12,1,550,1,2,4,,2024-04-17 20:11
5958,420502,25,2022,51,3,3,11,2022m4,5,611,2,2,14,2,,,4,5,,2024-04-17 20:11
4205,420504,25,2022,78,2,,,,,,,3,12,2,,,,4,,2024-04-17 20:11
4206,420601,25,2022,67,3,1,521,2011m11,2,874,1,2,12,1,230,2,2,4,,2024-04-17 20:11
4206,420602,25,2022,63,2,,,,,,,2,12,2,,,,4,,2024-04-17 20:11
9318,420604,25,2022,36,3,1,204,2019m3,1,891,1,2,12,1,250,1,2,4,,2024-04-17 20:11
4208,420801,25,2022,64,6,,,,,,,2,12,1,,,,3,,2024-04-17 20:11
4208,420802,25,2022,63,3,1,472,2021m12,2,532,1,2,12,2,130,2,2,4,,2024-04-17 20:11
9579,420804,25,2022,32,6,1,862,2019m3,1,392,1,2,8,1,700,1,2,4,,2024-04-17 20:11
9345,421001,25,2022,84,4,,,,,,,3,12,1,,,,6,,2024-04-17 20:11
4211,421102,25,2022,76,3,2,474,1978m6,4,521,2,3,12,2,50,,4,4,,2024-04-17 20:11
6785,421103,25,2022,53,6,2,711,2015m5,4,261,2,2,8,1,500,,2,4,,2024-04-17 20:11
7737,421105,25,2022,45,6,2,465,2012m11,4,312,2,2,5,1,450,,2,4,,2024-04-17 20:11
4212,421201,25,2022,87,4,,,,,,,2,12,1,,,,5,,2024-04-17 20:11
4212,421202,25,2022,79,2,,,,,,,2,12,2,,,,5,,2024-04-17 20:11
5774,421204,25,2022,46,6,,,,,,,3,12,2,,,,5,,2024-04-17 20:11
5772,421205,25,2022,43,5,,,,,,,2,12,2,,,,6,,2024-04-17 20:11
6638,421503,25,2022,55,2,1,502,2022m1,1,238,1,2,12,1,380,1,2,4,,2024-04-17 20:11
5079,421505,25,2022,48,5,1,862,2018m11,1,243,1,2,8,2,250,1,3,4,,2024-04-17 20:11
4216,421601,25,2022,78,2,2,11,1968m3,4,611,2,2,12,1,30,,3,5,,2024-04-17 20:11
4216,421602,25,2022,78,2,3,11,1972m10,5,611,2,2,12,2,,,3,4,,2024-04-17 20:11
8383,421603,25,2022,46,3,2,952,2016m2,4,751,2,2,12,1,500,,2,4,,2024-04-17 20:11
4217,421702,25,2022,74,2,,,,,,,3,12,2,,,,5,,2024-04-17 20:11
7738,421703,25,2022,46,5,2,423,2021m2,4,762,2,2,12,1,350,,4,4,,2024-04-17 20:11
4218,421802,25,2022,76,2,,,,,,,3,12,2,,,,5,,2024-04-17 20:11
9664,421805,25,2022,24,4,1,911,2022m2,3,432,1,1,12,1,60,2,3,5,,2024-04-17 20:11
4219,421903,25,2022,55,3,1,231,2003m3,1,843,1,1,12,1,400,1,2,3,,2024-04-17 20:11
4220,422003,25,2022,50,2,1,412,2018m2,2,782,1,3,12,1,400,2,3,4,,2024-04-17 20:11
4221,422101,25,2022,81,2,,,,,,,3,12,2,,,,5,,2024-04-17 20:11
4222,422202,25,2022,60,3,1,411,2009m3,3,910,1,3,12,2,120,2,3,6,,2024-04-17 20:11
8548,422204,25,2022,32,3,,,,,,,2,12,2,,,,4,,2024-04-17 20:11
4223,422301,25,2022,64,3,1,872,2017m4,2,875,1,2,12,1,150,2,2,4,,2024-04-17 20:11
4223,422302,25,2022,57,2,1,561,2017m4,2,952,1,2,12,2,100,2,3,4,,2024-04-17 20:11
4223,422304,25,2022,27,4,,,,,,,1,12,1,,,,5,,2024-04-17 20:11
4225,422501,25,2022,62,3,1,751,2016m3,1,942,1,3,12,1,210,2,3,5,,2024-04-17 20:11
6228,422502,25,2022,63,3,1,861,2022m1,2,421,1,3,12,2,200,2,2,4,,2024-04-17 20:11
4225,422505,25,2022,89,1,,,,,,,3,12,2,,,,5,,2024-04-17 20:11
4227,422702,25,2022,76,2,,,,,,,3,12,2,,,,4,,2024-04-17 20:11
6356,422704,25,2022,47,6,1,241,2016m9,1,851,1,2,12,1,250,1,3,4,,2024-04-17 20:11
5960,422705,25,2022,44,6,1,561,2021m11,3,710,1,2,1,1,300,2,2,4,,2024-04-17 20:11
4229,422901,25,2022,88,1,,,,,,,3,12,2,,,,4,,2024-04-17 20:11
5234,422902,25,2022,38,5,1,641,2007m4,1,320,1,1,1,2,400,1,2,4,,2024-04-17 20:11
5234,422903,25,2022,35,5,,,,,,,1,1,1,,,,5,,2024-04-17 20:11
4230,423001,25,2022,91,2,,,,,,,3,12,1,,,,4,,2024-04-17 20:11
4232,423201,25,2022,55,6,2,721,2014m8,4,231,2,2,12,1,50,,3,4,,2024-04-17 20:11
4232,423202,25,2022,52,5,1,861,1986m3,1,312,1,2,12,2,500,1,2,4,,2024-04-17 20:11
4232,423203,25,2022,26,4,,,,,,,1,12,1,,,,4,,2024-04-17 20:11
4234,423401,25,2022,58,4,1,841,1990m8,1,311,1,2,12,1,560,1,2,3,,2024-04-17 20:11
4234,423402,25,2022,58,6,1,841,1990m12,1,311,1,2,12,2,560,1,2,3,,2024-04-17 20:11
4237,423701,25,2022,77,6,,,,,,,2,12,1,,,,3,,2024-04-17 20:11
4237,423702,25,2022,73,6,,,,,,,2,12,2,,,,3,,2024-04-17 20:11
7890,423704,25,2022,43,6,1,529,2008m3,1,312,1,1,1,2,660,1,2,4,,2024-04-17 20:11
4240,424002,25,2022,62,2,2,11,2015m3,4,611,2,3,12,2,60,,3,4,,2024-04-17 20:11
10010,424003,25,2022,35,6,,,,,,,2,12,2,,,,4,,2024-04-17 20:11
4240,424004,25,2022,32,4,1,12,,1,613,1,1,12,1,450,2,2,4,,2024-04-17 20:11
4242,424201,25,2022,73,3,2,733,1974m3,4,892,2,2,12,1,60,,2,4,,2024-04-17 20:11
4242,424202,25,2022,66,2,3,733,1980m7,5,892,2,2,12,2,,,2,4,,2024-04-17 20:11
4243,424301,25,2022,56,3,2,493,2008m6,4,875,2,2,12,1,550,,3,3,,2024-04-17 20:11
4243,424302,25,2022,51,3,,,,,,,2,12,2,,,,3,,2024-04-17 20:11
4244,424401,25,2022,60,6,1,641,1989m2,1,132,1,2,12,1,1083,1,2,3,,2024-04-17 20:11
4244,424402,25,2022,57,5,2,651,1993m4,4,510,2,2,12,2,300,,2,3,,2024-04-17 20:11
10178,424403,25,2022,31,6,1,712,2021m9,1,271,1,1,1,1,350,1,2,4,,2024-04-17 20:11
4244,424404,25,2022,30,6,1,844,2018m2,1,311,1,1,12,2,200,1,2,3,,2024-04-17 20:11
4245,424501,25,2022,73,2,1,529,2010m6,1,521,1,2,12,1,190,2,2,5,,2024-04-17 20:11
4245,424502,25,2022,65,2,1,561,2022m3,2,952,1,2,12,2,90,2,3,5,,2024-04-17 20:11
6568,424504,25,2022,40,3,1,291,2021m6,1,854,1,2,11,2,220,2,3,4,,2024-04-17 20:11
8954,424505,25,2022,38,6,1,582,2018m2,1,222,1,1,1,1,380,1,2,4,,2024-04-17 20:11
4248,424801,25,2022,56,6,1,651,2010m8,2,510,1,2,12,1,583,2,3,4,,2024-04-17 20:11
4248,424802,25,2022,52,5,1,872,2011m1,1,247,1,2,12,2,220,2,2,4,,2024-04-17 20:11
4248,424804,25,2022,25,4,,,,,,,1,12,1,,,,4,,2024-04-17 20:11
4249,424901,25,2022,54,6,1,702,2012m12,2,312,1,2,8,1,500,2,3,4,,2024-04-17 20:11
4249,424902,25,2022,54,6,,,,,,,2,8,2,,,,4,,2024-04-17 20:11
4249,424903,25,2022,26,4,,,,,,,1,8,1,,,,5,,2024-04-17 20:11
4251,425103,25,2022,83,2,2,11,,4,611,2,2,12,1,83,,2,4,,2024-04-17 20:11
4251,425108,25,2022,74,2,3,11,2013m9,5,611,2,2,12,2,,,3,4,,2024-04-17 20:11
4252,425201,25,2022,64,3,1,492,2017m8,1,873,1,2,12,1,150,1,3,4,,2024-04-17 20:11
4252,425202,25,2022,57,3,1,651,2020m12,2,510,1,2,12,2,333,2,3,4,,2024-04-17 20:11
9835,425203,25,2022,38,4,1,172,2009m1,1,891,1,2,12,1,333,1,2,4,,2024-04-17 20:11
10359,425204,25,2022,33,6,1,701,2019m12,1,312,1,2,12,2,220,1,2,4,,2024-04-17 20:11
8792,425205,25,2022,33,6,2,911,2017m6,4,286,2,2,15,1,300,,3,5,,2024-04-17 20:11
4253,425301,25,2022,64,2,1,411,1988m9,3,782,1,3,12,1,150,2,2,4,,2024-04-17 20:11
9502,425304,25,2022,34,3,1,562,2021m9,1,441,1,1,12,2,250,2,2,4,,2024-04-17 20:11
4254,425401,25,2022,62,3,1,494,2019m7,3,921,1,2,8,1,170,2,3,5,,2024-04-17 20:11
4254,425402,25,2022,56,3,1,561,2005m11,2,952,1,2,8,2,220,2,3,5,,2024-04-17 20:11
4254,425403,25,2022,30,6,1,721,2019m8,1,231,1,1,8,1,280,1,3,5,,2024-04-17 20:11
4255,425502,25,2022,83,1,,,,,,,3,12,2,,,,4,,2024-04-17 20:11
4256,425602,25,2022,58,6,1,852,1987m11,1,252,1,3,12,2,600,1,2,4,,2024-04-17 20:11
4256,425603,25,2022,25,6,1,701,2022m2,1,211,1,1,12,2,250,2,2,4,,2024-04-17 20:11
4258,425802,25,2022,65,3,1,11,2008m3,3,991,1,3,12,2,150,2,3,6,,2024-04-17 20:11
9045,425803,25,2022,40,6,2,561,2022m3,4,441,2,2,1,2,150,,2,4,,2024-04-17 20:11
4260,426001,25,2022,66,2,2,561,2004m6,4,441,2,3,11,2,250,,3,4,,2024-04-17 20:11
8385,426002,25,2022,44,6,2,561,2021m11,4,441,2,2,11,2,250,,2,4,,2024-04-17 20:11
8386,426003,25,2022,42,6,1,561,2021m11,2,442,1,2,11,2,150,2,2,3,,2024-04-17 20:11
8793,426004,25,2022,39,4,1,951,2011m2,1,881,1,2,11,1,396,2,3,3,,2024-04-17 20:11
4262,426201,25,2022,63,3,1,411,2001m10,3,743,1,2,12,1,150,2,3,4,,2024-04-17 20:11
4262,426202,25,2022,56,2,,,,,,,2,12,2,,,,5,,2024-04-17 20:11
10360,426203,25,2022,32,3,1,452,2020m2,1,922,1,2,12,1,210,1,2,5,,2024-04-17 20:11
4263,426301,25,2022,85,3,,,,,,,2,12,1,,,,5,,2024-04-17 20:11
4263,426302,25,2022,83,3,,,,,,,2,12,2,,,,4,,2024-04-17 20:11
4267,426701,25,2022,86,2,,,,,,,3,12,1,,,,4,,2024-04-17 20:11
5745,426703,25,2022,56,3,2,11,1988m10,4,611,2,2,12,1,800,,2,4,,2024-04-17 20:11
5745,426704,25,2022,50,3,3,11,1993m6,5,611,2,2,12,2,,,3,3,,2024-04-17 20:11
5745,426705,25,2022,26,6,,,,,,,1,12,2,,,,4,,2024-04-17 20:11
5745,426707,25,2022,24,3,3,11,2021m3,5,991,2,1,12,1,,,3,4,,2024-04-17 20:11
4268,426801,25,2022,86,1,,,,,,,2,12,1,,,,4,,2024-04-17 20:11
4268,426802,25,2022,76,2,2,11,2014m1,4,611,2,2,12,2,50,,3,4,,2024-04-17 20:11
5089,426803,25,2022,51,3,1,301,1996m6,1,854,1,3,12,1,600,1,2,4,,2024-04-17 20:11
4269,426902,25,2022,68,1,,,,,,,3,12,2,,,,5,,2024-04-17 20:11
7739,426903,25,2022,45,2,1,472,2015m6,2,521,1,1,12,1,150,2,3,5,,2024-04-17 20:11
6337,426905,25,2022,50,3,1,471,2022m5,2,521,1,3,8,2,99,2,3,6,,2024-04-17 20:11
4270,427002,25,2022,74,2,,,,,,,3,12,2,,,,4,,2024-04-17 20:11
5491,427003,25,2022,48,5,,,,,,,2,10,2,,,,4,,2024-04-17 20:11
5473,427004,25,2022,47,3,1,451,2021m4,1,510,1,2,8,1,450,1,2,4,,2024-04-17 20:11
6940,427005,25,2022,45,5,1,861,2018m1,1,243,1,3,1,2,290,1,3,5,,2024-04-17 20:11
7146,427006,25,2022,41,6,1,411,2006m9,1,231,1,2,12,1,400,1,3,4,,2024-04-17 20:11
4271,427101,25,2022,90,2,,,,,,,2,12,1,,,,5,,2024-04-17 20:11
4271,427102,25,2022,87,1,,,,,,,2,12,2,,,,5,,2024-04-17 20:11
4272,427201,25,2022,54,3,2,423,2019m1,4,772,2,1,12,1,200,,2,4,,2024-04-17 20:11
4272,427202,25,2022,103,1,,,,,,,3,12,2,,,,4,,2024-04-17 20:11
4272,427203,25,2022,81,2,2,11,1955m6,4,611,2,2,12,1,40,,3,4,,2024-04-17 20:11
4272,427204,25,2022,77,2,3,11,1969m3,5,611,2,2,12,2,,,3,4,,2024-04-17 20:11
4274,427401,25,2022,78,2,2,11,1970m6,4,611,2,2,12,1,83,,3,4,,2024-04-17 20:11
4274,427402,25,2022,73,2,1,841,2022m2,2,941,1,2,12,2,27,2,2,4,,2024-04-17 20:11
6787,427405,25,2022,42,5,,,,,,,2,8,2,,,,4,,2024-04-17 20:11
4275,427502,25,2022,94,1,,,,,,,3,12,2,,,,5,,2024-04-17 20:11
5961,427603,25,2022,47,3,3,969,2004m10,5,722,2,2,12,2,,,3,4,,2024-04-17 20:11
6231,427604,25,2022,45,5,1,872,2020m3,1,247,1,2,8,2,178,2,3,5,,2024-04-17 20:11
7122,427605,25,2022,41,4,2,411,2018m11,4,875,2,2,4,1,500,,3,4,,2024-04-17 20:11
4277,427702,25,2022,89,2,,,,,,,3,12,2,,,,5,,2024-04-17 20:11
4277,427703,25,2022,65,1,,,,,,,1,12,2,,,,5,,2024-04-17 20:11
4278,427802,25,2022,86,3,,,,,,,2,12,1,,,,4,,2024-04-17 20:11
4278,427803,25,2022,85,2,,,,,,,2,12,2,,,,4,,2024-04-17 20:11
4279,427901,25,2022,89,1,,,,,,,3,12,2,,,,4,,2024-04-17 20:11
4279,427902,25,2022,63,2,1,411,2012m3,3,782,1,3,12,1,80,2,3,5,,2024-04-17 20:11
4281,428102,25,2022,84,2,2,11,2006m1,4,611,2,3,12,2,30,,3,4,,2024-04-17 20:11
4282,428201,25,2022,64,3,1,751,2021m1,2,910,1,3,11,1,200,2,2,5,,2024-04-17 20:11
9580,428203,25,2022,38,5,1,262,2014m2,1,864,1,1,8,1,280,1,2,3,,2024-04-17 20:11
9503,428204,25,2022,33,4,1,639,2018m6,2,286,1,1,4,1,250,2,3,5,,2024-04-17 20:11
4284,428401,25,2022,72,3,2,11,1974m9,4,611,2,2,12,1,100,,3,3,,2024-04-17 20:11
4284,428402,25,2022,70,2,3,11,1976m5,5,611,2,2,12,2,,,3,3,,2024-04-17 20:11
6492,428403,25,2022,45,3,1,872,2022m3,1,247,1,2,3,2,170,1,2,3,,2024-04-17 20:11
6335,428405,25,2022,42,6,1,620,2013m8,1,274,1,2,1,1,560,1,2,4,,2024-04-17 20:11
8140,428503,25,2022,51,6,1,872,2017m2,1,421,1,2,5,2,98,2,2,5,,2024-04-17 20:11
6333,428504,25,2022,49,6,1,701,2012m11,1,221,1,2,4,1,570,2,2,4,,2024-04-17 20:11
7173,428505,25,2022,46,6,1,285,2017m11,1,312,1,2,4,1,260,2,4,4,,2024-04-17 20:11
4287,428701,25,2022,68,2,2,11,1980m2,4,611,2,2,12,1,500,,3,3,,2024-04-17 20:11
4287,428702,25,2022,62,2,,,,,,,2,12,2,,,,3,,2024-04-17 20:11
7495,428703,25,2022,38,5,,,,,,,1,12,2,,,,4,,2024-04-17 20:11
8387,428704,25,2022,36,5,,,,,,,2,12,2,,,,4,,2024-04-17 20:11
8388,428705,25,2022,33,5,,,,,,,2,19,2,,,,4,,2024-04-17 20:11
9665,428706,25,2022,27,6,1,843,2018m3,1,980,1,1,19,1,260,1,3,3,,2024-04-17 20:11
4289,428902,25,2022,75,2,2,11,1967m3,4,611,2,3,12,2,85,,3,4,,2024-04-17 20:11
4291,429101,25,2022,82,2,2,475,1967m3,4,521,2,3,12,1,80,,3,4,,2024-04-17 20:11
5613,429104,25,2022,48,6,1,843,2014m6,1,311,1,2,1,2,370,1,4,4,,2024-04-17 20:11
4292,429201,25,2022,59,3,,,,,,,2,1,1,,,,3,,2024-04-17 20:11
4292,429202,25,2022,59,3,1,471,2020m2,3,521,1,2,1,2,100,2,3,3,,2024-04-17 20:11
9836,429203,25,2022,35,5,1,475,2021m10,1,312,1,1,8,1,200,1,3,5,,2024-04-17 20:11
4292,429205,25,2022,30,5,1,862,2016m6,1,245,1,1,1,2,300,1,3,3,,2024-04-17 20:11
4293,429301,25,2022,78,2,1,872,2019m1,2,421,1,3,12,2,27,2,2,4,,2024-04-17 20:11
5235,429302,25,2022,49,5,1,273,2016m3,1,843,1,1,8,1,430,1,2,4,,2024-04-17 20:11
4295,429501,25,2022,97,2,,,,,,,3,12,2,,,,5,,2024-04-17 20:11
4296,429602,25,2022,70,2,2,11,2020m3,4,611,2,3,12,2,30,,3,5,,2024-04-17 20:11
4296,429603,25,2022,50,2,,,,,,,1,12,1,,,,5,,2024-04-17 20:11
5069,429604,25,2022,48,6,1,852,2011m3,1,429,1,2,11,2,207,2,2,4,,2024-04-17 20:11
8549,429605,25,2022,46,6,1,463,2016m1,1,312,1,1,12,1,380,1,3,5,,2024-04-17 20:11
6637,429606,25,2022,44,3,3,11,2011m12,5,611,2,2,12,2,,,3,5,,2024-04-17 20:11
4297,429701,25,2022,77,2,1,841,2018m6,2,941,1,3,12,2,27,2,4,5,,2024-04-17 20:11
4297,429704,25,2022,19,4,1,562,2022m4,2,442,1,1,12,1,73,2,3,5,,2024-04-17 20:11
4298,429802,25,2022,87,2,,,,,,,3,12,2,,,,5,,2024-04-17 20:11
5070,429903,25,2022,57,2,2,11,2004m6,4,611,2,2,12,1,67,,2,6,,2024-04-17 20:11
4302,430201,25,2022,61,3,2,961,1987m3,4,422,2,3,12,1,150,,2,4,,2024-04-17 20:11
8699,430203,25,2022,35,5,1,844,2014m12,1,243,1,2,19,1,400,1,3,4,,2024-04-17 20:11
4302,430204,25,2022,30,4,,,,,,,1,12,1,,,,4,,2024-04-17 20:11
4303,430302,25,2022,73,2,1,841,2022m2,2,941,1,3,12,2,27,2,3,5,,2024-04-17 20:11
8794,430303,25,2022,38,5,1,301,2013m5,1,854,1,2,12,1,400,1,2,4,,2024-04-17 20:11
7387,430402,25,2022,42,3,,,,,,,2,1,2,,,,4,,2024-04-17 20:11
4304,430403,25,2022,39,5,1,423,2022m6,1,772,1,2,12,1,290,1,3,5,,2024-04-17 20:11
8795,430404,25,2022,66,2,1,11,2021m2,2,991,1,3,12,2,15,2,4,5,,2024-04-17 20:11
4304,430406,25,2022,39,6,1,862,2022m6,1,246,1,2,12,2,250,1,2,5,,2024-04-17 20:11
4305,430501,25,2022,78,2,2,11,2006m3,4,611,2,2,12,1,150,,3,4,,2024-04-17 20:11
4305,430502,25,2022,74,2,3,11,1971m12,5,611,2,2,12,2,,,3,4,,2024-04-17 20:11
6788,430503,25,2022,45,6,,,,,,,2,8,2,,,,3,,2024-04-17 20:11
5433,430504,25,2022,48,5,1,862,2021m1,1,243,1,2,8,2,260,1,2,3,,2024-04-17 20:11
4306,430602,25,2022,67,2,2,11,2011m3,5,611,2,3,12,2,,,2,3,,2024-04-17 20:11
7740,430603,25,2022,43,4,2,421,2014m1,4,783,2,2,8,1,890,,3,5,,2024-04-17 20:11
8278,430604,25,2022,41,5,1,855,2021m10,2,254,1,2,11,2,100,2,2,3,,2024-04-17 20:11
4308,430801,25,2022,69,2,2,951,2011m9,4,753,2,3,12,1,40,,3,5,,2024-04-17 20:11
9320,430901,25,2022,83,1,,,,,,,3,12,2,,,,6,,2024-04-17 20:11
4309,430902,25,2022,56,2,1,751,2008m9,3,910,1,2,12,1,150,2,3,5,,2024-04-17 20:11
4309,430907,25,2022,36,2,1,463,2021m2,2,899,1,2,12,2,200,2,3,5,,2024-04-17 20:11
4311,431102,25,2022,88,2,,,,,,,3,12,2,,,,5,,2024-04-17 20:11
6261,431203,25,2022,45,6,2,855,2016m12,4,254,2,2,12,2,300,,3,4,,2024-04-17 20:11
6504,431205,25,2022,41,6,,,,,,,2,8,2,,,,4,,2024-04-17 20:11
4313,431302,25,2022,77,2,1,872,2012m3,2,421,1,3,12,2,27,2,2,4,,2024-04-17 20:11
7388,431303,25,2022,46,6,1,851,2005m7,1,252,1,2,12,1,400,1,2,4,,2024-04-17 20:11
4315,431501,25,2022,87,2,1,841,2020m2,2,941,1,3,12,1,27,2,2,4,,2024-04-17 20:11
4318,431802,25,2022,62,2,1,861,2013m1,1,429,1,3,13,2,195,1,2,4,,2024-04-17 20:11
9144,431803,25,2022,38,5,,,,,,,3,13,2,,,,5,,2024-04-17 20:11
6943,431804,25,2022,35,5,1,261,2005m9,1,312,1,1,5,2,365,1,3,4,,2024-04-17 20:11
4319,431901,25,2022,73,3,1,872,2022m1,2,941,1,2,13,1,51,2,2,4,,2024-04-17 20:11
4319,431902,25,2022,68,2,,,,,,,2,13,2,,,,4,,2024-04-17 20:11
4320,432001,25,2022,59,5,1,729,2018m2,1,236,1,2,13,1,320,1,2,3,,2024-04-17 20:11
4320,432003,25,2022,27,3,1,844,2021m11,1,411,1,1,13,1,400,1,2,4,,2024-04-17 20:11
4320,432005,25,2022,56,3,1,969,2022m7,1,429,1,2,13,2,150,1,3,3,,2024-04-17 20:11
4321,432101,25,2022,75,6,,,,,,,2,13,1,,,,3,,2024-04-17 20:11
4321,432102,25,2022,75,5,,,,,,,2,13,2,,,,3,,2024-04-17 20:11
4322,432202,25,2022,56,6,1,852,1988m9,1,252,1,3,13,2,600,1,2,3,,2024-04-17 20:11
8141,432203,25,2022,31,3,1,561,2017m11,1,287,1,1,13,1,400,1,2,4,,2024-04-17 20:11
4324,432402,25,2022,68,3,,,,,,,3,13,2,,,,4,,2024-04-17 20:11
4325,432501,25,2022,61,6,1,721,2021m11,1,231,1,2,13,1,500,1,2,2,,2024-04-17 20:11
4325,432502,25,2022,61,5,,,,,,,2,13,2,,,,3,,2024-04-17 20:11
4327,432702,25,2022,72,1,1,872,2022m3,2,941,1,3,13,2,37,2,3,4,,2024-04-17 20:11
4328,432802,25,2022,88,1,,,,,,,3,13,2,,,,4,,2024-04-17 20:11
6493,432803,25,2022,50,6,1,872,2015m12,1,247,1,2,13,2,201,1,2,4,,2024-04-17 20:11
4328,432808,25,2022,61,3,1,461,1996m6,1,953,1,3,13,1,450,1,3,4,,2024-04-17 20:11
4329,432902,25,2022,55,2,,,,,,,2,13,2,,,,4,,2024-04-17 20:11
4329,432904,25,2022,32,5,1,862,2019m11,1,246,1,1,13,2,200,1,2,4,,2024-04-17 20:11
4329,432905,25,2022,30,6,1,841,2021m11,1,311,1,1,13,1,180,1,3,4,,2024-04-17 20:11
4330,433002,25,2022,81,2,,,,,,,3,13,2,,,,6,,2024-04-17 20:11
10193,433003,25,2022,34,5,,,,,,,2,6,1,,,,5,,2024-04-17 20:11
9145,433101,25,2022,85,1,,,,,,,3,13,1,,,,5,,2024-04-17 20:11
4331,433102,25,2022,76,1,,,,,,,3,13,2,,,,5,,2024-04-17 20:11
6948,433104,25,2022,45,3,1,421,2012m2,1,782,1,2,13,1,250,2,3,4,,2024-04-17 20:11
6949,433105,25,2022,42,3,1,421,2010m5,1,910,1,2,13,1,250,2,3,4,,2024-04-17 20:11
4332,433202,25,2022,83,1,,,,,,,3,13,2,,,,4,,2024-04-17 20:11
8796,433203,25,2022,57,3,2,953,2004m2,4,722,2,3,13,1,60,,3,5,,2024-04-17 20:11
5561,433204,25,2022,49,6,,,,,,,2,13,2,,,,4,,2024-04-17 20:11
4333,433301,25,2022,61,2,2,529,2002m3,4,921,2,2,6,1,700,,3,4,,2024-04-17 20:11
8797,433303,25,2022,35,2,1,715,2021m5,1,312,1,1,6,1,250,1,3,4,,2024-04-17 20:11
4333,433306,25,2022,65,2,1,742,2017m11,1,941,1,2,6,2,140,2,3,4,,2024-04-17 20:11
4334,433401,25,2022,69,2,1,842,2022m6,2,412,1,3,13,2,150,2,2,4,,2024-04-17 20:11
6379,433402,25,2022,45,6,1,854,2006m3,2,314,1,2,13,2,280,2,2,3,,2024-04-17 20:11
8142,433404,25,2022,39,5,1,862,2021m11,1,245,1,1,13,1,430,1,3,4,,2024-04-17 20:11
4335,433501,25,2022,64,3,2,472,2019m3,4,521,2,2,13,1,200,,2,3,,2024-04-17 20:11
4335,433502,25,2022,61,3,3,479,2019m11,5,532,2,2,13,2,,,3,3,,2024-04-17 20:11
4337,433701,25,2022,72,2,2,11,2010m3,4,611,2,2,13,1,30,,3,4,,2024-04-17 20:11
4337,433702,25,2022,60,3,1,852,2010m3,1,441,1,2,13,2,257,2,3,4,,2024-04-17 20:11
8798,433704,25,2022,36,6,1,851,2013m1,1,313,1,2,13,2,300,1,2,3,,2024-04-17 20:11
9666,433705,25,2022,28,6,1,851,2018m3,1,252,1,1,8,2,250,1,2,3,,2024-04-17 20:11
9667,433706,25,2022,28,6,1,851,2018m3,1,252,1,1,8,2,250,1,2,4,,2024-04-17 20:11
4338,433801,25,2022,87,1,,,,,,,3,13,2,,,,6,,2024-04-17 20:11
4341,434101,25,2022,70,3,,,,,,,3,13,1,,,,5,,2024-04-17 20:11
4344,434401,25,2022,64,3,1,492,2005m8,2,875,1,2,13,1,285,2,2,4,,2024-04-17 20:11
4344,434402,25,2022,60,3,1,872,2020m10,2,421,1,2,13,2,62,2,2,4,,2024-04-17 20:11
4344,434403,25,2022,35,4,1,529,2017m9,1,392,1,1,13,1,290,1,2,3,,2024-04-17 20:11
9322,434404,25,2022,34,6,1,842,2015m9,1,311,1,2,13,2,330,1,2,3,,2024-04-17 20:11
4345,434501,25,2022,63,6,2,32,2022m1,4,630,2,2,13,1,400,,3,4,,2024-04-17 20:11
4345,434502,25,2022,62,6,1,863,2010m7,1,133,1,2,13,2,570,1,2,3,,2024-04-17 20:11
4345,434504,25,2022,28,6,1,863,2022m1,1,243,1,1,13,2,200,1,2,3,,2024-04-17 20:11
4346,434601,25,2022,70,2,,,,,,,3,13,2,,,,6,,2024-04-17 20:11
8799,434602,25,2022,37,3,1,562,2020m2,2,442,1,3,13,2,120,2,3,5,,2024-04-17 20:11
4346,434604,25,2022,16,2,,,,,,,1,13,1,,,,5,,2024-04-17 20:11
4347,434701,25,2022,74,6,,,,,,,2,13,1,,,,3,,2024-04-17 20:11
4347,434703,25,2022,69,5,,,,,,,2,13,2,,,,2,,2024-04-17 20:11
7214,434704,25,2022,43,5,1,467,2006m12,1,881,1,2,11,1,600,1,2,3,,2024-04-17 20:11
7210,434705,25,2022,42,6,1,841,2007m4,1,262,1,2,13,1,400,1,2,4,,2024-04-17 20:11
4348,434801,25,2022,50,3,,,,,,,2,13,2,,,,3,,2024-04-17 20:11
4348,434802,25,2022,52,6,1,502,2012m2,1,312,1,2,13,1,400,1,2,3,,2024-04-17 20:11
4349,434901,25,2022,54,3,2,422,2000m5,4,792,2,2,13,1,130,,2,4,,2024-04-17 20:11
4349,434902,25,2022,84,2,,,,,,,3,13,2,,,,4,,2024-04-17 20:11
4349,434903,25,2022,49,3,1,472,2020m3,2,710,1,2,13,2,95,2,3,4,,2024-04-17 20:11
4350,435001,25,2022,74,3,2,492,1989m3,4,875,2,2,13,1,100,,2,3,,2024-04-17 20:11
4350,435002,25,2022,68,3,1,682,2019m9,2,941,1,2,13,2,150,2,2,3,,2024-04-17 20:11
6917,435003,25,2022,47,6,2,855,2019m11,4,254,2,2,8,2,100,,2,3,,2024-04-17 20:11
6494,435004,25,2022,44,6,1,641,2002m6,1,320,1,2,1,1,350,1,3,4,,2024-04-17 20:11
4352,435201,25,2022,61,3,2,479,2003m5,4,151,2,2,13,1,1000,,2,3,,2024-04-17 20:11
4352,435202,25,2022,58,3,3,479,2003m5,5,312,2,2,13,2,,,2,3,,2024-04-17 20:11
9323,435203,25,2022,33,6,,,,,,,2,12,2,,,,2,,2024-04-17 20:11
4352,435204,25,2022,31,5,1,411,2021m7,3,782,1,1,13,1,400,2,2,3,,2024-04-17 20:11
5817,435303,25,2022,49,5,1,201,2008m4,1,312,1,2,13,1,900,1,2,2,,2024-04-17 20:11
4354,435401,25,2022,62,2,2,561,2014m10,4,441,2,3,13,2,350,,2,4,,2024-04-17 20:11
5796,435402,25,2022,44,4,1,843,1998m5,1,980,1,2,9,1,340,1,2,4,,2024-04-17 20:11
9504,435403,25,2022,41,3,2,561,2021m1,4,441,2,3,13,2,200,,2,4,,2024-04-17 20:11
6920,435404,25,2022,39,3,1,911,2019m3,2,941,1,2,13,2,170,2,3,5,,2024-04-17 20:11
5237,435501,25,2022,47,3,1,861,2005m3,1,246,1,1,13,2,250,1,2,4,,2024-04-17 20:11
4355,435502,25,2022,77,2,2,969,1980m10,4,429,2,3,13,2,30,,2,5,,2024-04-17 20:11
5083,435503,25,2022,54,2,1,471,2022m6,2,521,1,2,13,2,180,2,3,4,,2024-04-17 20:11
7176,435504,25,2022,51,3,3,493,2021m11,5,922,2,2,13,2,,,3,4,,2024-04-17 20:11
5065,435505,25,2022,45,3,2,561,2014m10,4,441,2,3,13,2,250,,3,4,,2024-04-17 20:11
5448,435506,25,2022,43,3,3,493,2021m12,5,922,2,2,13,2,,,3,4,,2024-04-17 20:11
5448,435508,25,2022,44,3,2,494,2021m3,4,922,2,2,13,1,600,,3,4,,2024-04-17 20:11
8550,435601,25,2022,53,6,1,340,2021m10,3,752,1,3,2,1,120,2,4,6,,2024-04-17 20:11
4356,435602,25,2022,53,6,,,,,,,3,2,2,,,,5,,2024-04-17 20:11
4356,435603,25,2022,25,4,,,,,,,1,2,1,,,,5,,2024-04-17 20:11
4356,435604,25,2022,23,5,1,861,2022m3,1,243,1,1,2,2,155,1,2,5,,2024-04-17 20:11
4357,435701,25,2022,54,3,1,201,1991m4,1,831,1,2,13,1,1200,1,2,1,,2024-04-17 20:11
4357,435702,25,2022,52,3,2,762,2019m10,4,,2,2,13,2,150,,2,2,,2024-04-17 20:11
4357,435703,25,2022,25,6,,,,,,,1,13,1,,,,2,,2024-04-17 20:11
4357,435704,25,2022,23,5,1,265,2022m8,2,772,1,1,13,1,190,2,3,4,,2024-04-17 20:11
4359,435901,25,2022,59,3,1,421,2008m4,3,782,1,2,13,1,400,2,3,4,,2024-04-17 20:11
4359,435902,25,2022,54,3,1,467,2015m10,1,521,1,2,13,2,240,1,2,3,,2024-04-17 20:11
4359,435903,25,2022,28,6,1,841,2019m3,2,,1,1,13,1,185,2,3,4,,2024-04-17 20:11
4359,435904,25,2022,27,6,,,,,,,1,13,2,,,,3,,2024-04-17 20:11
4361,436102,25,2022,82,2,,,,,,,3,13,2,,,,5,,2024-04-17 20:11
4361,436103,25,2022,49,5,1,841,2022m1,2,941,1,1,13,1,50,2,3,5,,2024-04-17 20:11
4363,436301,25,2022,84,3,,,,,,,2,13,1,,,,4,,2024-04-17 20:11
4363,436302,25,2022,78,2,,,,,,,2,13,2,,,,4,,2024-04-17 20:11
5077,436303,25,2022,50,6,1,201,1996m3,1,236,1,2,13,1,1000,1,3,2,,2024-04-17 20:11
4364,436401,25,2022,63,2,1,411,2014m8,3,782,1,2,13,1,350,2,3,4,,2024-04-17 20:11
9146,436402,25,2022,37,3,1,292,2020m7,1,743,1,1,8,1,500,1,2,5,,2024-04-17 20:11
4364,436404,25,2022,82,1,2,11,1960m1,4,611,2,3,13,2,50,,3,4,,2024-04-17 20:11
4364,436406,25,2022,54,3,2,561,2020m5,4,441,2,2,13,2,250,,3,4,,2024-04-17 20:11
4365,436501,25,2022,72,2,,,,,,,3,13,1,,,,5,,2024-04-17 20:11
9048,436503,25,2022,42,6,,,,,,,2,6,2,,,,4,,2024-04-17 20:11
4366,436601,25,2022,84,2,2,479,1968m3,4,532,2,2,13,1,200,,3,4,,2024-04-17 20:11
4366,436602,25,2022,72,2,3,479,1980m6,5,532,2,2,13,2,,,3,4,,2024-04-17 20:11
8143,436605,25,2022,39,5,2,474,2012m4,4,521,2,2,13,1,600,,2,4,,2024-04-17 20:11
4368,436801,25,2022,59,3,1,871,2022m5,1,421,1,2,13,2,205,2,3,4,,2024-04-17 20:11
4368,436802,25,2022,33,6,1,842,2022m9,2,314,1,1,13,2,190,2,2,4,,2024-04-17 20:11
10011,436803,25,2022,31,6,1,871,2020m3,1,247,1,1,13,2,220,1,3,4,,2024-04-17 20:11
10361,436804,25,2022,28,6,1,852,2022m7,1,311,1,1,13,1,220,1,2,4,,2024-04-17 20:11
4368,436805,25,2022,62,3,,,,,,,2,13,1,,,,4,,2024-04-17 20:11
4369,436901,25,2022,67,5,2,463,2000m10,4,521,2,2,13,1,1200,,2,3,,2024-04-17 20:11
4369,436902,25,2022,63,3,,,,,,,2,13,2,,,,3,,2024-04-17 20:11
8144,436903,25,2022,38,6,1,463,2015m12,1,510,1,2,13,1,400,1,2,4,,2024-04-17 20:11
9324,436904,25,2022,36,6,2,478,2016m10,4,242,2,2,13,1,900,,3,4,,2024-04-17 20:11
10012,436905,25,2022,26,6,,,,,,,1,1,1,,,,3,,2024-04-17 20:11
8144,436906,25,2022,37,6,1,961,2016m9,1,422,1,2,13,2,150,2,3,4,,2024-04-17 20:11
4370,437001,25,2022,51,3,2,479,2019m7,4,531,2,2,13,1,100,,3,4,,2024-04-17 20:11
4370,437002,25,2022,50,5,1,478,2020m11,1,314,1,2,13,2,196,1,3,4,,2024-04-17 20:11
4373,437301,25,2022,83,4,,,,,,,2,4,1,,,,3,,2024-04-17 20:11
4373,437302,25,2022,83,3,,,,,,,2,4,2,,,,4,,2024-04-17 20:11
6405,437304,25,2022,50,6,1,841,2016m11,1,311,1,2,11,1,295,1,2,5,,2024-04-17 20:11
4373,437305,25,2022,21,3,,,,,,,1,4,1,,,,4,,2024-04-17 20:11
4374,437401,25,2022,61,3,1,491,2022m4,2,910,1,2,13,1,250,2,2,3,,2024-04-17 20:11
4374,437402,25,2022,61,3,,,,,,,2,13,2,,,,3,,2024-04-17 20:11
9837,437404,25,2022,28,6,1,591,2018m7,2,283,1,1,1,2,450,2,3,4,,2024-04-17 20:11
4375,437502,25,2022,64,3,,,,,,,3,13,2,,,,4,,2024-04-17 20:11
4375,437503,25,2022,40,5,1,241,2012m3,1,233,1,2,13,1,700,1,2,4,,2024-04-17 20:11
4375,437504,25,2022,37,6,,,,,,,2,13,2,,,,4,,2024-04-17 20:11
4376,437601,25,2022,71,2,2,162,1973m3,4,730,2,3,13,1,700,,3,4,,2024-04-17 20:11
8800,437603,25,2022,39,6,1,721,2022m2,1,235,1,2,8,1,540,1,2,5,,2024-04-17 20:11
4377,437704,25,2022,62,3,1,872,2019m10,1,421,1,3,13,1,160,2,3,4,,2024-04-17 20:11
8001,437801,25,2022,63,2,1,411,2015m10,3,743,1,3,13,1,72,2,3,5,,2024-04-17 20:11
4378,437802,25,2022,64,2,1,861,2013m3,1,441,1,3,13,2,200,1,2,4,,2024-04-17 20:11
7211,437803,25,2022,39,6,1,721,2020m5,1,753,1,1,13,1,260,1,3,5,,2024-04-17 20:11
9147,437804,25,2022,38,5,1,412,2022m4,1,312,1,2,13,1,320,1,3,4,,2024-04-17 20:11
4379,437901,25,2022,57,3,1,411,2017m3,3,782,1,2,13,1,250,2,3,4,,2024-04-17 20:11
4379,437902,25,2022,54,3,3,11,2018m9,5,611,2,2,13,2,,,3,4,,2024-04-17 20:11
9505,437903,25,2022,31,6,1,562,2017m11,1,441,1,1,4,2,180,1,2,4,,2024-04-17 20:11
9506,437904,25,2022,29,4,2,493,2017m9,4,922,2,1,13,1,1000,,2,4,,2024-04-17 20:11
4380,438001,25,2022,73,2,1,872,2019m2,2,941,1,3,13,2,27,2,3,5,,2024-04-17 20:11
5327,438003,25,2022,47,6,1,106,1993m4,1,141,1,2,13,1,800,1,2,3,,2024-04-17 20:11
4381,438101,25,2022,101,2,,,,,,,3,13,2,,,,5,,2024-04-17 20:11
4382,438201,25,2022,79,2,,,,,,,2,13,1,,,,4,,2024-04-17 20:11
4382,438202,25,2022,76,2,,,,,,,2,13,2,,,,4,,2024-04-17 20:11
8551,438203,25,2022,49,3,3,561,2017m2,5,441,2,2,13,1,,,3,4,,2024-04-17 20:11
8551,438204,25,2022,48,4,2,561,2017m2,4,442,2,2,13,2,400,,3,4,,2024-04-17 20:11
7744,438205,25,2022,38,3,1,682,2021m7,1,274,1,3,13,2,150,2,3,4,,2024-04-17 20:11
4382,438209,25,2022,18,2,,,,,,,1,13,2,,,,4,,2024-04-17 20:11
4384,438401,25,2022,79,4,,,,,,,2,13,1,,,,3,,2024-04-17 20:11
4384,438402,25,2022,70,6,,,,,,,2,13,2,,,,3,,2024-04-17 20:11
4384,438403,25,2022,46,6,1,851,2011m3,1,252,1,3,13,2,388,1,2,4,,2024-04-17 20:11
4387,438701,25,2022,69,6,1,721,2008m5,1,231,1,2,16,1,350,1,2,3,,2024-04-17 20:11
4387,438702,25,2022,63,6,,,,,,,2,16,2,,,,3,,2024-04-17 20:11
10362,438703,25,2022,36,4,1,411,2014m4,1,312,1,1,13,1,357,1,2,4,,2024-04-17 20:11
8801,438704,25,2022,34,5,,,,,,,2,8,2,,,,3,,2024-04-17 20:11
9924,438705,25,2022,30,4,1,855,2019m9,1,254,1,1,8,2,120,2,3,4,,2024-04-17 20:11
4388,438801,25,2022,69,6,,,,,,,2,1,1,,,,4,,2024-04-17 20:11
4388,438802,25,2022,64,6,1,969,2015m5,2,421,1,2,1,2,50,2,2,4,,2024-04-17 20:11
4390,439001,25,2022,77,2,,,,,,,2,6,1,,,,4,,2024-04-17 20:11
5316,439003,25,2022,55,6,1,478,2020m6,1,242,1,3,1,2,480,1,3,3,,2024-04-17 20:11
5316,439005,25,2022,27,4,,,,,,,1,1,1,,,,3,,2024-04-17 20:11
5316,439006,25,2022,25,6,1,620,2021m1,1,222,1,1,1,2,380,1,3,3,,2024-04-17 20:11
5316,439007,25,2022,23,4,,,,,,,1,1,2,,,,4,,2024-04-17 20:11
4390,439008,25,2022,75,2,1,872,2021m4,2,941,1,2,6,2,,2,3,4,,2024-04-17 20:11
4391,439102,25,2022,79,1,2,11,1990m6,4,611,2,3,13,2,50,,3,5,,2024-04-17 20:11
4392,439202,25,2022,82,2,,,,,,,3,6,1,,,,4,,2024-04-17 20:11
5436,439203,25,2022,48,5,1,291,1999m6,1,854,1,2,8,1,480,1,2,4,,2024-04-17 20:11
4393,439303,25,2022,69,2,2,969,2014m6,4,429,2,3,13,2,30,,3,5,,2024-04-17 20:11
4394,439401,25,2022,92,2,,,,,,,3,13,2,,,,5,,2024-04-17 20:11
8002,439502,25,2022,36,4,1,292,2022m4,1,312,1,2,8,1,365,1,2,4,,2024-04-17 20:11
4396,439601,25,2022,81,6,1,949,1985m8,1,248,1,2,13,1,150,1,2,3,,2024-04-17 20:11
4396,439602,25,2022,76,2,,,,,,,2,13,2,,,,3,,2024-04-17 20:11
5080,439603,25,2022,51,3,1,202,1994m10,1,312,1,3,13,1,1000,1,2,4,,2024-04-17 20:11
7496,439605,25,2022,44,6,2,862,2009m5,4,241,2,2,13,1,1500,,1,1,,2024-04-17 20:11
4397,439701,25,2022,54,3,1,411,2013m6,3,783,1,2,13,1,320,2,3,4,,2024-04-17 20:11
4397,439702,25,2022,52,3,1,872,2018m9,1,421,1,2,13,2,300,1,2,4,,2024-04-17 20:11
4397,439703,25,2022,28,5,1,204,2020m9,1,831,1,1,13,1,500,1,3,4,,2024-04-17 20:11
4397,439704,25,2022,25,5,1,203,2021m8,1,832,1,1,13,1,380,1,3,3,,2024-04-17 20:11
4398,439801,25,2022,63,3,1,841,2020m3,2,941,1,3,1,1,35,2,3,5,,2024-04-17 20:11
10363,439802,25,2022,56,3,1,742,2021m2,1,941,1,2,13,2,180,1,3,6,,2024-04-17 20:11
8003,439803,25,2022,31,3,1,911,2021m11,2,286,1,1,1,1,350,2,3,6,,2024-04-17 20:11
7891,439804,25,2022,30,2,1,551,2018m10,1,441,1,1,1,1,260,1,2,4,,2024-04-17 20:11
4399,439901,25,2022,63,5,1,861,2018m8,1,312,1,2,13,1,300,1,3,4,,2024-04-17 20:11
4399,439902,25,2022,59,3,1,912,2019m5,1,521,1,2,13,2,260,1,2,4,,2024-04-17 20:11
9668,439903,25,2022,31,6,1,949,2022m1,1,312,1,1,6,1,350,1,2,4,,2024-04-17 20:11
4400,440001,25,2022,68,3,,,,,,,2,13,1,,,,3,,2024-04-17 20:11
4400,440002,25,2022,64,3,,,,,,,2,13,2,,,,4,,2024-04-17 20:11
8956,440003,25,2022,40,6,1,291,2013m10,1,235,1,2,15,1,340,1,2,4,,2024-04-17 20:11
9148,440004,25,2022,38,6,1,852,2014m7,1,252,1,2,13,2,550,1,2,3,,2024-04-17 20:11
9325,440103,25,2022,29,5,1,953,2016m3,1,761,1,1,6,1,450,1,2,4,,2024-04-17 20:11
4403,440301,25,2022,55,6,2,912,2011m7,4,432,2,3,8,1,150,,4,5,,2024-04-17 20:11
8893,440302,25,2022,53,5,2,682,2010m8,4,274,2,3,8,2,1500,,1,3,,2024-04-17 20:11
4403,440304,25,2022,24,5,1,682,2021m9,2,274,1,1,8,1,200,2,2,5,,2024-04-17 20:11
4404,440401,25,2022,56,6,1,620,1994m5,1,223,1,2,8,1,650,1,2,4,,2024-04-17 20:11
4404,440402,25,2022,53,6,2,855,2006m12,4,254,2,2,8,2,200,,2,4,,2024-04-17 20:11
4404,440404,25,2022,23,5,1,731,2021m4,2,399,1,1,8,2,230,2,3,4,,2024-04-17 20:11
4406,440601,25,2022,61,5,1,411,1993m12,1,235,1,2,5,1,390,2,2,4,,2024-04-17 20:11
4406,440602,25,2022,56,3,1,492,2014m3,2,,1,2,5,2,80,2,2,4,,2024-04-17 20:11
4406,440603,25,2022,32,6,,,,,,,1,5,1,,,,4,,2024-04-17 20:11
9669,440604,25,2022,31,6,1,620,2018m12,1,222,1,1,1,2,450,1,3,4,,2024-04-17 20:11
4407,440701,25,2022,59,3,1,241,1987m5,1,882,1,2,13,1,800,1,2,3,,2024-04-17 20:11
4407,440702,25,2022,59,3,,,,,,,2,13,2,,,,4,,2024-04-17 20:11
4407,440703,25,2022,32,6,1,282,2021m8,1,874,1,1,13,1,270,1,2,3,,2024-04-17 20:11
4407,440704,25,2022,29,6,1,422,2018m2,1,753,1,1,13,1,260,1,3,3,,2024-04-17 20:11
4408,440802,25,2022,58,5,1,861,2011m6,1,243,1,2,13,2,550,1,2,3,,2024-04-17 20:11
4408,440803,25,2022,30,6,,,,,,,1,13,1,,,,3,,2024-04-17 20:11
4408,440804,25,2022,28,5,1,861,2020m4,1,312,1,1,13,1,250,1,3,3,,2024-04-17 20:11
4410,441001,25,2022,74,6,1,411,2018m3,1,141,1,2,8,1,200,1,2,3,,2024-04-17 20:11
4410,441002,25,2022,71,3,,,,,,,2,8,2,,,,3,,2024-04-17 20:11
8004,441004,25,2022,43,6,2,582,2017m6,4,223,2,2,8,1,400,,3,5,,2024-04-17 20:11
6942,441005,25,2022,40,6,1,949,2005m11,1,313,1,2,8,2,400,1,2,3,,2024-04-17 20:11
4411,441102,25,2022,72,2,2,11,2017m9,4,611,2,3,13,2,20,,3,5,,2024-04-17 20:11
5072,441103,25,2022,50,5,1,491,1995m5,1,238,1,2,6,1,650,1,2,3,,2024-04-17 20:11
8582,441104,25,2022,42,4,1,491,2005m1,1,431,1,2,13,1,650,1,3,4,,2024-04-17 20:11
7892,441105,25,2022,40,3,2,12,2015m3,4,613,2,2,13,1,600,,2,4,,2024-04-17 20:11
4412,441202,25,2022,57,2,,,,,,,2,1,1,,,,5,,2024-04-17 20:11
4412,441203,25,2022,62,2,1,841,2020m7,2,941,1,2,1,2,150,2,3,5,,2024-04-17 20:11
4413,441301,25,2022,75,2,2,11,1990m2,4,611,2,2,13,1,250,,3,4,,2024-04-17 20:11
4413,441302,25,2022,70,2,3,11,1973m6,5,611,2,2,13,2,,,3,4,,2024-04-17 20:11
5059,441303,25,2022,48,6,1,852,1996m3,1,252,1,2,5,2,630,1,2,3,,2024-04-17 20:11
4413,441304,25,2022,46,6,3,11,2010m3,5,611,2,1,13,1,,,3,5,,2024-04-17 20:11
8145,441306,25,2022,42,6,1,844,2010m8,1,411,1,1,1,1,300,1,2,4,,2024-04-17 20:11
4414,441401,25,2022,58,2,2,11,1984m3,4,611,2,2,13,1,200,,3,4,,2024-04-17 20:11
4414,441402,25,2022,57,3,3,11,1999m2,5,611,2,2,13,2,,,3,4,,2024-04-17 20:11
4414,441403,25,2022,27,6,,,,,,,1,13,1,,,,4,,2024-04-17 20:11
4414,441404,25,2022,25,5,,,,,,,1,13,1,,,,4,,2024-04-17 20:11
4418,441802,25,2022,91,1,,,,,,,3,13,2,,,,5,,2024-04-17 20:11
4420,442001,25,2022,81,2,2,11,1960m1,4,612,2,2,13,1,100,,3,4,,2024-04-17 20:11
4420,442002,25,2022,74,2,3,11,1968m1,5,611,2,2,13,2,,,3,4,,2024-04-17 20:11
5071,442003,25,2022,50,6,2,465,2000m4,4,521,2,2,13,1,900,,2,3,,2024-04-17 20:11
7166,442004,25,2022,47,5,1,844,2002m12,1,411,1,2,13,1,670,1,2,3,,2024-04-17 20:11
4421,442102,25,2022,98,1,,,,,,,3,13,2,,,,5,,2024-04-17 20:11
4422,442202,25,2022,80,2,2,11,1964m6,4,611,2,3,13,2,30,,3,4,,2024-04-17 20:11
5460,442203,25,2022,47,6,1,651,2003m5,1,312,1,2,13,1,650,1,2,4,,2024-04-17 20:11
4423,442301,25,2022,75,2,2,11,1972m6,4,611,2,2,13,1,150,,3,3,,2024-04-17 20:11
4423,442302,25,2022,71,2,3,11,1972m11,5,611,2,2,13,2,,,3,3,,2024-04-17 20:11
4424,442401,25,2022,88,2,,,,,,,3,13,2,,,,5,,2024-04-17 20:11
7745,442402,25,2022,50,3,2,422,2020m5,4,753,2,3,8,1,350,,2,5,,2024-04-17 20:11
9670,442405,25,2022,22,4,1,561,2021m3,3,442,1,1,13,2,120,2,3,4,,2024-04-17 20:11
4426,442601,25,2022,93,1,,,,,,,3,13,2,,,,5,,2024-04-17 20:11
4427,442701,25,2022,89,1,,,,,,,3,13,2,,,,4,,2024-04-17 20:11
4428,442801,25,2022,90,1,,,,,,,3,13,2,,,,5,,2024-04-17 20:11
4428,442803,25,2022,29,3,1,291,2012m5,1,855,1,1,13,1,195,2,3,4,,2024-04-17 20:11
4429,442901,25,2022,51,2,1,233,2008m5,1,843,1,2,13,1,350,1,3,3,,2024-04-17 20:11
4429,442902,25,2022,49,2,1,872,2018m2,1,421,1,2,13,2,100,2,2,4,,2024-04-17 20:11
4429,442903,25,2022,21,4,1,843,2022m7,2,980,1,1,13,1,180,2,3,3,,2024-04-17 20:11
4430,443001,25,2022,64,2,2,11,2021m10,4,611,2,2,13,1,100,,3,3,,2024-04-17 20:11
6113,443003,25,2022,42,3,1,473,2001m10,1,313,1,2,13,2,400,1,4,3,,2024-04-17 20:11
5332,443004,25,2022,41,3,1,841,2022m3,2,391,1,2,13,2,80,2,3,4,,2024-04-17 20:11
6953,443005,25,2022,40,5,1,872,2019m12,1,247,1,2,13,2,250,1,3,3,,2024-04-17 20:11
4430,443009,25,2022,59,2,1,702,2021m6,2,910,1,2,13,2,155,2,3,3,,2024-04-17 20:11
4431,443103,25,2022,64,2,1,682,2019m1,1,139,1,2,13,1,230,2,2,4,,2024-04-17 20:11
4431,443104,25,2022,59,3,2,742,2021m8,4,941,2,2,13,2,450,,2,4,,2024-04-17 20:11
4431,443106,25,2022,94,1,,,,,,,3,13,2,,,,4,,2024-04-17 20:11
4432,443201,25,2022,86,2,2,11,1961m6,4,611,2,2,13,1,90,,3,4,,2024-04-17 20:11
4432,443202,25,2022,82,2,3,11,1960m3,5,611,2,2,13,2,,,3,4,,2024-04-17 20:11
5328,443203,25,2022,48,6,2,902,2014m12,4,432,2,2,8,2,150,,2,4,,2024-04-17 20:11
4432,443204,25,2022,21,4,,,,,,,1,13,2,,,,4,,2024-04-17 20:11
4433,443302,25,2022,90,1,,,,,,,3,13,2,,,,5,,2024-04-17 20:11
4434,443401,25,2022,88,2,,,,,,,2,13,1,,,,4,,2024-04-17 20:11
4434,443402,25,2022,80,2,2,561,1978m7,4,441,2,2,13,2,150,,2,4,,2024-04-17 20:11
5318,443403,25,2022,55,3,2,682,2011m3,4,274,2,3,13,1,100,,3,4,,2024-04-17 20:11
4435,443502,25,2022,63,2,1,871,2008m6,1,429,1,3,1,2,120,1,2,4,,2024-04-17 20:11
7746,443504,25,2022,40,5,1,423,2017m3,1,762,1,2,13,1,550,1,2,4,,2024-04-17 20:11
7747,443505,25,2022,38,5,1,561,2020m8,1,952,1,3,1,2,120,1,3,5,,2024-04-17 20:11
4437,443701,25,2022,82,2,2,462,1993m10,4,922,2,2,13,1,200,,3,4,,2024-04-17 20:11
4437,443702,25,2022,78,2,,,,,,,2,13,2,,,,4,,2024-04-17 20:11
5067,443704,25,2022,49,3,3,561,2014m5,5,441,2,2,13,2,,,2,3,,2024-04-17 20:11
5819,443705,25,2022,47,5,1,862,2022m2,1,245,1,2,13,2,230,2,2,4,,2024-04-17 20:11
5456,443706,25,2022,52,6,1,949,2008m1,1,248,1,2,12,1,100,1,2,4,,2024-04-17 20:11
4438,443801,25,2022,72,2,1,102,2020m4,1,710,1,3,13,2,147,2,3,4,,2024-04-17 20:11
6639,443802,25,2022,44,5,1,872,2021m6,1,247,1,2,13,2,198,2,3,4,,2024-04-17 20:11
4439,443901,25,2022,65,2,1,721,2018m6,1,873,1,2,13,1,150,1,2,4,,2024-04-17 20:11
7893,443902,25,2022,86,2,,,,,,,3,13,2,,,,5,,2024-04-17 20:11
9149,443903,25,2022,34,5,1,529,2020m2,1,521,1,2,13,2,200,1,3,4,,2024-04-17 20:11
4439,443904,25,2022,67,2,1,969,2014m7,3,429,1,2,13,2,120,2,3,4,,2024-04-17 20:11
9326,444101,25,2022,82,2,,,,,,,3,14,2,,,,5,,2024-04-17 20:11
4441,444102,25,2022,52,3,1,463,2020m12,3,922,1,3,14,1,150,2,4,6,,2024-04-17 20:11
4441,444104,25,2022,24,3,,,,,,,1,14,1,,,,6,,2024-04-17 20:11
4442,444201,25,2022,61,3,,,,,,,2,14,1,,,,4,,2024-04-17 20:11
4442,444202,25,2022,59,3,1,463,2003m7,1,922,1,2,14,2,200,2,3,5,,2024-04-17 20:11
4442,444203,25,2022,33,6,2,901,2021m11,4,281,2,1,14,1,100,,3,5,,2024-04-17 20:11
4442,444204,25,2022,31,6,1,862,2021m1,1,246,1,1,14,2,180,1,3,4,,2024-04-17 20:11
4444,444401,25,2022,61,2,2,952,1991m1,4,751,2,2,14,1,300,,3,4,,2024-04-17 20:11
4444,444402,25,2022,59,2,2,11,2012m3,4,611,2,2,14,2,30,,3,4,,2024-04-17 20:11
4444,444403,25,2022,36,6,1,412,2018m10,1,313,1,1,14,2,290,1,3,4,,2024-04-17 20:11
4444,444404,25,2022,34,4,1,952,2022m3,1,751,1,1,14,1,150,1,3,4,,2024-04-17 20:11
4445,444501,25,2022,56,3,1,241,1991m1,1,762,1,2,14,1,350,1,3,4,,2024-04-17 20:11
4445,444502,25,2022,51,3,1,561,2021m3,2,442,1,2,14,2,150,2,3,4,,2024-04-17 20:11
4445,444504,25,2022,22,4,1,303,2021m11,1,874,1,1,14,1,280,1,3,4,,2024-04-17 20:11
4445,444505,25,2022,22,4,,,,,,,1,14,1,,,,4,,2024-04-17 20:11
4447,444702,25,2022,57,2,,,,,,,3,14,2,,,,5,,2024-04-17 20:11
8895,444703,25,2022,37,5,1,464,2015m2,1,521,1,2,14,2,180,1,3,4,,2024-04-17 20:11
9150,444704,25,2022,35,5,1,861,2019m1,1,243,1,2,14,2,300,1,3,4,,2024-04-17 20:11
5099,444903,25,2022,54,6,,,,,,,2,14,2,,,,4,,2024-04-17 20:11
6358,445002,25,2022,47,5,1,201,1996m10,1,312,1,2,8,1,550,1,2,4,,2024-04-17 20:11
4450,445003,25,2022,36,5,2,952,2015m11,4,751,2,2,14,1,330,,3,4,,2024-04-17 20:11
6358,445004,25,2022,46,3,,,,,,,2,8,2,,,,4,,2024-04-17 20:11
6358,445005,25,2022,24,4,,,,,,,1,8,1,,,,4,,2024-04-17 20:11
6358,445006,25,2022,20,4,,,,,,,1,8,2,,,,4,,2024-04-17 20:11
4450,445007,25,2022,36,6,,,,,,,2,14,2,,,,4,,2024-04-17 20:11
4450,445010,25,2022,56,2,,,,,,,3,14,2,,,,4,,2024-04-17 20:11
4450,445011,25,2022,34,3,1,952,2019m6,1,313,1,1,14,2,180,1,3,4,,2024-04-17 20:11
4451,445102,25,2022,79,2,,,,,,,3,14,2,,,,5,,2024-04-17 20:11
4452,445202,25,2022,79,1,,,,,,,3,14,2,,,,5,,2024-04-17 20:11
4454,445402,25,2022,86,1,,,,,,,3,14,2,,,,6,,2024-04-17 20:11
4454,445403,25,2022,59,2,,,,,,,1,14,1,,,,6,,2024-04-17 20:11
5302,445404,25,2022,53,3,1,251,,1,851,1,3,14,1,450,1,3,4,,2024-04-17 20:11
4455,445501,25,2022,83,3,,,,,,,2,14,1,,,,6,,2024-04-17 20:11
4455,445502,25,2022,83,2,,,,,,,2,14,2,,,,6,,2024-04-17 20:11
5240,445603,25,2022,48,5,1,711,2018m4,1,330,1,2,14,2,350,1,3,4,,2024-04-17 20:11
6612,445604,25,2022,44,6,,,,,,,2,8,2,,,,4,,2024-04-17 20:11
4459,445901,25,2022,81,2,2,11,2006m5,4,611,2,2,14,1,30,,3,5,,2024-04-17 20:11
4459,445902,25,2022,83,2,3,11,2006m5,5,611,2,2,14,2,,,3,5,,2024-04-17 20:11
4459,445903,25,2022,47,5,1,422,2021m10,1,274,1,1,14,1,300,1,3,5,,2024-04-17 20:11
4460,446002,25,2022,56,5,1,872,2021m7,1,421,1,3,14,2,100,2,2,3,,2024-04-17 20:11
4460,446003,25,2022,28,6,2,901,2020m3,4,281,2,1,14,2,180,,2,4,,2024-04-17 20:11
4460,446004,25,2022,25,5,1,303,2021m11,1,854,1,1,14,1,300,1,3,4,,2024-04-17 20:11
4461,446101,25,2022,60,3,1,424,2003m7,3,783,1,2,14,1,300,2,3,5,,2024-04-17 20:11
4461,446102,25,2022,52,3,,,,,,,2,14,2,,,,5,,2024-04-17 20:11
4461,446103,25,2022,30,6,,,,,,,1,14,1,,,,5,,2024-04-17 20:11
4462,446201,25,2022,50,5,2,561,2006m10,4,441,2,2,14,1,400,,3,4,,2024-04-17 20:11
4462,446202,25,2022,50,3,3,561,2006m10,5,442,2,2,14,2,,,3,4,,2024-04-17 20:11
4462,446203,25,2022,24,5,,,,,,,1,14,1,,,,4,,2024-04-17 20:11
4462,446204,25,2022,21,4,,,,,,,1,14,1,,,,4,,2024-04-17 20:11
4463,446301,25,2022,74,3,2,463,1997m3,4,521,2,2,14,1,2500,,2,3,,2024-04-17 20:11
4463,446302,25,2022,71,2,,,,,,,2,14,2,,,,2,,2024-04-17 20:11
6097,446303,25,2022,48,6,2,463,,4,521,2,2,14,1,1000,,2,4,,2024-04-17 20:11
4464,446401,25,2022,66,3,,,,,,,3,14,1,,,,5,,2024-04-17 20:11
8588,446403,25,2022,34,5,,,,,,,2,8,2,,,,5,,2024-04-17 20:11
4465,446501,25,2022,68,2,1,492,2021m3,1,873,1,2,14,1,100,1,4,5,,2024-04-17 20:11
4465,446505,25,2022,67,2,,,,,,,2,14,2,,,,5,,2024-04-17 20:11
4468,446801,25,2022,65,6,1,641,2018m9,1,132,1,2,14,1,500,2,2,4,,2024-04-17 20:11
4468,446802,25,2022,64,3,,,,,,,2,14,2,,,,4,,2024-04-17 20:11
9430,446804,25,2022,38,6,1,641,2011m1,1,320,1,2,14,1,630,1,2,3,,2024-04-17 20:11
9430,446805,25,2022,38,6,,,,,,,2,14,2,,,,3,,2024-04-17 20:11
4469,446901,25,2022,79,3,,,,,,,2,14,1,,,,5,,2024-04-17 20:11
4469,446902,25,2022,72,3,,,,,,,2,14,2,,,,5,,2024-04-17 20:11
6955,446903,25,2022,46,4,,,,,,,2,14,2,,,,4,,2024-04-17 20:11
7092,446904,25,2022,44,6,1,651,2007m1,1,320,1,1,1,1,650,1,3,3,,2024-04-17 20:11
7194,446905,25,2022,42,3,,,,,,,2,4,2,,,,4,,2024-04-17 20:11
9431,446906,25,2022,41,3,,,,,,,2,14,2,,,,4,,2024-04-17 20:11
4470,447001,25,2022,63,3,,,,,,,3,14,1,,,,5,,2024-04-17 20:11
8802,447003,25,2022,38,6,1,952,2017m10,1,751,1,2,14,2,210,1,3,4,,2024-04-17 20:11
8803,447004,25,2022,36,4,1,952,2021m8,1,751,1,1,14,1,400,1,3,4,,2024-04-17 20:11
4472,447201,25,2022,83,1,,,,,,,3,14,2,,,,6,,2024-04-17 20:11
4474,447402,25,2022,71,2,,,,,,,3,14,2,,,,5,,2024-04-17 20:11
6945,447403,25,2022,49,3,1,474,2014m5,1,521,1,1,14,2,192,1,2,5,,2024-04-17 20:11
8406,447404,25,2022,46,3,1,241,2012m8,1,851,1,2,14,1,400,1,3,4,,2024-04-17 20:11
4478,447802,25,2022,71,2,,,,,,,3,14,2,,,,5,,2024-04-17 20:11
6112,447803,25,2022,48,4,1,620,1990m5,1,223,1,2,8,1,1000,1,2,3,,2024-04-17 20:11
4481,448102,25,2022,86,1,,,,,,,3,14,2,,,,3,,2024-04-17 20:11
4481,448103,25,2022,63,2,2,11,1998m2,4,611,2,2,14,1,150,,2,4,,2024-04-17 20:11
4481,448104,25,2022,62,2,1,872,2019m7,1,421,1,2,14,2,90,2,2,3,,2024-04-17 20:11
4482,448203,25,2022,72,3,2,475,2021m12,4,521,2,3,14,2,60,,3,5,,2024-04-17 20:11
10364,448204,25,2022,47,3,2,912,2017m1,4,432,2,2,14,1,300,,3,4,,2024-04-17 20:11
6627,448205,25,2022,45,5,1,241,2012m6,1,753,1,2,11,1,640,1,2,3,,2024-04-17 20:11
8389,448206,25,2022,42,5,1,259,2004m6,1,874,1,2,14,1,540,1,2,3,,2024-04-17 20:11
10364,448207,25,2022,45,3,3,912,2021m12,5,432,2,2,14,2,,,3,4,,2024-04-17 20:11
10179,448208,25,2022,23,5,1,411,2020m6,1,312,1,1,3,2,250,1,3,5,,2024-04-17 20:11
4483,448302,25,2022,71,2,,,,,,,3,14,1,,,,5,,2024-04-17 20:11
5784,448304,25,2022,45,2,2,475,2016m5,4,521,2,2,5,1,700,,2,4,,2024-04-17 20:11
5784,448305,25,2022,42,3,3,475,2016m5,5,521,2,2,5,2,,,2,4,,2024-04-17 20:11
10026,448306,25,2022,24,3,1,303,2018m9,1,312,1,1,8,2,215,1,3,5,,2024-04-17 20:11
4484,448402,25,2022,83,3,,,,,,,3,14,2,,,,5,,2024-04-17 20:11
4486,448601,25,2022,93,1,,,,,,,3,14,2,,,,6,,2024-04-17 20:11
5963,448702,25,2022,54,5,1,969,2022m3,1,,1,2,1,2,200,1,3,4,,2024-04-17 20:11
4487,448703,25,2022,51,6,1,582,2000m7,1,223,1,1,1,1,360,1,2,4,,2024-04-17 20:11
4488,448802,25,2022,61,2,1,474,2013m5,1,521,1,3,14,2,150,2,2,5,,2024-04-17 20:11
7748,448803,25,2022,37,5,,,,,,,2,8,2,,,,5,,2024-04-17 20:11
10013,448901,25,2022,91,2,,,,,,,3,14,2,,,,5,,2024-04-17 20:11
10013,448902,25,2022,60,5,2,463,1987m4,4,521,2,3,14,1,300,,2,4,,2024-04-17 20:11
4489,448903,25,2022,60,3,3,463,2016m1,5,521,2,3,14,2,,,3,5,,2024-04-17 20:11
4489,448904,25,2022,28,5,1,472,2020m8,2,521,1,1,14,1,120,2,3,5,,2024-04-17 20:11
4490,449001,25,2022,68,2,1,682,2015m11,1,942,1,2,14,1,168,2,2,4,,2024-04-17 20:11
4490,449002,25,2022,62,2,,,,,,,2,14,2,,,,5,,2024-04-17 20:11
4492,449201,25,2022,63,3,1,651,2013m7,1,992,1,2,14,1,170,2,2,4,,2024-04-17 20:11
4492,449202,25,2022,63,3,2,474,1990m1,4,521,2,2,14,2,50,,3,4,,2024-04-17 20:11
9151,449203,25,2022,36,6,1,291,2015m5,1,312,1,1,1,1,430,1,3,3,,2024-04-17 20:11
10180,449204,25,2022,34,5,1,239,2011m7,1,753,1,2,14,1,467,1,2,4,,2024-04-17 20:11
4492,449205,25,2022,90,1,,,,,,,3,14,2,,,,4,,2024-04-17 20:11
4493,449301,25,2022,69,3,,,,,,,2,14,2,,,,3,,2024-04-17 20:11
4493,449302,25,2022,74,6,,,,,,,2,14,1,,,,3,,2024-04-17 20:11
6100,449701,25,2022,81,2,,,,,,,3,14,2,,,,5,,2024-04-17 20:11
4497,449702,25,2022,51,2,,,,,,,1,14,1,,,,5,,2024-04-17 20:11
5547,449703,25,2022,48,4,1,961,2021m6,3,422,1,2,14,2,40,2,3,4,,2024-04-17 20:11
4499,449902,25,2022,74,2,,,,,,,3,14,2,,,,6,,2024-04-17 20:11
9671,449903,25,2022,45,6,1,844,2014m6,1,411,1,2,14,2,,1,3,4,,2024-04-17 20:11
5096,450002,25,2022,48,5,1,949,2019m12,1,283,1,2,14,1,290,1,2,4,,2024-04-17 20:11
5601,450102,25,2022,77,2,,,,,,,3,14,2,,,,4,,2024-04-17 20:11
4501,450103,25,2022,50,5,1,842,2007m7,1,312,1,2,14,1,350,1,1,3,,2024-04-17 20:11
5602,450104,25,2022,48,6,,,,,,,2,8,2,,,,3,,2024-04-17 20:11
7771,450105,25,2022,41,5,1,872,2022m5,1,247,1,2,2,2,60,2,2,4,,2024-04-17 20:11
4501,450106,25,2022,48,5,1,872,2022m3,1,421,1,2,14,2,100,2,2,3,,2024-04-17 20:11
4503,450301,25,2022,54,5,1,711,2017m4,1,312,1,2,14,1,350,1,2,4,,2024-04-17 20:11
4503,450302,25,2022,51,5,1,259,2010m3,1,855,1,2,14,2,200,2,2,3,,2024-04-17 20:11
4503,450303,25,2022,27,5,1,562,2021m2,1,521,1,1,14,1,200,2,3,3,,2024-04-17 20:11
4503,450304,25,2022,24,6,1,303,2018m3,1,851,1,1,14,1,250,1,2,3,,2024-04-17 20:11
5603,450404,25,2022,56,3,1,494,2020m6,1,922,1,3,14,2,150,2,2,4,,2024-04-17 20:11
4505,450502,25,2022,82,3,2,961,1994m6,4,422,2,2,14,1,50,,3,4,,2024-04-17 20:11
4505,450503,25,2022,76,3,1,841,2016m3,2,941,1,2,14,2,27,2,2,5,,2024-04-17 20:11
8285,450504,25,2022,51,4,2,451,2009m11,4,521,2,2,14,1,250,,3,4,,2024-04-17 20:11
9327,450505,25,2022,43,5,2,562,2017m12,4,441,2,2,14,1,350,,3,4,,2024-04-17 20:11
4506,450601,25,2022,58,3,,,,,,,2,14,1,,,,4,,2024-04-17 20:11
4506,450602,25,2022,53,3,1,422,2021m10,1,313,1,2,14,2,190,1,3,4,,2024-04-17 20:11
10181,450603,25,2022,24,5,1,861,2021m3,1,243,1,1,14,2,195,1,3,5,,2024-04-17 20:11
4506,450604,25,2022,17,2,,,,,,,1,14,2,,,,4,,2024-04-17 20:11
4508,450802,25,2022,58,5,1,682,2021m9,1,862,1,2,14,1,300,1,3,4,,2024-04-17 20:11
4508,450803,25,2022,54,3,1,872,2018m7,1,951,1,2,14,2,200,1,2,4,,2024-04-17 20:11
4508,450804,25,2022,24,4,,,,,,,1,14,1,,,,3,,2024-04-17 20:11
4511,451103,25,2022,49,5,1,869,2022m2,2,245,1,1,3,2,200,2,2,4,,2024-04-17 20:11
4512,451201,25,2022,54,6,1,841,1991m9,1,311,1,2,14,2,350,1,2,4,,2024-04-17 20:11
4512,451203,25,2022,22,4,,,,,,,1,14,1,,,,4,,2024-04-17 20:11
4512,451204,25,2022,17,2,,,,,,,1,14,1,,,,4,,2024-04-17 20:11
4512,451205,25,2022,55,5,2,11,2000m3,4,611,2,2,14,1,100,,3,5,,2024-04-17 20:11
4514,451401,25,2022,80,3,,,,,,,3,14,2,,,,3,,2024-04-17 20:11
4514,451402,25,2022,53,5,2,911,2018m7,4,432,2,2,14,1,1100,,2,3,,2024-04-17 20:11
4514,451404,25,2022,52,6,,,,,,,2,14,2,,,,3,,2024-04-17 20:11
4514,451411,25,2022,16,2,,,,,,,1,14,1,,,,4,,2024-04-17 20:11
4516,451601,25,2022,58,6,1,292,2021m6,1,741,1,2,14,1,149,1,2,4,,2024-04-17 20:11
4516,451602,25,2022,56,3,1,471,2007m4,1,521,1,2,14,2,240,1,3,4,,2024-04-17 20:11
8896,451603,25,2022,29,5,1,521,2022m3,1,899,1,1,14,2,245,1,2,6,,2024-04-17 20:11
9328,451604,25,2022,28,5,1,471,2021m9,1,521,1,1,14,2,200,1,3,4,,2024-04-17 20:11
4517,451701,25,2022,67,2,2,471,2016m8,4,521,2,2,14,2,100,,2,6,,2024-04-17 20:11
7390,451703,25,2022,43,5,1,284,2014m5,1,239,1,2,1,2,400,1,2,3,,2024-04-17 20:11
8286,451704,25,2022,41,6,1,721,2018m3,1,312,1,2,8,1,350,1,4,3,,2024-04-17 20:11
5509,451705,25,2022,46,3,1,561,2019m9,3,952,1,3,8,2,190,2,3,5,,2024-04-17 20:11
5509,451706,25,2022,23,4,,,,,,,1,8,1,,,,5,,2024-04-17 20:11
4517,451707,25,2022,71,2,,,,,,,2,14,1,,,,6,,2024-04-17 20:11
4518,451801,25,2022,82,2,,,,,,,3,14,2,,,,6,,2024-04-17 20:11
6826,451802,25,2022,49,3,1,382,2008m7,1,875,1,2,14,1,345,1,2,4,,2024-04-17 20:11
4519,451901,25,2022,72,2,,,,,,,3,14,2,,,,4,,2024-04-17 20:11
5439,451902,25,2022,46,5,1,855,2022m1,2,254,1,2,8,2,98,2,2,5,,2024-04-17 20:11
4522,452201,25,2022,53,3,1,422,2016m1,1,753,1,2,3,1,315,1,2,4,,2024-04-17 20:11
4522,452202,25,2022,49,3,1,682,2022m3,1,313,1,2,3,2,220,1,3,4,,2024-04-17 20:11
4522,452203,25,2022,22,4,1,902,2022m3,2,941,1,1,3,2,25,2,3,3,,2024-04-17 20:11
4522,452204,25,2022,19,4,,,,,,,1,3,1,,,,3,,2024-04-17 20:11
4523,452301,25,2022,70,2,2,869,1989m2,4,245,2,2,14,1,280,,2,4,,2024-04-17 20:11
4523,452302,25,2022,64,2,,,,,,,2,14,2,,,,4,,2024-04-17 20:11
4523,452303,25,2022,40,3,,,,,,,1,14,1,,,,6,,2024-04-17 20:11
8005,452403,25,2022,29,5,1,861,2016m7,1,243,1,2,14,2,300,1,3,4,,2024-04-17 20:11
9163,452404,25,2022,26,3,,,,,,,1,14,2,,,,4,,2024-04-17 20:11
4526,452601,25,2022,62,2,2,11,2009m4,4,611,2,2,14,1,150,,2,3,,2024-04-17 20:11
4526,452602,25,2022,60,2,1,303,2017m8,2,854,1,2,14,2,200,2,2,3,,2024-04-17 20:11
4528,452801,25,2022,72,3,,,,,,,2,14,1,,,,2,,2024-04-17 20:11
4528,452802,25,2022,68,2,,,,,,,2,14,2,,,,2,,2024-04-17 20:11
4528,452807,25,2022,35,4,1,423,2017m8,2,762,1,1,14,1,200,2,3,3,,2024-04-17 20:11
4530,453001,25,2022,58,6,1,204,1989m11,1,236,1,2,8,1,680,1,3,3,,2024-04-17 20:11
4530,453002,25,2022,50,3,1,471,2014m9,1,953,1,2,8,2,150,2,3,4,,2024-04-17 20:11
4530,453004,25,2022,23,6,1,261,2021m12,1,312,1,1,8,2,240,1,3,4,,2024-04-17 20:11
4531,453101,25,2022,68,2,2,12,2009m8,4,611,2,2,14,1,250,,2,3,,2024-04-17 20:11
4531,453102,25,2022,65,2,3,12,2009m8,5,611,2,2,14,2,,,2,3,,2024-04-17 20:11
7252,453104,25,2022,41,6,1,852,2004m3,1,252,1,2,3,2,300,1,3,4,,2024-04-17 20:11
8959,453105,25,2022,40,5,1,473,2008m6,1,521,1,2,14,1,300,1,2,4,,2024-04-17 20:11
4532,453201,25,2022,63,3,,,,,,,2,14,1,,,,5,,2024-04-17 20:11
4532,453202,25,2022,52,3,,,,,,,2,14,2,,,,5,,2024-04-17 20:11
4532,453203,25,2022,30,4,1,521,2021m2,1,312,1,1,14,1,280,2,3,5,,2024-04-17 20:11
4532,453204,25,2022,27,5,1,561,2018m3,1,521,1,1,14,2,200,1,3,4,,2024-04-17 20:11
4532,453206,25,2022,83,2,,,,,,,3,14,2,,,,5,,2024-04-17 20:11
4533,453301,25,2022,76,2,,,,,,,2,14,1,,,,4,,2024-04-17 20:11
4533,453302,25,2022,68,2,,,,,,,2,14,2,,,,4,,2024-04-17 20:11
4534,453402,25,2022,66,2,2,11,2012m4,4,611,2,3,14,2,60,,2,3,,2024-04-17 20:11
7393,453403,25,2022,43,6,1,651,2011m10,1,320,1,2,14,1,550,1,2,3,,2024-04-17 20:11
6135,453404,25,2022,40,5,2,474,2012m3,4,521,2,2,14,2,250,,3,4,,2024-04-17 20:11
4535,453501,25,2022,89,3,,,,,,,2,14,1,,,,4,,2024-04-17 20:11
4535,453502,25,2022,86,2,,,,,,,2,14,2,,,,3,,2024-04-17 20:11
4535,453503,25,2022,64,3,1,423,2006m11,3,762,1,3,14,1,200,2,3,4,,2024-04-17 20:11
8484,453505,25,2022,39,3,1,284,2022m1,1,864,1,2,8,2,190,2,3,5,,2024-04-17 20:11
7753,453506,25,2022,36,5,1,861,2008m2,1,243,1,1,14,2,280,1,2,3,,2024-04-17 20:11
8897,453507,25,2022,32,5,1,222,2020m12,1,312,1,2,14,1,300,1,4,5,,2024-04-17 20:11
5604,453601,25,2022,55,2,,,,,,,3,14,1,,,,6,,2024-04-17 20:11
4538,453801,25,2022,78,2,,,,,,,2,14,1,,,,4,,2024-04-17 20:11
4538,453802,25,2022,73,2,1,841,2022m3,2,941,1,2,14,2,27,2,2,5,,2024-04-17 20:11
7894,453804,25,2022,41,4,1,423,2015m1,1,762,1,2,14,1,400,2,2,4,,2024-04-17 20:11
9672,453805,25,2022,44,5,1,949,2021m4,1,782,1,2,14,1,190,2,2,4,,2024-04-17 20:11
4539,453901,25,2022,83,6,,,,,,,3,14,1,,,,4,,2024-04-17 20:11
5785,453903,25,2022,54,6,2,467,1997m5,4,521,2,2,14,1,700,,3,3,,2024-04-17 20:11
4540,454002,25,2022,72,3,,,,,,,3,14,2,,,,4,,2024-04-17 20:11
5965,454004,25,2022,48,6,2,855,2011m6,4,254,2,1,5,1,350,,3,4,,2024-04-17 20:11
8160,454005,25,2022,46,6,2,855,2005m5,4,254,2,2,5,2,1200,,3,4,,2024-04-17 20:11
4544,454401,25,2022,63,3,,,,,,,2,14,1,,,,4,,2024-04-17 20:11
4544,454402,25,2022,61,2,,,,,,,2,14,2,,,,4,,2024-04-17 20:11
4544,454404,25,2022,33,6,1,851,2018m1,1,253,1,1,14,2,198,1,3,4,,2024-04-17 20:11
10014,454405,25,2022,26,5,1,464,2020m4,1,274,1,1,8,1,250,1,3,5,,2024-04-17 20:11
4545,454501,25,2022,58,3,1,841,1993m6,1,876,1,3,14,1,550,1,2,3,,2024-04-17 20:11
8960,454503,25,2022,34,5,,,,,,,2,8,2,,,,5,,2024-04-17 20:11
4547,454701,25,2022,80,2,,,,,,,2,14,1,,,,5,,2024-04-17 20:11
4547,454702,25,2022,76,2,,,,,,,2,14,2,,,,5,,2024-04-17 20:11
4548,454802,25,2022,85,3,,,,,,,2,14,1,,,,4,,2024-04-17 20:11
4548,454803,25,2022,83,2,,,,,,,2,14,2,,,,5,,2024-04-17 20:11
4550,455001,25,2022,74,2,,,,,,,3,14,1,,,,4,,2024-04-17 20:11
6235,455003,25,2022,46,5,,,,,,,2,8,2,,,,4,,2024-04-17 20:11
9838,455004,25,2022,45,4,2,561,2018m7,4,441,2,1,14,1,500,,4,4,,2024-04-17 20:11
4551,455102,25,2022,64,6,,,,,,,2,8,2,,,,3,,2024-04-17 20:11
4552,455201,25,2022,55,3,1,477,2021m11,1,953,1,2,14,1,280,1,3,4,,2024-04-17 20:11
4552,455202,25,2022,49,3,1,751,2009m8,1,521,1,2,14,2,230,2,3,4,,2024-04-17 20:11
4552,455203,25,2022,26,6,1,862,2021m3,1,245,1,1,14,2,260,1,3,4,,2024-04-17 20:11
4552,455204,25,2022,21,4,,,,,,,1,14,2,,,,4,,2024-04-17 20:11
4553,455301,25,2022,63,2,2,492,2016m5,4,423,2,2,14,1,300,,3,4,,2024-04-17 20:11
4553,455302,25,2022,59,3,1,869,2017m7,2,246,1,2,14,2,200,2,3,4,,2024-04-17 20:11
9839,455304,25,2022,33,5,1,844,2015m11,1,246,1,2,3,1,390,1,2,4,,2024-04-17 20:11
5130,455305,25,2022,83,2,,,,,,,3,14,2,,,,6,,2024-04-17 20:11
10365,455306,25,2022,24,5,1,861,2021m7,1,243,1,1,3,2,350,1,2,4,,2024-04-17 20:11
4554,455401,25,2022,70,2,2,292,2020m6,4,851,2,2,14,1,600,,2,4,,2024-04-17 20:11
4554,455402,25,2022,67,2,1,292,2020m6,1,313,1,2,14,2,350,1,3,4,,2024-04-17 20:11
6496,455403,25,2022,42,6,1,861,2020m6,1,312,1,2,1,2,900,1,2,3,,2024-04-17 20:11
7895,455404,25,2022,39,6,1,411,2008m7,1,762,1,2,8,1,830,1,2,3,,2024-04-17 20:11
4556,455601,25,2022,68,2,2,969,1984m4,4,429,2,2,14,2,50,,3,6,,2024-04-17 20:11
4556,455602,25,2022,67,2,,,,,,,2,14,1,,,,6,,2024-04-17 20:11
4556,455603,25,2022,23,5,1,222,2022m2,1,832,1,1,14,1,210,1,3,5,,2024-04-17 20:11
4559,455902,25,2022,87,1,,,,,,,3,14,2,,,,5,,2024-04-17 20:11
4560,456001,25,2022,67,2,2,104,1987m3,4,819,2,2,14,1,250,,3,5,,2024-04-17 20:11
4560,456002,25,2022,60,2,3,104,1987m3,5,819,2,2,14,2,,,3,5,,2024-04-17 20:11
9673,456003,25,2022,35,3,1,261,2013m3,1,930,1,2,14,2,280,1,3,4,,2024-04-17 20:11
4560,456004,25,2022,32,3,,,,,,,1,14,1,,,,4,,2024-04-17 20:11
4563,456301,25,2022,57,2,,,,,,,2,14,1,,,,5,,2024-04-17 20:11
4563,456302,25,2022,62,3,2,561,2017m1,4,441,2,2,14,2,150,,3,5,,2024-04-17 20:11
4565,456501,25,2022,65,2,,,,,,,1,14,1,,,,5,,2024-04-17 20:11
4566,456601,25,2022,64,3,1,753,2019m7,1,941,1,2,14,1,198,2,3,4,,2024-04-17 20:11
4566,456602,25,2022,61,3,1,862,2017m5,1,441,1,2,14,2,230,1,3,4,,2024-04-17 20:11
9674,456603,25,2022,38,5,1,303,2011m7,1,312,1,2,14,1,320,1,3,4,,2024-04-17 20:11
9329,456604,25,2022,36,5,,,,,,,2,14,2,,,,4,,2024-04-17 20:11
4566,456605,25,2022,85,1,,,,,,,3,14,2,,,,4,,2024-04-17 20:11
4569,456901,25,2022,60,4,1,204,1988m10,1,312,1,2,14,1,295,1,3,4,,2024-04-17 20:11
4569,456902,25,2022,58,3,1,743,2019m2,2,941,1,2,14,2,150,2,3,4,,2024-04-17 20:11
4569,456903,25,2022,32,6,1,850,2020m2,1,312,1,1,14,1,280,1,3,4,,2024-04-17 20:11
4569,456904,25,2022,31,6,1,850,2021m3,1,311,1,1,14,2,180,1,2,4,,2024-04-17 20:11
4571,457101,25,2022,53,3,3,561,2019m11,5,442,2,2,14,1,,,3,4,,2024-04-17 20:11
4571,457102,25,2022,53,3,2,561,2019m1,4,441,2,2,14,2,400,,3,4,,2024-04-17 20:11
4571,457105,25,2022,18,2,,,,,,,1,14,1,,,,4,,2024-04-17 20:11
4574,457401,25,2022,56,3,1,111,1991m7,1,812,1,2,8,1,950,1,1,3,,2024-04-17 20:11
6794,457402,25,2022,52,3,1,651,2019m2,2,510,1,3,14,2,200,2,3,4,,2024-04-17 20:11
4574,457403,25,2022,52,5,1,843,2022m7,1,441,1,2,8,2,195,2,2,5,,2024-04-17 20:11
4574,457404,25,2022,16,2,,,,,,,1,8,1,,,,4,,2024-04-17 20:11
4575,457501,25,2022,50,6,1,701,1996m1,1,221,1,2,4,1,670,1,2,3,,2024-04-17 20:11
4575,457502,25,2022,50,6,2,856,2013m1,4,254,2,2,4,2,300,,2,4,,2024-04-17 20:11
4575,457503,25,2022,25,4,,,,,,,1,4,1,,,,4,,2024-04-17 20:11
4575,457504,25,2022,23,4,,,,,,,1,4,1,,,,4,,2024-04-17 20:11
4575,457505,25,2022,22,4,1,856,2021m1,3,254,1,1,4,2,100,2,2,4,,2024-04-17 20:11
4578,457801,25,2022,65,2,1,291,2020m8,1,842,1,3,7,1,300,1,3,6,,2024-04-17 20:11
4579,457901,25,2022,52,6,1,862,2021m10,1,246,1,2,1,2,200,1,2,4,,2024-04-17 20:11
4579,457902,25,2022,51,6,2,712,2009m1,4,271,2,2,1,1,600,,3,4,,2024-04-17 20:11
4579,457903,25,2022,19,3,,,,,,,1,1,2,,,,5,,2024-04-17 20:11
4581,458102,25,2022,52,3,,,,,,,3,3,2,,,,5,,2024-04-17 20:11
4581,458103,25,2022,27,5,1,911,2022m4,2,286,1,1,3,1,100,2,2,5,,2024-04-17 20:11
4581,458104,25,2022,19,4,,,,,,,1,3,2,,,,5,,2024-04-17 20:11
4583,458301,25,2022,63,3,2,493,2011m7,4,875,2,2,14,1,600,,3,4,,2024-04-17 20:11
4583,458302,25,2022,58,3,,,,,,,2,14,2,,,,4,,2024-04-17 20:11
4583,458303,25,2022,29,6,1,292,2019m4,1,235,1,1,14,1,280,1,3,4,,2024-04-17 20:11
4585,458501,25,2022,57,3,1,262,2012m5,1,864,1,2,14,1,550,1,2,4,,2024-04-17 20:11
4585,458502,25,2022,53,3,1,259,2021m3,2,930,1,2,14,2,140,2,3,4,,2024-04-17 20:11
4585,458503,25,2022,28,5,,,,,,,1,14,2,,,,4,,2024-04-17 20:11
4585,458504,25,2022,24,4,,,,,,,1,14,1,,,,4,,2024-04-17 20:11
4587,458701,25,2022,61,2,2,561,2003m1,4,441,2,2,14,1,200,,3,4,,2024-04-17 20:11
4587,458702,25,2022,56,2,3,561,2003m1,5,441,2,2,14,2,,,3,4,,2024-04-17 20:11
8702,458703,25,2022,36,6,1,872,2014m6,1,247,1,2,3,1,400,1,2,5,,2024-04-17 20:11
8703,458704,25,2022,33,4,2,204,2020m10,4,791,2,2,14,2,30,,2,3,,2024-04-17 20:11
4590,459001,25,2022,52,5,1,763,2017m2,1,875,1,2,14,1,370,1,3,4,,2024-04-17 20:11
4590,459002,25,2022,48,3,1,651,2011m8,1,510,1,2,14,2,110,2,3,4,,2024-04-17 20:11
4590,459003,25,2022,24,4,,,,,,,1,14,1,,,,4,,2024-04-17 20:11
4590,459004,25,2022,22,4,,,,,,,1,14,1,,,,4,,2024-04-17 20:11
4592,459201,25,2022,60,6,1,852,1987m3,1,252,1,2,14,1,500,1,2,3,,2024-04-17 20:11
4592,459202,25,2022,60,6,,,,,,,2,14,2,,,,3,,2024-04-17 20:11
9583,459203,25,2022,31,6,1,841,2017m2,1,311,1,2,1,2,250,1,3,3,,2024-04-17 20:11
10015,459204,25,2022,27,6,1,582,2019m12,1,222,1,1,1,1,400,1,2,4,,2024-04-17 20:11
4593,459301,25,2022,66,5,1,201,2016m6,1,942,1,2,14,1,185,2,4,4,,2024-04-17 20:11
4593,459302,25,2022,65,6,,,,,,,2,14,2,,,,4,,2024-04-17 20:11
4593,459304,25,2022,30,6,,,,,,,1,14,2,,,,4,,2024-04-17 20:11
4594,459401,25,2022,54,6,1,853,1996m2,1,251,1,2,15,1,700,1,2,3,,2024-04-17 20:11
4594,459402,25,2022,53,6,,,,,,,2,15,2,,,,4,,2024-04-17 20:11
4594,459403,25,2022,25,4,,,,,,,1,15,1,,,,4,,2024-04-17 20:11
4595,459501,25,2022,59,6,1,852,1988m3,1,252,1,2,14,1,650,1,1,2,,2024-04-17 20:11
4595,459502,25,2022,58,6,,,,,,,2,14,2,,,,2,,2024-04-17 20:11
9433,459503,25,2022,31,6,1,852,2021m9,1,252,1,2,1,2,300,1,2,3,,2024-04-17 20:11
9840,459504,25,2022,28,6,1,863,2022m4,1,241,1,1,13,1,250,1,3,4,,2024-04-17 20:11
4596,459601,25,2022,68,3,2,11,1977m6,4,611,2,2,14,1,700,,3,3,,2024-04-17 20:11
4596,459602,25,2022,66,2,3,11,1977m6,5,611,2,2,14,2,,,3,3,,2024-04-17 20:11
8159,459605,25,2022,37,5,2,11,2021m10,4,611,2,3,14,1,,,2,3,,2024-04-17 20:11
4597,459702,25,2022,78,2,,,,,,,3,14,2,,,,6,,2024-04-17 20:11
6795,459703,25,2022,49,6,1,551,2014m12,1,313,1,2,12,1,400,1,3,5,,2024-04-17 20:11
4597,459704,25,2022,29,5,1,471,2016m8,2,521,1,1,14,2,85,2,3,5,,2024-04-17 20:11
4597,459705,25,2022,54,3,,,,,,,3,14,1,,,,6,,2024-04-17 20:11
4600,460001,25,2022,63,3,2,472,2019m4,4,521,2,2,14,1,90,,3,4,,2024-04-17 20:11
6129,460002,25,2022,64,2,,,,,,,3,3,2,,,,5,,2024-04-17 20:11
8402,460003,25,2022,38,6,1,902,2017m8,1,134,1,2,1,1,370,1,2,4,,2024-04-17 20:11
4600,460005,25,2022,68,2,2,471,2016m5,4,521,2,2,14,2,40,,3,4,,2024-04-17 20:11
6079,460101,25,2022,58,3,,,,,,,3,14,1,,,,6,,2024-04-17 20:11
4601,460102,25,2022,56,2,1,172,2021m8,1,891,1,3,14,2,170,1,3,6,,2024-04-17 20:11
4601,460103,25,2022,32,6,1,561,2017m10,1,521,1,1,14,2,186,1,3,6,,2024-04-17 20:11
4601,460104,25,2022,29,5,1,472,2021m11,1,521,1,1,14,2,180,1,3,5,,2024-04-17 20:11
4602,460201,25,2022,81,2,,,,,,,2,14,1,,,,5,,2024-04-17 20:11
4602,460202,25,2022,80,2,,,,,,,2,14,2,,,,5,,2024-04-17 20:11
4603,460301,25,2022,65,2,1,101,2008m4,1,710,1,2,14,1,220,1,3,5,,2024-04-17 20:11
4603,460302,25,2022,58,3,1,682,2022m3,2,274,1,2,14,2,80,2,3,4,,2024-04-17 20:11
4604,460402,25,2022,78,2,1,872,2021m2,2,941,1,3,14,2,27,2,2,5,,2024-04-17 20:11
4605,460502,25,2022,81,1,,,,,,,3,14,2,,,,6,,2024-04-17 20:11
4606,460602,25,2022,89,1,,,,,,,3,14,2,,,,5,,2024-04-17 20:11
4607,460703,25,2022,41,5,1,352,2017m1,1,992,1,2,14,1,298,1,3,4,,2024-04-17 20:11
4607,460704,25,2022,36,6,,,,,,,2,14,2,,,,4,,2024-04-17 20:11
4608,460801,25,2022,92,1,,,,,,,3,14,2,,,,4,,2024-04-17 20:11
4608,460802,25,2022,57,2,2,492,2009m10,4,875,2,2,14,1,150,,2,4,,2024-04-17 20:11
4608,460804,25,2022,21,3,1,861,2021m2,1,246,1,1,14,2,200,1,2,3,,2024-04-17 20:11
4608,460805,25,2022,34,3,1,101,2016m4,2,710,1,2,14,2,200,2,3,3,,2024-04-17 20:11
4610,461002,25,2022,83,2,,,,,,,3,14,2,,,,4,,2024-04-17 20:11
4610,461003,25,2022,63,2,2,11,2004m2,4,611,2,3,14,1,150,,3,4,,2024-04-17 20:11
4612,461201,25,2022,55,6,1,852,1996m3,1,252,1,2,14,1,510,1,3,3,,2024-04-17 20:11
4612,461202,25,2022,53,5,1,862,2017m1,1,246,1,2,14,2,160,1,3,4,,2024-04-17 20:11
4612,461203,25,2022,26,6,,,,,,,1,14,1,,,,4,,2024-04-17 20:11
4615,461501,25,2022,63,3,1,493,2015m2,1,875,1,2,14,1,320,2,3,4,,2024-04-17 20:11
4615,461502,25,2022,60,3,1,852,2022m3,2,441,1,2,14,2,200,2,2,3,,2024-04-17 20:11
8486,461503,25,2022,36,5,,,,,,,2,8,2,,,,5,,2024-04-17 20:11
8704,461504,25,2022,34,6,1,639,2020m11,1,399,1,1,1,2,245,1,3,4,,2024-04-17 20:11
4618,461801,25,2022,74,2,1,424,2005m7,3,782,1,2,14,1,150,2,3,5,,2024-04-17 20:11
4618,461802,25,2022,69,2,,,,,,,2,14,2,,,,5,,2024-04-17 20:11
5822,461803,25,2022,45,5,1,862,2019m11,1,246,1,2,3,2,200,1,3,4,,2024-04-17 20:11
8552,461804,25,2022,42,5,1,281,2011m11,1,762,1,2,7,1,330,1,3,4,,2024-04-17 20:11
8961,461805,25,2022,40,5,1,292,2014m7,1,743,1,2,14,1,300,1,3,4,,2024-04-17 20:11
4619,461901,25,2022,65,2,,,,,,,2,14,1,,,,4,,2024-04-17 20:11
4619,461902,25,2022,61,2,1,242,2017m12,1,742,1,2,14,2,198,1,3,4,,2024-04-17 20:11
9841,461903,25,2022,38,3,2,474,2021m9,4,521,2,1,3,2,500,,3,5,,2024-04-17 20:11
4619,461904,25,2022,36,6,1,411,2021m8,1,312,1,1,14,1,335,1,3,4,,2024-04-17 20:11
4620,462002,25,2022,55,3,1,871,2010m9,1,429,1,2,14,2,254,1,2,3,,2024-04-17 20:11
8705,462003,25,2022,30,3,1,241,2018m2,1,851,1,2,14,1,400,2,3,4,,2024-04-17 20:11
4620,462004,25,2022,60,3,1,411,2017m9,1,873,1,2,14,1,272,2,2,3,,2024-04-17 20:11
4622,462202,25,2022,83,1,,,,,,,3,3,2,,,,4,,2024-04-17 20:11
5823,462203,25,2022,56,5,1,492,2015m8,1,875,1,2,14,1,230,1,3,4,,2024-04-17 20:11
5823,462204,25,2022,52,3,1,872,2020m9,1,421,1,2,14,2,220,2,3,4,,2024-04-17 20:11
9684,462205,25,2022,26,5,1,949,2022m3,2,313,1,1,14,2,100,2,3,4,,2024-04-17 20:11
4623,462301,25,2022,62,2,2,953,2016m5,4,799,2,2,3,1,250,,3,5,,2024-04-17 20:11
4623,462302,25,2022,57,2,3,424,2020m8,5,783,2,2,3,2,,,3,5,,2024-04-17 20:11
4623,462303,25,2022,28,2,,,,,,,1,3,1,,,,6,,2024-04-17 20:11
4623,462304,25,2022,23,5,,,,,,,1,3,1,,,,6,,2024-04-17 20:11
4624,462401,25,2022,70,3,,,,,,,2,3,2,,,,5,,2024-04-17 20:11
4624,462402,25,2022,77,2,1,872,2020m2,2,,1,2,3,1,27,2,3,4,,2024-04-17 20:11
4626,462601,25,2022,74,2,,,,,,,2,14,1,,,,4,,2024-04-17 20:11
4626,462602,25,2022,68,2,,,,,,,2,14,2,,,,4,,2024-04-17 20:11
6960,462603,25,2022,44,6,1,872,2011m9,1,247,1,2,14,2,245,2,3,4,,2024-04-17 20:11
10182,462604,25,2022,40,6,1,872,2022m3,2,254,1,2,5,2,40,2,3,5,,2024-04-17 20:11
5967,462703,25,2022,44,3,,,,,,,2,8,2,,,,3,,2024-04-17 20:11
6539,462704,25,2022,41,3,1,561,2016m3,2,521,1,2,8,2,100,2,3,5,,2024-04-17 20:11
4628,462801,25,2022,81,2,,,,,,,2,14,1,,,,5,,2024-04-17 20:11
4628,462802,25,2022,81,2,,,,,,,2,14,2,,,,5,,2024-04-17 20:11
4629,462902,25,2022,70,2,1,872,2020m3,2,421,1,3,14,2,60,2,3,4,,2024-04-17 20:11
4629,462903,25,2022,43,5,,,,,,,1,14,1,,,,6,,2024-04-17 20:11
4630,463001,25,2022,69,2,2,493,2014m6,4,922,2,2,14,1,100,,3,4,,2024-04-17 20:11
4630,463002,25,2022,67,2,1,106,2008m10,2,441,1,2,14,2,150,2,3,4,,2024-04-17 20:11
7207,463003,25,2022,44,5,,,,,,,2,14,2,,,,3,,2024-04-17 20:11
7098,463004,25,2022,42,6,2,562,2020m10,4,441,2,1,14,1,300,,3,5,,2024-04-17 20:11
9434,463005,25,2022,40,5,1,562,2021m6,2,441,1,2,14,2,100,2,3,4,,2024-04-17 20:11
4631,463102,25,2022,88,1,,,,,,,3,14,2,,,,5,,2024-04-17 20:11
5787,463403,25,2022,51,6,1,465,2009m4,1,151,1,1,1,1,840,1,2,3,,2024-04-17 20:11
9585,463405,25,2022,32,5,3,562,2021m6,5,441,2,2,14,1,,,3,4,,2024-04-17 20:11
4635,463502,25,2022,72,2,2,11,1973m6,4,611,2,3,14,2,150,,3,4,,2024-04-17 20:11
5695,463503,25,2022,47,3,2,471,2012m3,4,521,2,3,14,2,300,,2,4,,2024-04-17 20:11
8553,463504,25,2022,40,6,,,,,,,2,14,2,,,,3,,2024-04-17 20:11
4635,463505,25,2022,34,6,,,,,,,1,14,1,,,,4,,2024-04-17 20:11
4636,463601,25,2022,63,3,2,12,2002m3,4,613,2,2,14,1,150,,2,4,,2024-04-17 20:11
4636,463602,25,2022,56,3,3,12,2002m3,5,613,2,2,14,2,,,2,4,,2024-04-17 20:11
4636,463605,25,2022,28,6,1,844,2020m11,1,411,1,1,14,1,270,1,2,4,,2024-04-17 20:11
4637,463701,25,2022,72,2,1,303,2015m2,1,930,1,2,14,1,183,2,2,4,,2024-04-17 20:11
4637,463702,25,2022,69,2,,,,,,,2,14,2,,,,4,,2024-04-17 20:11
6796,463703,25,2022,43,5,1,721,2020m6,1,314,1,2,14,2,129,1,3,3,,2024-04-17 20:11
10277,463707,25,2022,33,6,1,292,2019m12,1,851,1,1,14,1,245,1,3,4,,2024-04-17 20:11
4639,463902,25,2022,74,2,,,,,,,3,14,2,,,,4,,2024-04-17 20:11
8390,463903,25,2022,38,6,1,311,2010m10,1,312,1,2,14,1,296,1,3,3,,2024-04-17 20:11
7897,463904,25,2022,42,5,2,651,2020m11,4,510,2,2,14,2,350,,2,4,,2024-04-17 20:11
8554,464103,25,2022,29,4,1,474,2021m12,1,521,1,1,14,1,260,2,3,5,,2024-04-17 20:11
4642,464201,25,2022,66,2,2,11,2011m4,4,611,2,2,14,1,250,,4,4,,2024-04-17 20:11
4642,464202,25,2022,62,3,3,11,1988m8,5,611,2,2,14,2,,,3,4,,2024-04-17 20:11
8391,464203,25,2022,38,5,1,861,2020m11,1,312,1,2,14,2,215,1,3,4,,2024-04-17 20:11
9675,464204,25,2022,37,5,1,478,2010m3,1,521,1,2,14,1,438,1,2,3,,2024-04-17 20:11
4644,464401,25,2022,79,1,2,11,1963m5,4,611,2,3,14,2,15,,3,4,,2024-04-17 20:11
4647,464701,25,2022,90,3,,,,,,,2,14,1,,,,4,,2024-04-17 20:11
4647,464702,25,2022,89,1,,,,,,,2,14,2,,,,4,,2024-04-17 20:11
4648,464801,25,2022,80,2,,,,,,,2,14,1,,,,4,,2024-04-17 20:11
4648,464802,25,2022,77,2,,,,,,,2,14,2,,,,4,,2024-04-17 20:11
4649,464904,25,2022,44,2,2,561,2021m9,4,441,2,2,15,2,400,,2,5,,2024-04-17 20:11
4649,464905,25,2022,22,5,1,561,2021m11,2,442,1,1,15,2,150,2,3,5,,2024-04-17 20:11
4649,464908,25,2022,46,5,1,303,2019m10,2,851,1,2,15,1,250,2,3,5,,2024-04-17 20:11
4650,465001,25,2022,87,2,,,,,,,3,14,1,,,,4,,2024-04-17 20:11
4651,465101,25,2022,82,2,,,,,,,3,14,2,,,,5,,2024-04-17 20:11
4652,465203,25,2022,83,2,,,,,,,3,14,2,,,,5,,2024-04-17 20:11
4653,465301,25,2022,84,3,2,11,1998m7,4,611,2,2,14,1,50,,3,4,,2024-04-17 20:11
4653,465302,25,2022,82,2,,,,,,,2,14,2,,,,3,,2024-04-17 20:11
4654,465402,25,2022,80,1,,,,,,,3,14,2,,,,5,,2024-04-17 20:11
5342,465403,25,2022,51,3,1,291,2004m8,1,851,1,2,6,1,450,1,2,5,,2024-04-17 20:11
6797,465502,25,2022,69,2,,,,,,,3,14,2,,,,4,,2024-04-17 20:11
6797,465503,25,2022,46,3,1,101,2021m8,1,710,1,3,14,1,420,1,3,4,,2024-04-17 20:11
5607,465504,25,2022,44,3,1,861,2008m5,1,312,1,3,14,1,400,1,3,3,,2024-04-17 20:11
4656,465601,25,2022,66,5,2,561,2017m3,4,441,2,2,14,1,500,,3,4,,2024-04-17 20:11
4656,465602,25,2022,62,2,3,561,2017m3,5,441,2,2,14,2,,,3,4,,2024-04-17 20:11
8804,465604,25,2022,36,5,1,561,2021m4,1,441,1,2,14,2,200,2,3,4,,2024-04-17 20:11
4657,465701,25,2022,80,2,,,,,,,3,14,2,,,,6,,2024-04-17 20:11
4658,465802,25,2022,68,3,1,872,2021m9,2,941,1,3,3,2,60,2,2,5,,2024-04-17 20:11
9435,465805,25,2022,34,6,,,,,,,2,1,2,,,,4,,2024-04-17 20:11
4659,465901,25,2022,72,2,3,11,1979m3,5,611,2,3,14,2,,,4,4,,2024-04-17 20:11
4659,465902,25,2022,48,6,2,11,1997m3,4,611,2,2,14,1,500,,3,4,,2024-04-17 20:11
10183,465903,25,2022,43,3,1,423,2013m4,3,762,1,1,14,1,400,2,3,4,,2024-04-17 20:11
4659,465904,25,2022,42,3,2,473,2015m6,4,531,2,2,14,2,100,,3,4,,2024-04-17 20:11
4659,465905,25,2022,24,3,1,423,2020m8,3,910,1,1,14,1,280,2,3,3,,2024-04-17 20:11
4659,465906,25,2022,46,3,1,222,2013m1,1,832,1,1,14,1,290,2,3,4,,2024-04-17 20:11
4659,465907,25,2022,20,4,,,,,,,1,14,2,,,,4,,2024-04-17 20:11
4659,465908,25,2022,15,2,,,,,,,1,14,1,,,,4,,2024-04-17 20:11
4660,466001,25,2022,75,2,2,11,1971m6,4,611,2,3,14,1,20,,3,4,,2024-04-17 20:11
4661,466102,25,2022,76,2,1,872,2021m5,2,941,1,3,14,2,27,2,3,5,,2024-04-17 20:11
5095,466104,25,2022,48,3,,,,,,,2,14,2,,,,3,,2024-04-17 20:11
7898,466105,25,2022,44,6,2,752,2013m1,4,392,2,2,14,2,,,3,4,,2024-04-17 20:11
4662,466203,25,2022,50,2,,,,,,,1,14,1,,,,5,,2024-04-17 20:11
9331,466405,25,2022,35,6,1,111,2020m9,1,312,1,1,10,1,330,1,2,4,,2024-04-17 20:11
4665,466502,25,2022,83,2,,,,,,,3,14,2,,,,6,,2024-04-17 20:11
4665,466503,25,2022,58,3,,,,,,,1,14,1,,,,6,,2024-04-17 20:11
4666,466601,25,2022,58,3,1,259,2005m7,1,851,1,2,14,1,400,1,4,4,,2024-04-17 20:11
4666,466602,25,2022,54,3,,,,,,,2,14,2,,,,4,,2024-04-17 20:11
4666,466603,25,2022,26,4,,,,,,,1,14,1,,,,4,,2024-04-17 20:11
4666,466604,25,2022,23,4,,,,,,,1,14,1,,,,4,,2024-04-17 20:11
4670,467001,25,2022,62,3,2,493,2006m5,4,922,2,2,14,1,100,,3,4,,2024-04-17 20:11
4670,467002,25,2022,59,3,2,561,2022m2,4,441,2,2,14,2,150,,3,4,,2024-04-17 20:11
8393,467003,25,2022,36,6,1,581,2019m4,1,281,1,2,1,1,340,1,2,4,,2024-04-17 20:11
4672,467201,25,2022,83,1,,,,,,,3,14,2,,,,5,,2024-04-17 20:11
4675,467502,25,2022,82,2,2,11,1980m6,4,611,2,2,14,1,10,,3,4,,2024-04-17 20:11
4675,467503,25,2022,80,2,3,11,1980m6,5,611,2,2,14,2,,,3,4,,2024-04-17 20:11
10366,467504,25,2022,20,4,1,561,2022m3,2,521,1,1,14,2,70,2,2,5,,2024-04-17 20:11
4676,467601,25,2022,82,2,,,,,,,3,8,1,,,,5,,2024-04-17 20:11
4678,467802,25,2022,86,2,,,,,,,3,14,2,,,,5,,2024-04-17 20:11
4680,468002,25,2022,91,1,,,,,,,3,14,2,,,,4,,2024-04-17 20:11
4682,468201,25,2022,80,2,2,11,2006m3,4,611,2,2,14,1,10,,3,4,,2024-04-17 20:11
4682,468202,25,2022,80,2,,,,,,,2,14,2,,,,4,,2024-04-17 20:11
4684,468402,25,2022,74,1,,,,,,,3,14,2,,,,4,,2024-04-17 20:11
4686,468601,25,2022,63,2,2,11,1980m6,4,611,2,2,14,1,190,,3,4,,2024-04-17 20:11
4686,468602,25,2022,62,2,3,11,1989m11,5,611,2,2,14,2,,,3,4,,2024-04-17 20:11
4686,468603,25,2022,95,1,,,,,,,3,14,2,,,,3,,2024-04-17 20:11
4686,468604,25,2022,32,6,1,902,2016m1,1,282,1,1,14,1,210,2,2,3,,2024-04-17 20:11
9842,468605,25,2022,29,5,1,262,2018m6,1,853,1,1,14,1,260,1,3,4,,2024-04-17 20:11
4687,468701,25,2022,59,3,2,11,1985m6,4,611,2,2,14,1,150,,3,4,,2024-04-17 20:11
4687,468702,25,2022,56,2,,,,,,,2,14,2,,,,4,,2024-04-17 20:11
9436,468704,25,2022,30,5,1,551,2019m11,1,521,1,2,5,2,198,1,3,5,,2024-04-17 20:11
4689,468902,25,2022,86,2,,,,,,,3,14,2,,,,4,,2024-04-17 20:11
4690,469001,25,2022,76,3,,,,,,,2,14,1,,,,4,,2024-04-17 20:11
4690,469002,25,2022,73,2,,,,,,,2,14,2,,,,4,,2024-04-17 20:11
5970,469004,25,2022,44,6,1,872,2018m3,1,247,1,2,8,2,225,2,3,4,,2024-04-17 20:11
5971,469005,25,2022,42,6,1,862,2015m8,2,245,1,2,8,2,300,2,3,4,,2024-04-17 20:11
4691,469102,25,2022,85,1,,,,,,,3,14,2,,,,6,,2024-04-17 20:11
4693,469302,25,2022,80,2,,,,,,,3,14,2,,,,5,,2024-04-17 20:11
4694,469402,25,2022,87,2,,,,,,,3,14,2,,,,5,,2024-04-17 20:11
4696,469601,25,2022,77,3,2,476,1970m1,4,521,2,2,14,1,150,,2,2,,2024-04-17 20:11
4696,469602,25,2022,73,4,2,651,2004m6,4,510,2,2,14,2,200,,2,2,,2024-04-17 20:11
4697,469701,25,2022,69,2,,,,,,,2,14,1,,,,3,,2024-04-17 20:11
4697,469702,25,2022,69,2,1,872,2019m8,2,421,1,2,14,2,100,2,2,3,,2024-04-17 20:11
5972,469704,25,2022,42,5,2,742,2022m1,4,941,2,2,5,2,1600,,3,4,,2024-04-17 20:11
7397,469705,25,2022,40,6,1,861,2007m7,1,245,1,2,4,1,300,1,3,5,,2024-04-17 20:11
4698,469802,25,2022,83,2,,,,,,,3,3,2,,,,5,,2024-04-17 20:11
4699,469901,25,2022,82,2,,,,,,,3,14,2,,,,4,,2024-04-17 20:11
7757,469903,25,2022,51,3,3,855,2013m3,5,254,2,2,14,1,,,3,3,,2024-04-17 20:11
4700,470001,25,2022,59,3,2,953,2007m4,4,771,2,2,14,1,150,,2,3,,2024-04-17 20:11
4700,470002,25,2022,57,3,1,471,2010m6,1,521,1,2,14,2,210,1,2,3,,2024-04-17 20:11
4700,470003,25,2022,29,6,1,422,2018m2,1,762,1,1,14,1,200,2,2,3,,2024-04-17 20:11
4700,470004,25,2022,28,6,1,681,2020m8,1,312,1,1,14,1,220,1,2,3,,2024-04-17 20:11
4701,470101,25,2022,55,6,,,,,,,2,14,1,,,,3,,2024-04-17 20:11
4701,470102,25,2022,55,5,1,611,1992m5,1,320,1,2,14,2,650,1,2,3,,2024-04-17 20:11
4701,470103,25,2022,26,6,,,,,,,1,14,1,,,,3,,2024-04-17 20:11
4702,470202,25,2022,59,5,1,479,2012m5,2,532,1,3,3,2,20,2,3,4,,2024-04-17 20:11
4702,470203,25,2022,32,6,1,241,2018m10,1,851,1,1,3,1,282,1,3,4,,2024-04-17 20:11
4702,470204,25,2022,29,6,1,861,2019m5,1,243,1,1,3,2,320,2,3,3,,2024-04-17 20:11
4705,470501,25,2022,65,3,2,11,1981m9,4,611,2,2,14,1,500,,2,3,,2024-04-17 20:11
4705,470502,25,2022,65,2,3,11,1981m9,5,611,2,2,14,2,,,3,4,,2024-04-17 20:11
8555,470505,25,2022,38,6,1,852,2020m3,1,252,1,2,7,2,300,1,2,5,,2024-04-17 20:11
8805,470506,25,2022,37,5,1,303,2010m7,1,854,1,2,14,1,350,1,2,3,,2024-04-17 20:11
4706,470601,25,2022,78,2,2,11,1993m2,4,611,2,2,14,1,125,,3,4,,2024-04-17 20:11
4706,470602,25,2022,74,2,3,11,,5,611,2,2,14,2,,,3,4,,2024-04-17 20:11
4709,470902,25,2022,56,2,2,107,2017m2,4,710,2,1,14,1,300,,2,4,,2024-04-17 20:11
6396,470903,25,2022,46,3,1,222,2020m3,1,832,1,2,3,1,280,1,3,4,,2024-04-17 20:11
4710,471001,25,2022,72,2,2,759,2020m9,4,930,2,2,14,1,50,,3,3,,2024-04-17 20:11
4710,471002,25,2022,69,2,,,,,,,2,14,2,,,,3,,2024-04-17 20:11
6391,471003,25,2022,45,6,2,620,2014m1,4,223,2,2,8,1,500,,2,4,,2024-04-17 20:11
5248,471103,25,2022,50,6,,,,,,,2,8,2,,,,3,,2024-04-17 20:11
4711,471105,25,2022,73,2,,,,,,,3,2,2,,,,4,,2024-04-17 20:11
4712,471201,25,2022,74,2,,,,,,,2,15,1,,,,5,,2024-04-17 20:11
4712,471202,25,2022,70,2,,,,,,,2,15,2,,,,5,,2024-04-17 20:11
4713,471301,25,2022,65,3,,,,,,,2,15,1,,,,4,,2024-04-17 20:11
4713,471302,25,2022,62,2,,,,,,,2,15,2,,,,4,,2024-04-17 20:11
10184,471303,25,2022,38,6,1,841,2019m7,1,311,1,2,15,2,200,1,3,4,,2024-04-17 20:11
10185,471304,25,2022,35,6,1,853,2018m8,1,251,1,1,15,1,500,2,3,4,,2024-04-17 20:11
4715,471502,25,2022,80,2,1,841,2017m4,2,941,1,3,15,2,27,2,2,5,,2024-04-17 20:11
6075,471504,25,2022,50,6,2,732,2018m5,4,285,2,2,15,1,150,,2,4,,2024-04-17 20:11
4718,471801,25,2022,69,2,,,,,,,2,15,1,,,,4,,2024-04-17 20:11
4718,471802,25,2022,71,2,1,841,2022m3,2,,1,2,15,2,27,2,3,4,,2024-04-17 20:11
6626,471803,25,2022,44,3,2,561,2021m8,4,441,2,2,15,2,200,,3,4,,2024-04-17 20:11
7501,471804,25,2022,42,5,2,561,2020m2,4,441,2,2,15,1,300,,2,4,,2024-04-17 20:11
4719,471901,25,2022,57,2,2,952,2004m8,4,751,2,2,15,1,200,,3,5,,2024-04-17 20:11
7502,471902,25,2022,51,3,2,11,2016m9,4,611,2,2,15,1,60,,2,4,,2024-04-17 20:11
4719,471903,25,2022,53,3,,,,,,,2,15,2,,,,5,,2024-04-17 20:11
4719,471904,25,2022,22,5,,,,,,,1,15,2,,,,5,,2024-04-17 20:11
4719,471905,25,2022,21,4,,,,,,,1,15,1,,,,4,,2024-04-17 20:11
4720,472001,25,2022,62,3,1,291,2021m4,1,235,1,2,2,1,200,1,2,4,,2024-04-17 20:11
4720,472002,25,2022,59,3,1,561,2022m7,3,442,1,2,2,2,280,2,3,4,,2024-04-17 20:11
4720,472003,25,2022,33,6,1,715,2022m8,1,312,1,1,2,2,300,1,2,3,,2024-04-17 20:11
10367,472004,25,2022,30,6,1,853,2017m3,2,251,1,1,4,1,160,2,3,4,,2024-04-17 20:11
4724,472401,25,2022,61,3,2,259,2005m1,4,799,2,2,15,1,300,,2,3,,2024-04-17 20:11
4724,472402,25,2022,57,3,1,465,2007m9,1,313,1,2,15,2,200,1,2,3,,2024-04-17 20:11
4724,472403,25,2022,31,6,1,620,2022m4,1,222,1,1,15,1,300,1,2,3,,2024-04-17 20:11
4725,472501,25,2022,68,2,,,,,,,2,15,1,,,,4,,2024-04-17 20:11
4725,472502,25,2022,64,2,1,291,2018m4,2,854,1,2,15,2,170,2,3,4,,2024-04-17 20:11
8151,472503,25,2022,38,6,1,561,2007m12,1,244,1,2,15,2,450,1,2,4,,2024-04-17 20:11
9332,472504,25,2022,36,5,,,,,,,2,8,2,,,,4,,2024-04-17 20:11
5441,472603,25,2022,56,6,1,131,2021m1,1,821,1,2,3,2,330,1,2,3,,2024-04-17 20:11
4727,472701,25,2022,55,6,1,729,1993m4,1,211,1,2,4,1,625,1,2,3,,2024-04-17 20:11
4727,472702,25,2022,50,6,,,,,,,2,4,2,,,,4,,2024-04-17 20:11
4727,472703,25,2022,26,6,1,851,2022m5,1,252,1,1,4,1,240,1,2,4,,2024-04-17 20:11
4727,472704,25,2022,24,6,1,853,2021m3,2,259,1,1,4,1,120,2,2,4,,2024-04-17 20:11
4728,472801,25,2022,57,3,1,291,2018m8,1,851,1,2,15,1,460,1,2,4,,2024-04-17 20:11
4728,472802,25,2022,53,3,1,471,2017m8,1,521,1,2,15,2,184,2,3,4,,2024-04-17 20:11
4728,472803,25,2022,28,6,1,351,2020m9,1,861,1,1,15,1,500,1,2,3,,2024-04-17 20:11
4729,472901,25,2022,66,3,1,181,2022m2,1,892,1,2,15,1,160,1,2,4,,2024-04-17 20:11
4729,472902,25,2022,67,3,,,,,,,2,15,2,,,,4,,2024-04-17 20:11
9676,472903,25,2022,41,5,1,843,2011m11,1,752,1,2,15,1,320,1,2,4,,2024-04-17 20:11
10016,472904,25,2022,38,5,1,682,2015m10,1,274,1,2,15,1,310,1,2,4,,2024-04-17 20:11
4732,473201,25,2022,80,3,,,,,,,2,15,1,,,,5,,2024-04-17 20:11
4732,473202,25,2022,75,2,,,,,,,2,15,2,,,,4,,2024-04-17 20:11
4732,473204,25,2022,48,6,,,,,,,1,15,1,,,,5,,2024-04-17 20:11
4733,473301,25,2022,53,5,1,423,2021m6,1,762,1,2,15,1,200,1,3,5,,2024-04-17 20:11
4733,473302,25,2022,53,6,,,,,,,2,15,2,,,,5,,2024-04-17 20:11
4733,473303,25,2022,25,4,1,465,2021m10,1,771,1,1,15,1,240,1,3,4,,2024-04-17 20:11
4733,473304,25,2022,20,3,,,,,,,1,15,2,,,,5,,2024-04-17 20:11
4736,473601,25,2022,66,3,2,492,2013m5,4,875,2,2,15,1,300,,2,4,,2024-04-17 20:11
4736,473602,25,2022,61,3,,,,,,,2,15,2,,,,4,,2024-04-17 20:11
7759,473603,25,2022,39,5,,,,,,,2,15,2,,,,4,,2024-04-17 20:11
4738,473802,25,2022,62,6,1,872,2021m3,2,254,1,3,15,2,80,2,2,4,,2024-04-17 20:11
4738,473804,25,2022,35,4,1,312,2021m5,1,851,1,1,15,1,300,2,3,4,,2024-04-17 20:11
4739,473901,25,2022,56,6,1,852,1993m3,1,311,1,2,15,1,550,1,2,3,,2024-04-17 20:11
4739,473902,25,2022,51,6,,,,,,,2,15,2,,,,4,,2024-04-17 20:11
4739,473903,25,2022,27,6,,,,,,,1,15,2,,,,3,,2024-04-17 20:11
4739,473904,25,2022,25,4,1,911,2022m2,2,286,1,1,15,1,100,2,2,3,,2024-04-17 20:11
4741,474101,25,2022,46,3,2,463,2017m6,4,521,2,2,8,1,400,,3,4,,2024-04-17 20:11
5292,474103,25,2022,49,3,1,422,2019m9,1,753,1,2,15,1,460,1,2,4,,2024-04-17 20:11
4741,474104,25,2022,47,3,3,472,2016m7,5,521,2,2,8,2,,,3,4,,2024-04-17 20:11
4741,474105,25,2022,16,2,,,,,,,1,8,1,,,,5,,2024-04-17 20:11
4742,474201,25,2022,73,3,,,,,,,2,15,1,,,,4,,2024-04-17 20:11
4742,474202,25,2022,67,3,,,,,,,2,15,2,,,,4,,2024-04-17 20:11
8707,474203,25,2022,41,6,,,,,,,2,2,2,,,,4,,2024-04-17 20:11
4742,474205,25,2022,83,2,,,,,,,3,15,1,,,,4,,2024-04-17 20:11
4746,474601,25,2022,76,3,,,,,,,2,3,1,,,,6,,2024-04-17 20:11
6873,474703,25,2022,49,5,1,285,1997m9,1,239,1,2,15,1,626,1,2,4,,2024-04-17 20:11
6060,474704,25,2022,47,5,,,,,,,2,15,2,,,,4,,2024-04-17 20:11
4748,474801,25,2022,75,6,,,,,,,2,15,1,,,,4,,2024-04-17 20:11
4748,474802,25,2022,72,2,,,,,,,2,15,2,,,,4,,2024-04-17 20:11
6652,474803,25,2022,47,6,1,292,2014m12,1,235,1,2,8,1,800,1,2,3,,2024-04-17 20:11
7760,474804,25,2022,45,6,,,,,,,2,15,2,,,,6,,2024-04-17 20:11
4749,474901,25,2022,71,6,1,872,2022m3,2,,1,3,15,1,40,2,2,4,,2024-04-17 20:11
9051,474903,25,2022,40,6,1,291,2009m12,1,312,1,2,15,1,500,1,2,4,,2024-04-17 20:11
8488,474904,25,2022,38,6,2,969,2022m1,4,247,2,2,14,2,400,,3,4,,2024-04-17 20:11
4750,475001,25,2022,70,2,2,562,2008m8,4,441,2,2,15,2,100,,2,4,,2024-04-17 20:11
4750,475002,25,2022,72,3,,,,,,,2,15,1,,,,5,,2024-04-17 20:11
4751,475101,25,2022,63,2,,,,,,,2,15,1,,,,4,,2024-04-17 20:11
4751,475102,25,2022,63,2,,,,,,,2,15,2,,,,4,,2024-04-17 20:11
4752,475201,25,2022,67,6,1,953,2014m5,1,771,1,2,15,1,100,1,4,4,,2024-04-17 20:11
4752,475202,25,2022,63,3,,,,,,,2,15,2,,,,4,,2024-04-17 20:11
4755,475501,25,2022,58,6,1,351,1990m3,1,121,1,2,8,1,1250,1,2,3,,2024-04-17 20:11
4755,475502,25,2022,55,6,,,,,,,2,8,2,,,,3,,2024-04-17 20:11
10017,475504,25,2022,27,6,1,851,2020m2,1,252,1,1,11,1,247,1,2,3,,2024-04-17 20:11
4756,475601,25,2022,74,6,2,715,2012m1,4,254,2,2,15,1,200,,2,4,,2024-04-17 20:11
4756,475602,25,2022,73,3,,,,,,,2,15,2,,,,4,,2024-04-17 20:11
4759,475901,25,2022,57,3,2,953,1999m4,4,730,2,2,15,1,200,,3,4,,2024-04-17 20:11
4759,475902,25,2022,57,6,,,,,,,2,15,2,,,,4,,2024-04-17 20:11
4759,475903,25,2022,29,6,1,351,2019m3,1,312,1,1,15,1,280,1,3,4,,2024-04-17 20:11
4759,475904,25,2022,26,6,1,851,2020m3,1,252,1,1,15,2,290,1,2,4,,2024-04-17 20:11
4760,476001,25,2022,62,3,,,,,,,2,15,1,,,,4,,2024-04-17 20:11
4760,476002,25,2022,58,3,1,352,2009m6,1,992,1,2,15,2,240,1,2,4,,2024-04-17 20:11
4760,476003,25,2022,32,6,,,,,,,1,15,1,,,,4,,2024-04-17 20:11
4761,476101,25,2022,63,3,,,,,,,2,15,1,,,,4,,2024-04-17 20:11
4761,476102,25,2022,59,3,2,11,2022m2,4,611,2,2,15,2,20,,2,4,,2024-04-17 20:11
4761,476104,25,2022,32,6,,,,,,,1,15,2,,,,4,,2024-04-17 20:11
4762,476201,25,2022,56,6,1,492,2021m1,1,873,1,2,8,1,440,1,2,3,,2024-04-17 20:11
4762,476202,25,2022,51,5,1,467,2020m2,1,510,1,2,8,2,270,2,2,3,,2024-04-17 20:11
4762,476203,25,2022,25,6,1,855,2019m9,2,421,1,1,8,2,200,2,3,3,,2024-04-17 20:11
4762,476204,25,2022,23,4,,,,,,,1,8,1,,,,3,,2024-04-17 20:11
9507,476302,25,2022,57,3,1,243,2018m12,1,855,1,3,15,2,240,1,3,4,,2024-04-17 20:11
7899,476303,25,2022,39,3,1,861,2016m10,1,246,1,2,8,2,260,1,2,3,,2024-04-17 20:11
9333,476304,25,2022,33,6,1,861,2018m1,1,245,1,2,8,2,280,1,3,3,,2024-04-17 20:11
4765,476501,25,2022,57,6,2,467,2008m1,4,521,2,3,15,1,200,,2,4,,2024-04-17 20:11
4766,476601,25,2022,86,6,,,,,,,2,2,1,,,,4,,2024-04-17 20:11
4766,476602,25,2022,82,3,,,,,,,2,2,2,,,,4,,2024-04-17 20:11
4767,476701,25,2022,70,6,,,,,,,2,15,1,,,,5,,2024-04-17 20:11
4767,476702,25,2022,68,3,,,,,,,2,15,2,,,,5,,2024-04-17 20:11
9438,476703,25,2022,42,6,,,,,,,2,15,1,,,,5,,2024-04-17 20:11
5765,476802,25,2022,43,3,,,,,,,2,11,2,,,,4,,2024-04-17 20:11
4769,476902,25,2022,75,2,,,,,,,3,15,2,,,,5,,2024-04-17 20:11
4770,477001,25,2022,51,3,1,303,1993m12,1,851,1,2,15,1,800,1,2,4,,2024-04-17 20:11
4770,477002,25,2022,49,3,1,872,2021m11,2,247,1,2,15,2,95,2,3,4,,2024-04-17 20:11
4770,477003,25,2022,20,4,1,562,2022m3,2,441,1,1,15,2,50,2,3,4,,2024-04-17 20:11
4770,477004,25,2022,18,2,,,,,,,1,15,1,,,,4,,2024-04-17 20:11
4771,477101,25,2022,72,2,,,,,,,2,15,1,,,,4,,2024-04-17 20:11
4771,477102,25,2022,67,2,2,11,1977m1,4,611,2,2,15,2,50,,3,4,,2024-04-17 20:11
6595,477103,25,2022,44,5,1,861,2013m7,1,312,1,2,15,2,240,1,2,4,,2024-04-17 20:11
7504,477104,25,2022,42,3,1,106,2005m2,1,811,1,2,2,1,460,1,3,4,,2024-04-17 20:11
6879,477105,25,2022,40,5,1,856,2020m1,1,432,1,2,4,2,200,1,2,3,,2024-04-17 20:11
4772,477202,25,2022,70,2,,,,,,,3,15,2,,,,5,,2024-04-17 20:11
6596,477203,25,2022,46,6,1,852,2004m4,1,311,1,2,15,2,460,1,2,4,,2024-04-17 20:11
4773,477302,25,2022,84,1,2,11,2007m9,4,611,2,3,15,2,20,,3,5,,2024-04-17 20:11
4774,477402,25,2022,68,2,2,11,2013m3,4,611,2,2,15,2,60,,4,5,,2024-04-17 20:11
4774,477404,25,2022,41,3,1,311,2021m2,1,851,1,3,15,1,340,1,3,6,,2024-04-17 20:11
4775,477501,25,2022,53,2,1,292,2020m7,1,851,1,1,15,1,270,1,2,5,,2024-04-17 20:11
4779,477901,25,2022,67,2,1,855,2019m11,2,873,1,2,15,1,100,2,3,4,,2024-04-17 20:11
4779,477902,25,2022,59,2,,,,,,,2,15,2,,,,4,,2024-04-17 20:11
4779,477903,25,2022,38,6,1,292,2011m4,1,855,1,1,15,1,335,1,3,4,,2024-04-17 20:11
4780,478001,25,2022,78,2,,,,,,,2,15,1,,,,4,,2024-04-17 20:11
4780,478002,25,2022,73,2,2,471,2008m1,4,521,2,2,15,2,150,,3,4,,2024-04-17 20:11
6843,478102,25,2022,51,5,2,477,2005m4,4,922,2,2,15,1,540,,3,4,,2024-04-17 20:11
4782,478202,25,2022,74,2,1,841,2018m9,2,941,1,3,15,2,27,2,3,5,,2024-04-17 20:11
4783,478301,25,2022,71,2,,,,,,,3,15,1,,,,5,,2024-04-17 20:11
7505,478303,25,2022,43,5,1,241,2007m4,1,851,1,2,15,1,650,1,2,4,,2024-04-17 20:11
7506,478304,25,2022,42,5,1,843,2018m1,1,862,1,2,15,1,275,1,3,4,,2024-04-17 20:11
4785,478502,25,2022,83,2,,,,,,,3,15,2,,,,5,,2024-04-17 20:11
5762,478503,25,2022,54,3,,,,,,,2,15,1,,,,5,,2024-04-17 20:11
4786,478601,25,2022,75,6,1,844,2014m1,2,330,1,2,15,1,40,2,2,4,,2024-04-17 20:11
4786,478602,25,2022,70,3,,,,,,,2,15,2,,,,4,,2024-04-17 20:11
6593,478603,25,2022,45,6,1,311,2013m11,1,235,1,2,15,1,610,1,2,4,,2024-04-17 20:11
7762,478604,25,2022,43,6,1,232,2009m4,1,312,1,2,15,1,550,1,2,4,,2024-04-17 20:11
4787,478701,25,2022,63,3,2,492,2006m5,4,875,2,2,15,1,250,,2,4,,2024-04-17 20:11
4787,478702,25,2022,61,3,,,,,,,2,15,2,,,,4,,2024-04-17 20:11
9508,478703,25,2022,36,6,1,291,2016m7,1,235,1,2,15,1,450,1,2,4,,2024-04-17 20:11
4787,478704,25,2022,34,6,1,311,2022m3,1,236,1,1,15,1,280,1,2,4,,2024-04-17 20:11
4789,478901,25,2022,54,6,2,911,1994m4,4,152,2,2,15,1,600,,2,4,,2024-04-17 20:11
4789,478902,25,2022,56,6,3,911,2017m11,5,392,2,2,15,2,,,2,4,,2024-04-17 20:11
4789,478903,25,2022,27,6,,,,,,,1,15,1,,,,4,,2024-04-17 20:11
4789,478904,25,2022,26,5,1,911,2021m7,3,286,1,1,15,1,190,2,3,4,,2024-04-17 20:11
4792,479202,25,2022,78,2,,,,,,,3,15,2,,,,4,,2024-04-17 20:11
6104,479203,25,2022,48,6,,,,,,,2,15,2,,,,4,,2024-04-17 20:11
4793,479301,25,2022,63,2,,,,,,,2,15,1,,,,4,,2024-04-17 20:11
4793,479302,25,2022,62,2,2,561,2013m1,4,441,2,2,15,2,400,,2,4,,2024-04-17 20:11
4793,479303,25,2022,40,5,,,,,,,1,15,1,,,,5,,2024-04-17 20:11
9509,479304,25,2022,38,4,1,292,2016m8,1,851,1,2,15,1,320,1,2,4,,2024-04-17 20:11
5766,479503,25,2022,57,6,1,203,2022m8,1,274,1,2,15,1,560,1,3,4,,2024-04-17 20:11
4796,479601,25,2022,70,2,,,,,,,2,15,1,,,,4,,2024-04-17 20:11
4796,479602,25,2022,67,2,1,751,2017m5,1,941,1,2,15,2,130,2,3,4,,2024-04-17 20:11
4796,479604,25,2022,44,5,,,,,,,1,15,1,,,,5,,2024-04-17 20:11
4796,479605,25,2022,42,5,1,291,2021m7,1,851,1,1,15,2,170,1,3,4,,2024-04-17 20:11
4797,479701,25,2022,58,3,1,411,2015m9,1,141,1,3,15,1,300,1,2,5,,2024-04-17 20:11
4798,479801,25,2022,67,3,2,475,1989m12,4,521,2,2,15,1,,,4,5,,2024-04-17 20:11
4798,479802,25,2022,66,3,2,478,2004m1,4,521,2,2,15,2,100,,2,5,,2024-04-17 20:11
8556,479803,25,2022,37,6,2,856,2019m8,4,254,2,2,2,2,170,,1,3,,2024-04-17 20:11
4798,479804,25,2022,33,4,,,,,,,1,15,1,,,,4,,2024-04-17 20:11
4799,479902,25,2022,59,3,1,742,2019m6,1,941,1,2,14,2,140,2,3,4,,2024-04-17 20:11
7900,479903,25,2022,38,6,,,,,,,2,14,2,,,,4,,2024-04-17 20:11
4799,479904,25,2022,61,2,,,,,,,2,14,1,,,,4,,2024-04-17 20:11
4800,480001,25,2022,69,2,,,,,,,3,15,2,,,,5,,2024-04-17 20:11
7507,480002,25,2022,45,3,1,292,2018m7,1,851,1,2,15,1,420,1,2,4,,2024-04-17 20:11
5768,480003,25,2022,48,3,,,,,,,2,15,2,,,,4,,2024-04-17 20:11
4801,480101,25,2022,75,3,2,561,2002m6,4,521,2,2,15,1,500,,2,3,,2024-04-17 20:11
4801,480102,25,2022,67,3,3,561,2002m6,5,442,2,2,15,2,,,2,3,,2024-04-17 20:11
8396,480104,25,2022,41,6,1,561,2012m6,1,442,1,2,15,1,250,1,2,4,,2024-04-17 20:11
4802,480201,25,2022,58,6,1,423,2020m6,1,762,1,2,15,1,285,1,3,4,,2024-04-17 20:11
4802,480202,25,2022,56,6,,,,,,,2,15,2,,,,4,,2024-04-17 20:11
4802,480203,25,2022,28,6,,,,,,,1,15,1,,,,4,,2024-04-17 20:11
4802,480204,25,2022,25,4,1,641,2022m4,2,412,1,1,15,1,200,2,3,4,,2024-04-17 20:11
4803,480301,25,2022,80,3,,,,,,,3,15,2,,,,5,,2024-04-17 20:11
5770,480302,25,2022,55,6,1,872,2020m6,2,952,1,2,15,2,68,2,3,5,,2024-04-17 20:11
5770,480303,25,2022,57,6,1,753,2021m1,1,412,1,2,15,1,250,2,3,5,,2024-04-17 20:11
4807,480701,25,2022,67,2,,,,,,,2,15,1,,,,4,,2024-04-17 20:11
4807,480702,25,2022,62,2,,,,,,,2,15,2,,,,4,,2024-04-17 20:11
8152,480703,25,2022,43,5,1,261,2005m9,1,236,1,2,19,1,800,1,2,3,,2024-04-17 20:11
7401,480704,25,2022,42,5,1,303,2011m10,1,313,1,2,15,2,330,1,2,4,,2024-04-17 20:11
4808,480801,25,2022,70,6,,,,,,,3,15,2,,,,5,,2024-04-17 20:11
9510,480802,25,2022,45,6,2,471,,4,521,2,2,15,2,250,,3,4,,2024-04-17 20:11
6802,481104,25,2022,51,3,2,561,2003m9,4,442,2,2,15,1,450,,3,4,,2024-04-17 20:11
6956,481202,25,2022,58,3,2,912,2020m3,4,432,2,3,15,2,100,,3,5,,2024-04-17 20:11
6956,481203,25,2022,28,3,1,303,2021m3,1,313,1,1,15,2,190,1,3,5,,2024-04-17 20:11
6956,481204,25,2022,24,5,,,,,,,1,15,2,,,,5,,2024-04-17 20:11
4813,481301,25,2022,84,2,,,,,,,2,15,1,,,,4,,2024-04-17 20:11
4813,481302,25,2022,80,2,,,,,,,2,15,2,,,,4,,2024-04-17 20:11
4813,481303,25,2022,55,3,1,853,1989m3,1,312,1,3,15,1,390,1,2,4,,2024-04-17 20:11
8557,481304,25,2022,52,3,1,855,2012m9,2,441,1,3,15,2,110,2,2,4,,2024-04-17 20:11
8557,481305,25,2022,27,6,1,641,2018m2,1,320,1,1,15,2,400,1,2,4,,2024-04-17 20:11
8557,481306,25,2022,26,6,1,862,2019m3,1,246,1,3,15,2,210,1,3,4,,2024-04-17 20:11
8557,481307,25,2022,23,4,1,912,2021m7,2,432,1,1,15,1,40,2,3,4,,2024-04-17 20:11
10368,481308,25,2022,24,4,,,,,,,2,15,1,,,,5,,2024-04-17 20:11
4815,481501,25,2022,83,2,,,,,,,2,15,1,,,,5,,2024-04-17 20:11
4815,481502,25,2022,82,1,1,11,2022m5,3,991,1,2,15,2,100,2,4,5,,2024-04-17 20:11
5124,481504,25,2022,49,3,1,259,2004m8,1,851,1,2,15,1,500,1,2,4,,2024-04-17 20:11
6346,481505,25,2022,45,3,1,751,2019m8,3,910,1,2,15,1,400,2,3,5,,2024-04-17 20:11
4816,481601,25,2022,74,3,,,,,,,2,15,1,,,,4,,2024-04-17 20:11
4816,481602,25,2022,72,2,,,,,,,2,15,2,,,,4,,2024-04-17 20:11
8289,481603,25,2022,47,6,1,264,2014m9,1,235,1,2,8,1,730,1,2,4,,2024-04-17 20:11
4817,481701,25,2022,52,3,2,961,2009m2,4,422,2,1,15,2,300,,2,4,,2024-04-17 20:11
4818,481801,25,2022,71,3,2,423,1976m2,4,762,2,2,15,1,500,,2,3,,2024-04-17 20:11
4818,481802,25,2022,70,3,,,,,,,2,15,2,,,,3,,2024-04-17 20:11
7508,481804,25,2022,42,6,2,855,2014m10,4,254,2,2,8,2,520,,2,3,,2024-04-17 20:11
4819,481901,25,2022,73,3,,,,,,,2,15,1,,,,4,,2024-04-17 20:11
4819,481902,25,2022,67,2,,,,,,,2,15,2,,,,4,,2024-04-17 20:11
8397,481903,25,2022,42,6,1,222,2019m7,1,832,1,2,15,1,310,1,2,4,,2024-04-17 20:11
10369,481904,25,2022,44,6,2,855,2020m8,4,254,2,1,2,1,750,,2,4,,2024-04-17 20:11
4821,482101,25,2022,58,5,1,721,2022m4,1,236,1,2,15,1,230,1,2,4,,2024-04-17 20:11
4821,482102,25,2022,54,3,1,852,2022m3,2,441,1,2,15,2,185,2,2,4,,2024-04-17 20:11
10370,482103,25,2022,30,6,1,714,2020m11,1,273,1,1,1,2,180,1,3,5,,2024-04-17 20:11
10371,482104,25,2022,25,5,1,852,2021m3,1,243,1,1,15,2,210,1,2,5,,2024-04-17 20:11
4824,482401,25,2022,68,3,,,,,,,2,15,1,,,,4,,2024-04-17 20:11
4824,482402,25,2022,60,2,1,479,2012m6,2,532,1,2,15,2,250,2,2,4,,2024-04-17 20:11
8153,482404,25,2022,39,5,1,281,2017m10,1,864,1,2,15,1,400,1,2,4,,2024-04-17 20:11
6498,482503,25,2022,54,5,,,,,,,2,15,1,,,,5,,2024-04-17 20:11
4826,482601,25,2022,74,2,,,,,,,2,15,1,,,,4,,2024-04-17 20:11
4826,482602,25,2022,69,2,,,,,,,2,15,2,,,,5,,2024-04-17 20:11
8154,482603,25,2022,47,5,1,872,2014m11,1,247,1,1,15,2,200,1,2,4,,2024-04-17 20:11
7223,482604,25,2022,44,6,1,701,2012m4,1,236,1,2,4,1,800,1,2,3,,2024-04-17 20:11
6898,482605,25,2022,42,6,2,872,2008m11,4,247,2,2,15,2,250,,2,4,,2024-04-17 20:11
4827,482701,25,2022,74,2,2,493,1994m6,4,312,2,2,15,1,250,,2,4,,2024-04-17 20:11
4827,482702,25,2022,70,2,,,,,,,2,15,2,,,,3,,2024-04-17 20:11
5298,482703,25,2022,50,3,1,651,2015m9,1,510,1,2,15,2,300,1,3,4,,2024-04-17 20:11
9844,482705,25,2022,45,5,1,529,2008m11,1,313,1,2,15,1,300,1,2,4,,2024-04-17 20:11
4828,482801,25,2022,68,2,2,11,2014m6,4,611,2,2,15,1,300,,2,4,,2024-04-17 20:11
4828,482802,25,2022,63,2,3,11,2014m5,5,611,2,2,15,2,,,3,5,,2024-04-17 20:11
4828,482804,25,2022,36,4,,,,,,,1,15,2,,,,4,,2024-04-17 20:11
5814,482805,25,2022,91,1,,,,,,,3,15,2,,,,6,,2024-04-17 20:11
4829,482902,25,2022,81,2,,,,,,,3,15,2,,,,4,,2024-04-17 20:11
4829,482903,25,2022,54,3,,,,,,,1,15,1,,,,4,,2024-04-17 20:11
4829,482904,25,2022,56,3,1,478,2020m5,1,521,1,3,15,2,200,2,3,4,,2024-04-17 20:11
4830,483002,25,2022,70,3,,,,,,,3,15,2,,,,4,,2024-04-17 20:11
5251,483101,25,2022,55,6,1,582,2019m12,1,222,1,2,4,1,500,1,2,3,,2024-04-17 20:11
7212,483102,25,2022,52,6,,,,,,,2,3,2,,,,3,,2024-04-17 20:11
5251,483104,25,2022,24,4,1,582,2022m7,1,222,1,1,4,1,180,2,2,4,,2024-04-17 20:11
10372,483105,25,2022,82,2,,,,,,,3,15,2,,,,6,,2024-04-17 20:11
4831,483106,25,2022,47,2,,,,,,,2,15,1,,,,5,,2024-04-17 20:11
4831,483107,25,2022,45,3,,,,,,,2,15,2,,,,5,,2024-04-17 20:11
4831,483108,25,2022,22,2,,,,,,,1,15,2,,,,4,,2024-04-17 20:11
4831,483109,25,2022,20,3,1,303,2022m2,1,851,1,1,15,1,230,1,3,5,,2024-04-17 20:11
4832,483201,25,2022,59,2,1,411,2003m9,3,782,1,2,15,1,300,2,2,4,,2024-04-17 20:11
4832,483202,25,2022,55,2,2,961,2002m9,4,422,2,2,15,2,150,,2,4,,2024-04-17 20:11
4832,483203,25,2022,33,6,1,751,2015m6,1,942,1,1,15,1,250,2,3,4,,2024-04-17 20:11
4832,483204,25,2022,31,6,1,961,2021m3,1,422,1,1,15,2,100,1,2,4,,2024-04-17 20:11
4833,483301,25,2022,77,2,2,11,2020m3,4,611,2,2,15,1,60,,2,4,,2024-04-17 20:11
4833,483302,25,2022,71,2,,,,,,,2,15,2,,,,4,,2024-04-17 20:11
6671,483304,25,2022,47,5,1,861,2001m7,1,245,1,2,15,1,560,1,2,4,,2024-04-17 20:11
4834,483402,25,2022,71,3,1,872,2020m5,2,421,1,3,15,2,130,2,3,5,,2024-04-17 20:11
5580,483403,25,2022,48,3,1,144,2021m8,2,239,1,3,15,2,200,2,3,5,,2024-04-17 20:11
7224,483405,25,2022,43,5,1,952,2016m1,1,751,1,2,15,1,300,1,2,4,,2024-04-17 20:11
4835,483501,25,2022,58,5,2,681,2015m3,4,274,2,2,15,1,250,,3,4,,2024-04-17 20:11
4835,483502,25,2022,55,5,2,474,1989m11,4,521,2,2,15,2,250,,2,4,,2024-04-17 20:11
4835,483503,25,2022,28,6,1,852,2017m3,1,252,1,1,15,2,300,2,2,4,,2024-04-17 20:11
4836,483601,25,2022,55,6,1,303,2012m1,1,854,1,2,15,1,380,1,3,4,,2024-04-17 20:11
4836,483602,25,2022,52,6,2,872,2014m11,4,247,2,2,15,2,300,,2,4,,2024-04-17 20:11
4836,483603,25,2022,25,4,1,902,2022m1,1,392,1,1,15,1,200,1,2,4,,2024-04-17 20:11
4836,483604,25,2022,21,4,,,,,,,1,15,1,,,,4,,2024-04-17 20:11
4837,483701,25,2022,70,2,1,841,2019m4,2,941,1,3,15,2,190,2,2,5,,2024-04-17 20:11
8155,483702,25,2022,44,2,1,311,2012m9,1,743,1,2,15,1,410,1,3,4,,2024-04-17 20:11
4838,483801,25,2022,55,5,2,465,1999m11,4,274,2,2,15,1,300,,3,4,,2024-04-17 20:11
4838,483802,25,2022,51,5,1,854,2022m3,1,441,1,2,15,2,235,1,2,4,,2024-04-17 20:11
4839,483902,25,2022,64,5,,,,,,,3,15,2,,,,5,,2024-04-17 20:11
4839,483903,25,2022,26,4,,,,,,,1,15,1,,,,5,,2024-04-17 20:11
4840,484001,25,2022,64,3,3,561,2002m8,5,921,2,2,15,1,,,2,4,,2024-04-17 20:11
4840,484002,25,2022,60,3,2,561,2002m8,4,441,2,2,15,2,408,,2,4,,2024-04-17 20:11
4840,484003,25,2022,35,6,1,861,2022m1,1,247,1,1,15,2,200,1,3,4,,2024-04-17 20:11
4840,484005,25,2022,26,4,,,,,,,1,15,1,,,,4,,2024-04-17 20:11
4841,484101,25,2022,61,2,1,411,2020m9,3,910,1,2,15,1,200,2,3,4,,2024-04-17 20:11
4841,484103,25,2022,58,2,1,969,2015m12,2,429,1,2,15,2,100,2,2,4,,2024-04-17 20:11
4841,484104,25,2022,35,4,1,292,2015m3,1,851,1,1,15,1,230,1,3,4,,2024-04-17 20:11
9154,484105,25,2022,31,6,1,861,2018m9,1,245,1,2,8,2,300,1,3,4,,2024-04-17 20:11
4842,484202,25,2022,83,1,,,,,,,3,15,2,,,,5,,2024-04-17 20:11
4842,484203,25,2022,57,3,2,11,2013m9,4,611,2,3,15,1,700,,2,4,,2024-04-17 20:11
8903,484204,25,2022,53,6,1,471,2019m10,1,521,1,3,13,2,180,1,3,4,,2024-04-17 20:11
4842,484205,25,2022,29,4,1,232,2019m7,1,843,1,1,15,1,250,1,2,5,,2024-04-17 20:11
4842,484206,25,2022,27,3,1,463,2021m11,1,873,1,1,15,1,250,1,3,4,,2024-04-17 20:11
4842,484207,25,2022,24,3,1,952,2022m5,2,751,1,1,15,1,250,2,4,5,,2024-04-17 20:11
4843,484302,25,2022,93,1,,,,,,,3,15,2,,,,4,,2024-04-17 20:11
4843,484303,25,2022,72,2,2,476,2019m1,4,521,2,2,15,1,80,,2,4,,2024-04-17 20:11
4843,484304,25,2022,69,2,1,841,2018m4,2,941,1,2,15,2,200,2,2,4,,2024-04-17 20:11
5443,484305,25,2022,48,5,2,222,,4,832,2,2,14,1,400,,3,4,,2024-04-17 20:11
6312,484306,25,2022,46,5,1,422,2021m8,3,792,1,3,15,1,200,2,3,5,,2024-04-17 20:11
9155,484307,25,2022,43,4,1,171,2007m9,1,930,1,1,15,1,240,1,3,5,,2024-04-17 20:11
10389,484308,25,2022,47,3,1,872,2022m1,2,421,1,3,15,2,200,2,3,5,,2024-04-17 20:11
4844,484401,25,2022,51,3,2,969,2000m10,4,429,2,1,15,1,150,,3,5,,2024-04-17 20:11
4846,484602,25,2022,59,2,1,872,2019m3,2,421,1,3,15,2,60,2,3,5,,2024-04-17 20:11
7764,484603,25,2022,37,6,1,762,2017m3,1,,1,1,15,1,250,2,2,4,,2024-04-17 20:11
4846,484604,25,2022,34,5,1,862,2020m4,1,243,1,1,15,2,200,1,3,4,,2024-04-17 20:11
4847,484701,25,2022,57,5,,,,,,,2,15,1,,,,5,,2024-04-17 20:11
4847,484702,25,2022,52,5,1,969,2017m4,3,421,1,2,15,2,180,2,3,5,,2024-04-17 20:11
4847,484703,25,2022,25,4,,,,,,,1,15,1,,,,4,,2024-04-17 20:11
4847,484704,25,2022,18,2,,,,,,,1,15,1,,,,4,,2024-04-17 20:11
4848,484801,25,2022,59,2,1,763,2020m9,2,875,1,2,15,1,450,2,3,4,,2024-04-17 20:11
4848,484802,25,2022,55,3,,,,,,,2,15,2,,,,4,,2024-04-17 20:11
4848,484804,25,2022,27,5,1,862,2021m4,1,245,1,1,15,2,210,1,2,4,,2024-04-17 20:11
4849,484901,25,2022,62,3,2,551,2014m9,4,432,2,2,15,1,50,,2,4,,2024-04-17 20:11
4849,484902,25,2022,59,3,1,861,2022m2,1,441,1,2,15,2,250,1,4,4,,2024-04-17 20:11
8013,484903,25,2022,37,5,1,412,2018m1,1,875,1,2,15,1,350,1,2,4,,2024-04-17 20:11
4850,485001,25,2022,68,2,1,492,1994m5,2,875,1,2,15,1,200,2,2,5,,2024-04-17 20:11
4850,485002,25,2022,66,2,,,,,,,2,15,2,,,,5,,2024-04-17 20:11
4850,485004,25,2022,27,6,,,,,,,1,15,2,,,,4,,2024-04-17 20:11
7208,485202,25,2022,50,2,2,952,2020m4,4,751,2,1,15,1,240,,2,5,,2024-04-17 20:11
4854,485402,25,2022,50,3,,,,,,,2,15,2,,,,4,,2024-04-17 20:11
9678,485403,25,2022,29,3,2,856,2016m5,4,286,2,2,15,1,300,,2,4,,2024-04-17 20:11
10008,485404,25,2022,27,3,1,601,2019m9,2,225,1,1,15,1,80,2,2,6,,2024-04-17 20:11
4854,485405,25,2022,56,3,2,493,2010m3,4,873,2,2,15,1,300,,2,4,,2024-04-17 20:11
4855,485501,25,2022,61,5,2,561,2012m2,4,442,2,2,15,1,400,,2,5,,2024-04-17 20:11
4855,485502,25,2022,59,3,3,561,2012m2,5,441,2,2,15,2,,,2,4,,2024-04-17 20:11
9779,485503,25,2022,33,6,1,303,2014m3,1,231,1,2,8,2,600,1,2,3,,2024-04-17 20:11
4855,485504,25,2022,32,5,1,861,2022m4,1,243,1,1,15,1,250,1,2,4,,2024-04-17 20:11
4855,485505,25,2022,25,4,,,,,,,1,15,1,,,,3,,2024-04-17 20:11
4856,485601,25,2022,74,2,,,,,,,3,15,2,,,,4,,2024-04-17 20:11
5289,485603,25,2022,51,6,1,844,2001m1,1,411,1,2,15,2,380,1,2,4,,2024-04-17 20:11
5289,485605,25,2022,25,3,,,,,,,1,15,1,,,,4,,2024-04-17 20:11
4858,485801,25,2022,90,6,,,,,,,2,15,1,,,,3,,2024-04-17 20:11
4858,485802,25,2022,84,3,,,,,,,2,15,2,,,,3,,2024-04-17 20:11
4859,485901,25,2022,56,6,1,852,1994m3,1,252,1,2,15,1,600,1,2,4,,2024-04-17 20:11
4859,485902,25,2022,50,4,1,851,2001m2,1,244,1,2,15,2,230,1,3,3,,2024-04-17 20:11
4861,486102,25,2022,71,6,,,,,,,3,15,2,,,,4,,2024-04-17 20:11
4861,486104,25,2022,42,5,2,471,2022m2,4,521,2,1,15,1,400,,3,5,,2024-04-17 20:11
4863,486301,25,2022,57,6,2,478,1991m6,4,246,2,2,15,1,700,,3,3,,2024-04-17 20:11
4863,486302,25,2022,57,6,,,,,,,2,15,2,,,,3,,2024-04-17 20:11
4863,486306,25,2022,84,2,,,,,,,3,15,2,,,,3,,2024-04-17 20:11
4864,486402,25,2022,79,2,1,872,2022m2,2,941,1,3,15,2,27,2,2,5,,2024-04-17 20:11
7765,486403,25,2022,49,5,2,493,2007m11,4,875,2,3,15,1,350,,3,6,,2024-04-17 20:11
4864,486404,25,2022,52,5,1,262,2007m2,1,510,1,3,15,1,350,1,3,5,,2024-04-17 20:11
10018,486405,25,2022,26,6,1,582,,1,285,1,1,1,2,3480,1,2,5,,2024-04-17 20:11
4865,486501,25,2022,67,2,2,969,1987m4,4,823,2,3,15,1,350,,3,6,,2024-04-17 20:11
9845,486503,25,2022,39,4,1,493,2021m5,3,921,1,2,15,1,200,2,3,6,,2024-04-17 20:11
5459,486602,25,2022,58,5,1,843,1989m9,1,311,1,2,11,1,600,1,3,4,,2024-04-17 20:11
4868,486801,25,2022,68,2,,,,,,,3,15,2,,,,6,,2024-04-17 20:11
6314,486802,25,2022,46,6,1,463,2004m4,1,521,1,2,2,1,750,1,2,4,,2024-04-17 20:11
4869,486901,25,2022,72,3,2,476,1987m1,4,521,2,3,15,2,150,,2,5,,2024-04-17 20:11
8806,486902,25,2022,44,5,1,285,2013m1,1,236,1,2,15,1,380,1,3,5,,2024-04-17 20:11
7902,486903,25,2022,42,6,1,475,2008m9,1,224,1,1,1,1,380,1,2,4,,2024-04-17 20:11
4869,486904,25,2022,94,1,,,,,,,3,15,2,,,,5,,2024-04-17 20:11
4870,487002,25,2022,84,1,,,,,,,3,15,2,,,,6,,2024-04-17 20:11
7766,487003,25,2022,53,6,1,853,2012m3,2,251,1,2,15,1,300,2,2,5,,2024-04-17 20:11
7766,487004,25,2022,50,3,2,104,2021m5,4,819,2,2,15,2,300,,3,5,,2024-04-17 20:11
7766,487005,25,2022,25,4,3,104,2021m5,5,819,2,1,15,1,,,3,5,,2024-04-17 20:11
7766,487006,25,2022,16,2,,,,,,,1,15,2,,,,5,,2024-04-17 20:11
4871,487101,25,2022,64,5,2,953,2018m8,4,761,2,2,15,1,350,,2,5,,2024-04-17 20:11
4871,487102,25,2022,61,3,,,,,,,2,15,2,,,,5,,2024-04-17 20:11
9440,487103,25,2022,34,6,1,561,2014m2,2,442,1,1,1,1,280,2,2,4,,2024-04-17 20:11
10019,487104,25,2022,28,6,,,,,,,1,8,2,,,,5,,2024-04-17 20:11
4872,487201,25,2022,74,3,,,,,,,2,15,1,,,,5,,2024-04-17 20:11
4872,487202,25,2022,69,2,,,,,,,2,15,2,,,,5,,2024-04-17 20:11
7510,487203,25,2022,45,5,1,843,2003m7,1,762,1,2,15,1,400,1,2,5,,2024-04-17 20:11
7404,487204,25,2022,41,5,1,861,2020m1,1,243,1,3,15,2,300,1,3,6,,2024-04-17 20:11
4874,487401,25,2022,65,2,,,,,,,3,15,2,,,,6,,2024-04-17 20:11
4874,487403,25,2022,40,3,1,843,2008m7,1,752,1,1,15,1,400,1,3,6,,2024-04-17 20:11
6499,487404,25,2022,45,3,2,283,2013m11,4,864,2,3,15,2,200,,3,5,,2024-04-17 20:11
4876,487601,25,2022,71,3,,,,,,,2,15,1,,,,5,,2024-04-17 20:11
4876,487602,25,2022,67,2,,,,,,,2,15,2,,,,5,,2024-04-17 20:11
6806,487603,25,2022,43,6,1,861,2005m3,1,243,1,2,2,2,390,1,2,4,,2024-04-17 20:11
10373,487606,25,2022,36,5,,,,,,,1,2,2,,,,4,,2024-04-17 20:11
6807,488001,25,2022,60,2,3,912,2009m3,5,432,2,2,15,1,,,5,4,,2024-04-17 20:11
4880,488005,25,2022,50,2,1,311,2021m2,1,792,1,2,15,1,350,1,3,4,,2024-04-17 20:11
4880,488006,25,2022,49,3,,,,,,,2,15,2,,,,4,,2024-04-17 20:11
4881,488101,25,2022,65,4,1,382,2018m10,1,874,1,2,15,1,300,2,2,3,,2024-04-17 20:11
4881,488102,25,2022,61,3,2,478,2016m1,4,521,2,2,15,2,400,,2,3,,2024-04-17 20:11
6808,488104,25,2022,92,1,,,,,,,3,15,2,,,,4,,2024-04-17 20:11
10020,488106,25,2022,34,6,1,351,2018m10,1,861,1,2,8,1,320,1,3,5,,2024-04-17 20:11
4882,488201,25,2022,56,3,1,259,2021m9,1,312,1,2,15,1,400,1,3,5,,2024-04-17 20:11
4882,488202,25,2022,49,3,,,,,,,2,15,2,,,,5,,2024-04-17 20:11
9441,488203,25,2022,27,5,1,465,2019m1,1,313,1,1,2,2,200,1,3,5,,2024-04-17 20:11
4882,488204,25,2022,26,4,1,853,2020m10,1,224,1,1,15,1,196,1,3,5,,2024-04-17 20:11
4883,488301,25,2022,51,3,,,,,,,2,15,1,,,,4,,2024-04-17 20:11
4883,488302,25,2022,51,3,1,561,2004m6,1,441,1,2,15,2,220,1,3,4,,2024-04-17 20:11
10374,488303,25,2022,24,5,1,713,2019m11,1,312,1,1,1,2,250,1,2,4,,2024-04-17 20:11
4883,488304,25,2022,22,4,,,,,,,1,15,1,,,,4,,2024-04-17 20:11
4884,488401,25,2022,51,2,1,251,2021m2,2,743,1,2,15,1,400,2,4,5,,2024-04-17 20:11
4884,488402,25,2022,48,3,1,551,2020m7,1,941,1,2,15,2,190,1,3,5,,2024-04-17 20:11
4884,488403,25,2022,27,3,,,,,,,1,15,2,,,,5,,2024-04-17 20:11
4884,488404,25,2022,24,4,1,853,2021m3,2,251,1,1,15,1,40,2,3,5,,2024-04-17 20:11
4885,488501,25,2022,55,5,1,862,2021m1,1,246,1,2,15,2,210,1,2,4,,2024-04-17 20:11
4885,488502,25,2022,60,3,1,351,1994m3,1,762,1,2,15,1,430,1,2,4,,2024-04-17 20:11
4885,488503,25,2022,29,6,1,353,2021m3,1,312,1,1,15,1,280,1,2,4,,2024-04-17 20:11
4886,488601,25,2022,54,2,1,31,2018m3,1,238,1,2,15,1,500,1,2,3,,2024-04-17 20:11
4886,488602,25,2022,51,3,1,463,2007m10,1,521,1,2,15,2,210,1,2,4,,2024-04-17 20:11
4886,488604,25,2022,30,5,,,,,,,1,15,2,,,,3,,2024-04-17 20:11
4886,488605,25,2022,78,1,,,,,,,3,15,2,,,,3,,2024-04-17 20:11
4887,488702,25,2022,83,1,1,872,2020m4,2,941,1,3,15,2,30,2,2,6,,2024-04-17 20:11
4887,488703,25,2022,51,3,,,,,,,1,15,1,,,,6,,2024-04-17 20:11
4888,488801,25,2022,70,2,1,411,1983m6,3,783,1,2,15,1,120,2,4,5,,2024-04-17 20:11
4888,488802,25,2022,64,2,1,872,2019m12,2,421,1,2,15,2,110,2,3,5,,2024-04-17 20:11
8398,488803,25,2022,39,6,1,853,2007m7,1,312,1,2,15,2,470,1,3,5,,2024-04-17 20:11
8807,488804,25,2022,37,6,,,,,,,2,15,2,,,,3,,2024-04-17 20:11
8807,488805,25,2022,37,6,2,463,2015m1,4,271,2,2,15,1,500,,3,4,,2024-04-17 20:11
4891,489101,25,2022,75,2,,,,,,,2,15,1,,,,6,,2024-04-17 20:11
4891,489102,25,2022,67,2,,,,,,,2,15,2,,,,5,,2024-04-17 20:11
6382,489103,25,2022,47,6,2,11,2007m3,4,611,2,2,14,1,500,,2,4,,2024-04-17 20:11
4891,489104,25,2022,45,6,,,,,,,1,15,1,,,,5,,2024-04-17 20:11
9157,489105,25,2022,42,6,1,852,2010m3,1,252,1,2,15,2,380,1,2,3,,2024-04-17 20:11
4893,489302,25,2022,73,2,,,,,,,3,15,2,,,,6,,2024-04-17 20:11
4896,489601,25,2022,62,2,,,,,,,3,15,1,,,,6,,2024-04-17 20:11
8558,489602,25,2022,61,2,,,,,,,2,15,2,,,,5,,2024-04-17 20:11
10375,489603,25,2022,35,4,1,251,2020m7,1,851,1,1,15,2,200,1,3,5,,2024-04-17 20:11
4896,489604,25,2022,33,3,,,,,,,1,15,2,,,,5,,2024-04-17 20:11
4896,489605,25,2022,31,3,,,,,,,1,15,1,,,,5,,2024-04-17 20:11
4897,489701,25,2022,78,2,1,872,2022m1,2,941,1,2,15,1,27,2,3,4,,2024-04-17 20:11
4897,489702,25,2022,75,2,,,,,,,2,15,2,,,,3,,2024-04-17 20:11
6239,489703,25,2022,49,6,1,492,1999m12,1,872,1,2,8,1,531,1,2,3,,2024-04-17 20:11
7405,489704,25,2022,47,6,1,851,2016m9,1,311,1,2,9,1,300,1,2,3,,2024-04-17 20:11
7903,489902,25,2022,75,2,,,,,,,3,15,2,,,,4,,2024-04-17 20:11
7904,489903,25,2022,52,5,2,463,2019m10,4,510,2,3,15,1,,,2,4,,2024-04-17 20:11
4900,490001,25,2022,58,2,1,162,2022m1,1,899,1,1,15,1,260,1,3,3,,2024-04-17 20:11
4901,490101,25,2022,60,2,1,743,2014m2,3,910,1,2,15,1,100,2,3,4,,2024-04-17 20:11
4901,490102,25,2022,57,2,1,11,2014m6,3,991,1,2,15,2,64,2,3,5,,2024-04-17 20:11
4901,490103,25,2022,35,6,,,,,,,1,15,2,,,,4,,2024-04-17 20:11
4901,490104,25,2022,33,4,1,411,2020m12,3,743,1,1,15,1,,2,2,4,,2024-04-17 20:11
4903,490303,25,2022,61,3,1,424,2022m1,3,782,1,2,15,1,300,2,3,4,,2024-04-17 20:11
4903,490304,25,2022,57,3,1,292,2004m4,1,741,1,2,15,2,150,1,3,5,,2024-04-17 20:11
4903,490307,25,2022,30,3,2,479,2022m3,4,531,2,1,15,1,,,3,4,,2024-04-17 20:11
6320,490402,25,2022,70,2,,,,,,,3,15,2,,,,3,,2024-04-17 20:11
6320,490403,25,2022,42,2,2,961,2016m6,4,422,2,2,15,2,300,,3,4,,2024-04-17 20:11
4905,490502,25,2022,74,2,2,479,2010m9,4,532,2,3,15,2,60,,3,4,,2024-04-17 20:11
5117,490503,25,2022,46,3,1,842,2020m10,2,391,1,2,15,2,130,2,2,4,,2024-04-17 20:11
5117,490504,25,2022,50,3,1,241,2006m8,1,851,1,2,15,1,533,1,2,4,,2024-04-17 20:11
8809,490505,25,2022,42,4,,,,,,,2,15,2,,,,4,,2024-04-17 20:11
8559,490506,25,2022,38,5,,,,,,,2,15,2,,,,4,,2024-04-17 20:11
10186,490507,25,2022,24,6,,,,,,,1,15,2,,,,5,,2024-04-17 20:11
4907,490701,25,2022,55,2,1,479,2022m7,2,922,1,2,15,1,600,2,3,6,,2024-04-17 20:11
4907,490702,25,2022,51,2,1,471,2020m1,1,521,1,2,15,2,200,1,3,4,,2024-04-17 20:11
4907,490703,25,2022,25,3,1,464,2021m2,1,521,1,1,15,1,200,1,3,5,,2024-04-17 20:11
4907,490704,25,2022,22,4,,,,,,,1,15,2,,,,4,,2024-04-17 20:11
4908,490801,25,2022,52,5,1,953,1995m4,1,312,1,2,2,1,650,1,2,4,,2024-04-17 20:11
4908,490802,25,2022,50,3,,,,,,,2,2,2,,,,4,,2024-04-17 20:11
4908,490803,25,2022,18,2,,,,,,,1,2,2,,,,4,,2024-04-17 20:11
4908,490804,25,2022,17,2,,,,,,,1,2,1,,,,4,,2024-04-17 20:11
4909,490901,25,2022,56,6,1,852,1992m9,1,252,1,2,15,1,500,1,2,4,,2024-04-17 20:11
4909,490902,25,2022,51,6,1,852,1996m3,1,252,1,2,15,2,450,1,2,4,,2024-04-17 20:11
4909,490903,25,2022,23,4,1,561,2020m1,2,442,1,1,15,2,60,2,3,4,,2024-04-17 20:11
4909,490904,25,2022,20,5,,,,,,,1,15,1,,,,4,,2024-04-17 20:11
4910,491001,25,2022,62,3,2,320,1993m2,4,730,2,2,15,1,400,,2,4,,2024-04-17 20:11
4910,491002,25,2022,57,3,3,320,2004m1,5,721,2,2,15,2,,,3,4,,2024-04-17 20:11
9679,491003,25,2022,32,2,2,467,2020m2,4,521,2,2,15,1,350,,2,4,,2024-04-17 20:11
4910,491004,25,2022,29,5,1,582,2020m8,1,312,1,1,15,1,250,1,2,4,,2024-04-17 20:11
4910,491005,25,2022,26,6,1,855,2020m3,1,254,1,1,15,2,300,2,2,4,,2024-04-17 20:11
4912,491201,25,2022,69,2,,,,,,,2,15,1,,,,4,,2024-04-17 20:11
4912,491202,25,2022,70,2,,,,,,,2,15,2,,,,4,,2024-04-17 20:11
7905,491203,25,2022,47,5,1,861,2002m3,1,392,1,2,15,2,258,1,3,5,,2024-04-17 20:11
7767,491204,25,2022,45,6,,,,,,,2,8,2,,,,2,,2024-04-17 20:11
4915,491501,25,2022,65,2,2,961,2000m12,4,422,2,2,15,1,200,,3,5,,2024-04-17 20:11
4915,491502,25,2022,61,2,3,961,2000m12,5,422,2,2,15,2,,,3,4,,2024-04-17 20:11
4915,491503,25,2022,40,6,,,,,,,1,15,1,,,,4,,2024-04-17 20:11
4916,491601,25,2022,69,3,,,,,,,3,15,1,,,,5,,2024-04-17 20:11
7106,491602,25,2022,48,3,1,561,2019m12,2,952,1,1,2,2,130,2,4,6,,2024-04-17 20:11
9443,491604,25,2022,41,5,,,,,,,2,11,2,,,,4,,2024-04-17 20:11
4918,491801,25,2022,72,5,2,742,1987m5,4,153,2,2,15,1,500,,2,4,,2024-04-17 20:11
4918,491802,25,2022,72,3,,,,,,,2,15,2,,,,3,,2024-04-17 20:11
7406,491803,25,2022,46,6,,,,,,,2,1,2,,,,4,,2024-04-17 20:11
7768,491805,25,2022,41,6,1,861,2007m5,1,312,1,2,7,1,500,1,2,4,,2024-04-17 20:11
4919,491901,25,2022,70,3,1,131,2021m9,1,753,1,2,5,1,300,1,3,5,,2024-04-17 20:11
7108,491903,25,2022,46,4,1,202,2021m3,1,831,1,2,15,1,395,1,2,5,,2024-04-17 20:11
7109,491904,25,2022,40,6,2,479,2019m10,4,922,2,2,15,1,4000,,2,3,,2024-04-17 20:11
4919,491905,25,2022,67,2,,,,,,,2,5,2,,,,5,,2024-04-17 20:11
4921,492101,25,2022,54,3,1,423,2022m6,1,762,1,2,15,1,325,1,3,5,,2024-04-17 20:11
4921,492102,25,2022,47,3,1,902,2005m2,1,521,1,2,15,2,292,1,2,5,,2024-04-17 20:11
4921,492103,25,2022,25,6,1,311,2022m2,1,235,1,1,15,1,250,1,2,5,,2024-04-17 20:11
4921,492104,25,2022,21,4,1,854,2021m9,2,286,1,1,15,2,50,2,3,5,,2024-04-17 20:11
4925,492501,25,2022,67,2,,,,,,,1,15,1,,,,6,,2024-04-17 20:11
4928,492801,25,2022,74,2,,,,,,,2,15,1,,,,5,,2024-04-17 20:11
4928,492802,25,2022,68,2,,,,,,,2,15,2,,,,5,,2024-04-17 20:11
6886,492803,25,2022,45,3,1,422,2021m6,3,792,1,3,15,1,250,2,4,6,,2024-04-17 20:11
8014,492804,25,2022,43,5,1,872,2019m11,1,247,1,2,15,2,213,1,2,5,,2024-04-17 20:11
4929,492901,25,2022,53,3,1,259,2021m11,1,743,1,2,15,1,400,1,3,6,,2024-04-17 20:11
4929,492902,25,2022,46,2,1,561,2021m3,2,952,1,2,15,2,170,2,3,6,,2024-04-17 20:11
9846,492904,25,2022,22,4,1,911,2021m11,2,432,1,2,15,2,400,2,3,6,,2024-04-17 20:11
4929,492905,25,2022,15,2,,,,,,,1,15,1,,,,5,,2024-04-17 20:11
4930,493001,25,2022,59,5,1,952,1999m9,1,312,1,2,15,1,500,1,2,4,,2024-04-17 20:11
4930,493002,25,2022,56,3,1,426,2005m9,1,313,1,2,15,2,210,1,2,3,,2024-04-17 20:11
9847,493003,25,2022,28,6,1,729,2020m12,1,237,1,1,15,1,266,1,3,4,,2024-04-17 20:11
4930,493004,25,2022,24,6,,,,,,,1,15,2,,,,3,,2024-04-17 20:11
4931,493102,25,2022,86,2,,,,,,,3,15,2,,,,6,,2024-04-17 20:11
4932,493202,25,2022,63,2,2,561,1991m12,4,441,2,3,15,2,200,,3,6,,2024-04-17 20:11
6563,493203,25,2022,42,6,1,463,2005m10,1,237,1,2,15,1,440,1,2,5,,2024-04-17 20:11
4935,493501,25,2022,69,2,,,,,,,2,14,2,,,,3,,2024-04-17 20:11
4935,493502,25,2022,73,3,,,,,,,2,14,1,,,,3,,2024-04-17 20:11
4937,493701,25,2022,74,2,2,11,1965m1,4,611,2,2,15,1,70,,3,4,,2024-04-17 20:11
4937,493702,25,2022,73,2,3,11,1972m6,5,611,2,2,15,2,,,3,4,,2024-04-17 20:11
4938,493802,25,2022,89,2,,,,,,,3,15,2,,,,5,,2024-04-17 20:11
4941,494101,25,2022,82,1,,,,,,,3,15,2,,,,5,,2024-04-17 20:11
4942,494202,25,2022,74,2,,,,,,,3,15,2,,,,5,,2024-04-17 20:11
5811,494203,25,2022,49,5,1,311,2011m12,1,743,1,2,15,1,380,1,3,4,,2024-04-17 20:11
4943,494302,25,2022,53,3,2,463,2000m3,4,922,2,2,15,1,400,,2,4,,2024-04-17 20:11
4943,494305,25,2022,53,6,,,,,,,2,15,2,,,,4,,2024-04-17 20:11
4944,494402,25,2022,73,2,1,32,2021m6,3,991,1,3,15,2,112,2,2,4,,2024-04-17 20:11
5813,494403,25,2022,51,5,1,291,2022m4,1,762,1,3,15,1,400,1,3,4,,2024-04-17 20:11
6061,494404,25,2022,46,3,1,285,2000m2,1,312,1,2,15,1,710,1,2,4,,2024-04-17 20:11
5813,494409,25,2022,22,4,,,,,,,1,15,2,,,,4,,2024-04-17 20:11
4946,494601,25,2022,60,2,1,410,2010m9,3,910,1,2,15,1,22,2,3,4,,2024-04-17 20:11
4946,494602,25,2022,53,2,,,,,,,2,15,2,,,,5,,2024-04-17 20:11
9334,494604,25,2022,28,5,1,861,2019m3,1,246,1,2,2,2,183,1,3,4,,2024-04-17 20:11
4947,494701,25,2022,64,3,2,11,2019m10,4,611,2,2,15,1,40,,3,5,,2024-04-17 20:11
6240,494702,25,2022,62,2,1,969,1998m3,2,875,1,3,15,2,200,2,3,5,,2024-04-17 20:11
8963,494703,25,2022,34,6,2,969,2015m7,4,422,2,3,15,2,400,,2,4,,2024-04-17 20:11
10033,494704,25,2022,31,4,2,474,2019m9,4,521,2,2,15,1,40,,3,4,,2024-04-17 20:11
4947,494705,25,2022,64,1,,,,,,,2,15,2,,,,4,,2024-04-17 20:11
4949,494902,25,2022,90,2,,,,,,,3,15,2,,,,4,,2024-04-17 20:11
8904,495003,25,2022,44,3,2,969,2012m1,4,823,2,3,15,2,200,,2,3,,2024-04-17 20:11
4951,495101,25,2022,88,2,,,,,,,3,15,1,,,,4,,2024-04-17 20:11
4952,495201,25,2022,87,2,,,,,,,2,15,2,,,,4,,2024-04-17 20:11
4952,495202,25,2022,84,3,,,,,,,2,15,1,,,,4,,2024-04-17 20:11
4954,495401,25,2022,78,2,1,14,2018m4,2,881,1,2,15,1,,2,3,4,,2024-04-17 20:11
4954,495402,25,2022,80,2,,,,,,,2,15,2,,,,4,,2024-04-17 20:11
9337,495403,25,2022,53,6,1,841,2005m12,1,391,1,3,15,2,270,1,2,4,,2024-04-17 20:11
4954,495404,25,2022,51,3,,,,,,,2,15,1,,,,4,,2024-04-17 20:11
8399,495405,25,2022,44,5,,,,,,,2,15,2,,,,5,,2024-04-17 20:11
9335,495406,25,2022,43,5,1,471,2014m1,1,312,1,1,15,1,280,2,2,4,,2024-04-17 20:11
4954,495407,25,2022,42,5,1,911,2010m2,1,399,1,2,15,2,220,1,2,4,,2024-04-17 20:11
4956,495602,25,2022,73,2,1,841,2022m3,2,941,1,2,15,2,27,2,3,4,,2024-04-17 20:11
4956,495607,25,2022,31,4,,,,,,,1,15,1,,,,5,,2024-04-17 20:11
4958,495801,25,2022,59,4,,,,,,,3,15,1,,,,4,,2024-04-17 20:11
8964,495902,25,2022,67,2,2,479,2000m2,4,532,2,3,15,2,50,,4,5,,2024-04-17 20:11
6923,495903,25,2022,46,3,1,841,2020m7,1,412,1,1,15,1,236,1,2,4,,2024-04-17 20:11
8400,495904,25,2022,44,3,1,841,2001m9,1,412,1,3,15,1,310,1,2,4,,2024-04-17 20:11
4959,495905,25,2022,41,3,1,303,2020m2,1,851,1,2,15,1,300,1,3,4,,2024-04-17 20:11
4959,495906,25,2022,40,3,1,339,2019m6,1,899,1,2,15,2,300,1,3,4,,2024-04-17 20:11
4959,495907,25,2022,19,3,,,,,,,1,15,2,,,,4,,2024-04-17 20:11
4959,495908,25,2022,17,2,,,,,,,1,15,2,,,,5,,2024-04-17 20:11
4960,496001,25,2022,70,3,2,11,1991m6,4,611,2,2,15,1,50,,3,4,,2024-04-17 20:11
4960,496002,25,2022,66,2,3,11,1991m6,5,611,2,2,15,2,,,3,4,,2024-04-17 20:11
4962,496201,25,2022,74,2,2,471,1975m6,4,521,2,2,15,1,130,,3,5,,2024-04-17 20:11
4962,496202,25,2022,67,2,1,970,2019m1,2,951,1,2,15,2,130,2,2,5,,2024-04-17 20:11
7906,496204,25,2022,42,6,2,141,2017m8,4,312,2,2,2,1,600,,3,3,,2024-04-17 20:11
4963,496301,25,2022,84,2,,,,,,,2,15,1,,,,6,,2024-04-17 20:11
4963,496302,25,2022,80,2,,,,,,,2,15,2,,,,6,,2024-04-17 20:11
6110,496303,25,2022,51,6,1,851,2014m7,1,311,1,2,15,1,425,1,2,3,,2024-04-17 20:11
4964,496402,25,2022,68,2,1,841,2020m3,1,922,1,3,15,2,27,2,3,6,,2024-04-17 20:11
7408,496404,25,2022,43,4,,,,,,,2,2,2,,,,5,,2024-04-17 20:11
4965,496501,25,2022,61,3,1,259,2011m2,1,743,1,3,15,1,250,2,3,5,,2024-04-17 20:11
10021,496502,25,2022,61,3,2,561,2000m10,4,710,2,3,15,2,150,,3,5,,2024-04-17 20:11
4967,496701,25,2022,56,6,1,841,1995m2,1,311,1,2,15,1,455,1,2,5,,2024-04-17 20:11
4967,496702,25,2022,50,3,1,494,2020m3,1,313,1,2,15,2,196,1,3,5,,2024-04-17 20:11
4967,496704,25,2022,23,3,1,561,2022m3,1,441,1,1,15,1,250,1,3,5,,2024-04-17 20:11
4968,496801,25,2022,67,2,,,,,,,3,15,2,,,,6,,2024-04-17 20:11
7511,496802,25,2022,40,3,2,259,2019m7,4,743,2,2,2,1,500,,4,5,,2024-04-17 20:11
7511,496803,25,2022,36,5,1,872,2021m9,2,247,1,2,2,2,50,2,3,5,,2024-04-17 20:11
4969,496901,25,2022,77,2,,,,,,,3,15,2,,,,6,,2024-04-17 20:11
4969,496902,25,2022,30,3,1,856,2020m4,2,286,1,1,15,1,200,2,3,6,,2024-04-17 20:11
4971,497101,25,2022,61,5,1,477,1997m6,1,312,1,2,15,1,250,1,3,4,,2024-04-17 20:11
4971,497102,25,2022,60,3,1,871,2019m8,1,421,1,2,15,2,200,1,3,4,,2024-04-17 20:11
4971,497104,25,2022,31,5,1,271,2022m2,1,312,1,1,15,2,300,1,3,4,,2024-04-17 20:11
4973,497301,25,2022,65,2,1,32,2022m1,1,238,1,2,15,1,260,1,3,5,,2024-04-17 20:11
4973,497302,25,2022,60,2,1,969,2021m5,2,421,1,2,15,2,250,2,3,5,,2024-04-17 20:11
9158,497303,25,2022,38,5,1,261,2022m5,2,312,1,2,8,2,500,2,3,3,,2024-04-17 20:11
4974,497402,25,2022,51,3,1,14,2017m2,1,213,1,3,15,2,280,1,3,4,,2024-04-17 20:11
4975,497501,25,2022,86,2,2,11,1959m4,4,611,2,2,15,1,350,,2,4,,2024-04-17 20:11
4975,497502,25,2022,82,1,3,11,1959m4,5,611,2,2,15,2,,,3,5,,2024-04-17 20:11
4976,497601,25,2022,70,2,,,,,,,2,15,1,,,,5,,2024-04-17 20:11
4976,497602,25,2022,70,2,2,562,2017m1,4,441,2,2,15,2,10,,3,5,,2024-04-17 20:11
8015,497603,25,2022,41,5,2,478,2016m1,4,246,2,1,15,1,250,,3,5,,2024-04-17 20:11
7238,497604,25,2022,43,3,2,561,2018m5,4,510,2,2,15,1,800,,2,4,,2024-04-17 20:11
7769,497605,25,2022,45,6,1,141,2017m5,1,312,1,2,8,1,700,1,2,3,,2024-04-17 20:11
7769,497606,25,2022,45,3,,,,,,,2,8,2,,,,3,,2024-04-17 20:11
4977,497701,25,2022,75,3,1,32,1985m4,1,312,1,2,15,1,330,1,3,5,,2024-04-17 20:11
4977,497702,25,2022,72,2,,,,,,,2,15,2,,,,5,,2024-04-17 20:11
4979,497901,25,2022,51,5,1,651,2013m1,1,132,1,2,15,1,700,1,3,4,,2024-04-17 20:11
4979,497902,25,2022,51,5,1,855,2020m7,1,254,1,2,15,2,200,2,3,4,,2024-04-17 20:11
4981,498102,25,2022,63,2,1,742,2016m3,1,941,1,3,15,2,116,2,3,5,,2024-04-17 20:11
9512,498104,25,2022,41,6,1,721,2019m9,1,235,1,2,2,1,820,1,2,3,,2024-04-17 20:11
4982,498202,25,2022,46,3,,,,,,,2,14,2,,,,5,,2024-04-17 20:11
4982,498205,25,2022,51,3,1,281,2005m3,1,312,1,2,14,1,275,1,3,5,,2024-04-17 20:11
4983,498301,25,2022,79,2,2,11,1966m9,4,611,2,2,15,1,30,,3,3,,2024-04-17 20:11
4983,498302,25,2022,71,2,,,,,,,2,15,2,,,,4,,2024-04-17 20:11
5254,498305,25,2022,46,5,3,561,2021m11,5,442,2,2,2,2,,,2,4,,2024-04-17 20:11
4984,498402,25,2022,83,1,1,872,2020m6,2,941,1,3,15,2,30,2,2,6,,2024-04-17 20:11
6666,498403,25,2022,54,6,1,851,1991m3,1,252,1,2,15,2,550,1,2,3,,2024-04-17 20:11
5548,498404,25,2022,51,6,1,721,2001m2,1,312,1,2,15,1,600,1,2,3,,2024-04-17 20:11
4987,498701,25,2022,66,3,1,682,1996m5,1,862,1,2,15,1,250,1,3,5,,2024-04-17 20:11
4987,498702,25,2022,58,3,1,841,2022m1,2,314,1,2,15,2,200,2,3,5,,2024-04-17 20:11
4987,498703,25,2022,31,4,,,,,,,1,15,2,,,,5,,2024-04-17 20:11
4987,498704,25,2022,24,4,,,,,,,1,15,1,,,,5,,2024-04-17 20:11
4988,498801,25,2022,56,3,1,411,2021m1,1,875,1,2,15,1,300,1,3,5,,2024-04-17 20:11
4988,498802,25,2022,50,5,1,861,2019m6,1,246,1,2,15,2,180,1,3,5,,2024-04-17 20:11
4988,498803,25,2022,25,5,1,861,2022m3,1,312,1,1,15,2,200,1,3,5,,2024-04-17 20:11
4988,498804,25,2022,22,4,,,,,,,1,15,1,,,,5,,2024-04-17 20:11
4990,499002,25,2022,65,3,1,31,2011m10,1,238,1,2,15,1,550,2,2,4,,2024-04-17 20:11
4990,499003,25,2022,63,3,,,,,,,2,15,2,,,,4,,2024-04-17 20:11
9053,499004,25,2022,38,5,,,,,,,2,15,2,,,,5,,2024-04-17 20:11
10376,499005,25,2022,36,5,1,862,2015m1,1,243,1,2,15,2,250,1,3,5,,2024-04-17 20:11
9054,499006,25,2022,31,5,1,521,2018m8,1,312,1,2,15,1,400,1,2,5,,2024-04-17 20:11
4991,499101,25,2022,68,3,2,11,2010m7,4,611,2,2,15,1,150,,3,6,,2024-04-17 20:11
4991,499102,25,2022,64,3,,,,,,,2,15,2,,,,6,,2024-04-17 20:11
7908,499103,25,2022,40,6,,,,,,,2,8,2,,,,5,,2024-04-17 20:11
4991,499107,25,2022,90,2,,,,,,,3,15,2,,,,6,,2024-04-17 20:11
4993,499301,25,2022,71,5,,,,,,,2,15,1,,,,5,,2024-04-17 20:11
4993,499302,25,2022,61,3,2,561,2017m6,4,441,2,2,15,2,300,,3,5,,2024-04-17 20:11
4994,499401,25,2022,71,3,1,851,2019m3,2,421,1,2,8,2,70,2,2,3,,2024-04-17 20:11
8492,499403,25,2022,44,6,3,713,2012m10,5,285,2,2,8,2,,,3,3,,2024-04-17 20:11
4995,499501,25,2022,54,5,1,463,1992m1,1,510,1,2,15,1,930,1,2,3,,2024-04-17 20:11
4995,499502,25,2022,50,3,1,872,2018m3,2,421,1,2,15,2,170,2,2,3,,2024-04-17 20:11
4995,499503,25,2022,21,4,,,,,,,1,15,2,,,,3,,2024-04-17 20:11
4995,499504,25,2022,21,4,,,,,,,1,15,2,,,,3,,2024-04-17 20:11
4995,499505,25,2022,19,4,,,,,,,1,15,1,,,,3,,2024-04-17 20:11
4998,499801,25,2022,61,6,1,411,2016m4,3,910,1,2,15,1,230,2,3,5,,2024-04-17 20:11
4998,499802,25,2022,59,5,,,,,,,2,15,2,,,,5,,2024-04-17 20:11
10022,499803,25,2022,29,6,1,733,2019m11,1,283,1,2,8,2,90,1,3,3,,2024-04-17 20:11
4999,499901,25,2022,71,2,,,,,,,2,15,1,,,,6,,2024-04-17 20:11
4999,499902,25,2022,72,3,,,,,,,2,15,2,,,,6,,2024-04-17 20:11
8561,499903,25,2022,36,6,,,,,,,2,2,2,,,,5,,2024-04-17 20:11
9336,499904,25,2022,34,5,1,861,2021m3,2,243,1,2,2,2,100,2,2,5,,2024-04-17 20:11
5000,500004,25,2022,28,4,1,844,2021m8,1,311,1,1,15,1,290,1,2,4,,2024-04-17 20:11
5003,500302,25,2022,53,3,2,493,2014m1,4,922,2,2,1,1,270,,3,4,,2024-04-17 20:11
5003,500303,25,2022,21,4,,,,,,,1,1,1,,,,4,,2024-04-17 20:11
5003,500304,25,2022,20,3,,,,,,,1,1,1,,,,4,,2024-04-17 20:11
5004,500404,25,2022,62,3,2,562,2014m1,4,441,2,2,14,2,50,,3,4,,2024-04-17 20:11
5005,500504,25,2022,21,3,1,451,2022m2,1,510,1,1,1,1,200,2,3,5,,2024-04-17 20:11
9454,501004,25,2022,50,6,1,941,2000m4,1,271,1,2,1,1,900,1,2,3,,2024-04-17 20:11
5015,501502,25,2022,46,5,1,911,2020m4,2,432,1,3,8,2,195,2,3,5,,2024-04-17 20:11
5015,501503,25,2022,18,2,,,,,,,1,8,1,,,,5,,2024-04-17 20:11
5015,501504,25,2022,15,2,,,,,,,1,8,2,,,,5,,2024-04-17 20:11
5016,501602,25,2022,53,6,2,582,2014m2,4,223,2,2,8,1,500,,2,3,,2024-04-17 20:11
5016,501603,25,2022,22,4,,,,,,,1,8,1,,,,3,,2024-04-17 20:11
5016,501604,25,2022,20,4,,,,,,,1,8,1,,,,3,,2024-04-17 20:11
3881,501704,25,2022,23,5,1,861,2021m3,1,245,1,1,1,2,200,1,4,5,,2024-04-17 20:11
5018,501802,25,2022,51,3,,,,,,,2,8,2,,,,5,,2024-04-17 20:11
5024,502402,25,2022,43,6,,,,,,,2,8,2,,,,4,,2024-04-17 20:11
5024,502403,25,2022,16,2,,,,,,,1,8,1,,,,4,,2024-04-17 20:11
5030,503002,25,2022,45,3,1,856,2018m1,1,399,1,2,8,2,300,1,2,3,,2024-04-17 20:11
5030,503003,25,2022,23,6,,,,,,,1,8,2,,,,3,,2024-04-17 20:11
5031,503101,25,2022,50,5,1,853,2000m11,1,224,1,2,8,1,450,1,3,3,,2024-04-17 20:11
5031,503103,25,2022,22,4,,,,,,,1,8,2,,,,3,,2024-04-17 20:11
5031,503104,25,2022,20,3,,,,,,,1,8,2,,,,4,,2024-04-17 20:11
5031,503105,25,2022,19,3,,,,,,,1,8,1,,,,4,,2024-04-17 20:11
5032,503201,25,2022,54,6,2,714,2018m8,4,271,2,2,8,1,800,,2,3,,2024-04-17 20:11
5032,503203,25,2022,23,4,,,,,,,1,8,2,,,,3,,2024-04-17 20:11
5032,503204,25,2022,21,4,,,,,,,1,8,1,,,,4,,2024-04-17 20:11
5036,503603,25,2022,16,2,,,,,,,1,8,1,,,,5,,2024-04-17 20:11
5038,503803,25,2022,23,5,,,,,,,1,9,1,,,,3,,2024-04-17 20:11
5038,503804,25,2022,53,3,2,11,1989m3,4,611,2,2,9,1,2000,,2,3,,2024-04-17 20:11
5038,503805,25,2022,15,2,,,,,,,1,9,1,,,,3,,2024-04-17 20:11
5043,504302,25,2022,49,3,,,,,,,2,8,2,,,,3,,2024-04-17 20:11
5043,504303,25,2022,20,2,,,,,,,1,8,2,,,,3,,2024-04-17 20:11
5044,504402,25,2022,48,5,,,,,,,2,15,2,,,,3,,2024-04-17 20:11
5044,504403,25,2022,21,4,,,,,,,1,15,2,,,,3,,2024-04-17 20:11
5044,504404,25,2022,18,2,,,,,,,1,15,2,,,,3,,2024-04-17 20:11
5045,504501,25,2022,52,6,1,732,2004m2,1,274,1,2,8,1,600,1,3,4,,2024-04-17 20:11
5045,504503,25,2022,23,4,,,,,,,1,8,1,,,,4,,2024-04-17 20:11
5047,504703,25,2022,56,3,,,,,,,2,8,2,,,,5,,2024-04-17 20:11
10377,504704,25,2022,30,4,2,423,,4,762,2,2,8,1,400,,3,5,,2024-04-17 20:11
10378,504705,25,2022,24,5,1,851,2020m3,1,253,1,1,8,2,180,1,3,5,,2024-04-17 20:11
5048,504802,25,2022,50,6,1,842,1996m4,1,311,1,2,8,2,470,1,2,3,,2024-04-17 20:11
5050,505003,25,2022,51,6,,,,,,,2,7,2,,,,4,,2024-04-17 20:11
5055,505501,25,2022,50,5,2,463,2001m1,4,521,2,2,9,1,700,,2,3,,2024-04-17 20:11
5055,505504,25,2022,23,4,1,422,2022m6,1,753,1,1,9,1,200,1,3,5,,2024-04-17 20:11
5056,505602,25,2022,52,3,3,475,,5,521,2,2,9,2,,,3,3,,2024-04-17 20:11
5056,505603,25,2022,24,4,,,,,,,1,9,1,,,,3,,2024-04-17 20:11
5056,505604,25,2022,23,6,,,,,,,1,9,2,,,,3,,2024-04-17 20:11
5057,505701,25,2022,50,3,2,426,2000m3,4,875,2,2,5,1,800,,2,4,,2024-04-17 20:11
5057,505703,25,2022,23,4,,,,,,,1,5,1,,,,5,,2024-04-17 20:11
5057,505704,25,2022,19,4,,,,,,,1,5,1,,,,4,,2024-04-17 20:11
5059,505904,25,2022,48,6,1,412,2000m3,1,312,1,2,5,1,790,1,2,4,,2024-04-17 20:11
5059,505905,25,2022,16,2,,,,,,,1,5,1,,,,4,,2024-04-17 20:11
5062,506201,25,2022,57,3,2,492,2020m12,4,873,2,2,8,1,300,,2,4,,2024-04-17 20:11
5062,506203,25,2022,23,4,1,855,2021m1,2,254,1,1,8,2,44,2,2,4,,2024-04-17 20:11
5062,506210,25,2022,21,4,,,,,,,1,8,2,,,,4,,2024-04-17 20:11
5062,506211,25,2022,16,2,,,,,,,1,8,1,,,,5,,2024-04-17 20:11
9782,506505,25,2022,23,3,1,961,2017m3,1,422,1,1,13,2,200,2,3,4,,2024-04-17 20:11
5066,506601,25,2022,52,6,1,841,1994m4,1,311,1,2,12,1,350,1,3,4,,2024-04-17 20:11
5066,506603,25,2022,21,4,,,,,,,1,12,2,,,,4,,2024-04-17 20:11
5067,506701,25,2022,50,4,2,101,,4,312,2,2,13,1,1000,,2,4,,2024-04-17 20:11
5067,506703,25,2022,22,4,,,,,,,1,13,2,,,,4,,2024-04-17 20:11
5067,506704,25,2022,19,4,,,,,,,1,13,2,,,,4,,2024-04-17 20:11
5067,506705,25,2022,16,2,,,,,,,1,13,2,,,,4,,2024-04-17 20:11
5069,506903,25,2022,51,4,1,842,2018m3,1,311,1,2,11,1,230,1,3,5,,2024-04-17 20:11
5069,506905,25,2022,15,2,,,,,,,1,11,2,,,,4,,2024-04-17 20:11
5070,507002,25,2022,48,3,3,11,2012m1,5,611,2,2,12,2,,,3,6,,2024-04-17 20:11
9848,507003,25,2022,23,3,1,171,2021m12,1,753,1,1,12,1,220,1,2,6,,2024-04-17 20:11
10379,507004,25,2022,21,3,1,843,2022m2,1,980,1,1,9,1,180,1,3,5,,2024-04-17 20:11
5071,507102,25,2022,50,6,3,465,2018m6,5,313,2,2,13,2,,,3,3,,2024-04-17 20:11
5071,507104,25,2022,18,2,,,,,,,1,13,1,,,,4,,2024-04-17 20:11
5071,507105,25,2022,15,2,,,,,,,1,13,2,,,,4,,2024-04-17 20:11
5072,507202,25,2022,50,5,,,,,,,2,6,2,,,,3,,2024-04-17 20:11
9849,507203,25,2022,22,3,1,649,2022m6,1,399,1,1,6,2,190,2,3,4,,2024-04-17 20:11
5072,507204,25,2022,20,3,,,,,,,1,6,1,,,,3,,2024-04-17 20:11
5073,507301,25,2022,54,6,2,953,2021m2,4,761,2,2,12,1,300,,2,4,,2024-04-17 20:11
5073,507303,25,2022,23,4,,,,,,,1,12,1,,,,3,,2024-04-17 20:11
5073,507304,25,2022,19,4,,,,,,,1,12,1,,,,3,,2024-04-17 20:11
5075,507501,25,2022,49,3,1,494,2017m8,2,922,1,2,6,1,300,2,3,5,,2024-04-17 20:11
5075,507503,25,2022,20,4,,,,,,,1,6,2,,,,4,,2024-04-17 20:11
5075,507504,25,2022,17,2,,,,,,,1,6,2,,,,4,,2024-04-17 20:11
5077,507702,25,2022,48,5,,,,,,,2,13,2,,,,2,,2024-04-17 20:11
5077,507703,25,2022,22,4,,,,,,,1,13,2,,,,2,,2024-04-17 20:11
5079,507902,25,2022,52,5,1,471,2013m1,1,312,1,2,8,1,390,1,2,3,,2024-04-17 20:11
5079,507903,25,2022,20,4,,,,,,,1,8,1,,,,3,,2024-04-17 20:11
5079,507904,25,2022,15,2,,,,,,,1,8,2,,,,4,,2024-04-17 20:11
5080,508003,25,2022,22,4,,,,,,,1,13,1,,,,4,,2024-04-17 20:11
5080,508004,25,2022,19,4,,,,,,,1,13,2,,,,4,,2024-04-17 20:11
5081,508101,25,2022,50,5,1,262,1999m9,1,312,1,2,13,1,310,1,3,5,,2024-04-17 20:11
5081,508103,25,2022,23,5,,,,,,,1,13,1,,,,5,,2024-04-17 20:11
5081,508104,25,2022,17,2,,,,,,,1,13,1,,,,5,,2024-04-17 20:11
5082,508202,25,2022,49,3,,,,,,,2,8,2,,,,4,,2024-04-17 20:11
5083,508301,25,2022,60,3,1,902,1992m3,1,852,1,2,13,1,400,1,2,4,,2024-04-17 20:11
10380,508304,25,2022,22,3,1,561,2022m6,2,952,1,1,6,2,150,2,3,4,,2024-04-17 20:11
5083,508306,25,2022,20,3,1,478,2019m11,1,242,1,1,13,2,190,1,2,3,,2024-04-17 20:11
2602,508404,25,2022,23,5,,,,,,,1,6,2,,,,4,,2024-04-17 20:11
5085,508501,25,2022,51,3,2,493,2002m8,4,875,2,2,12,1,300,,3,5,,2024-04-17 20:11
5085,508504,25,2022,23,4,2,701,2020m8,4,213,2,1,12,2,70,,2,5,,2024-04-17 20:11
4402,508702,25,2022,48,6,,,,,,,2,13,2,,,,3,,2024-04-17 20:11
4402,508704,25,2022,21,4,,,,,,,1,13,1,,,,3,,2024-04-17 20:11
5088,508801,25,2022,59,4,1,491,1989m1,1,871,1,2,6,1,690,1,2,4,,2024-04-17 20:11
5091,509102,25,2022,44,3,,,,,,,2,3,2,,,,4,,2024-04-17 20:11
5094,509402,25,2022,53,3,1,492,2007m3,1,312,1,3,8,1,280,1,3,5,,2024-04-17 20:11
5094,509403,25,2022,21,3,,,,,,,1,8,2,,,,5,,2024-04-17 20:11
5094,509404,25,2022,18,2,,,,,,,1,8,1,,,,5,,2024-04-17 20:11
5095,509501,25,2022,49,3,2,493,2017m3,4,875,2,2,14,1,400,,3,4,,2024-04-17 20:11
5095,509503,25,2022,21,4,1,272,2021m6,1,313,1,1,14,2,200,1,2,4,,2024-04-17 20:11
5095,509504,25,2022,19,3,,,,,,,1,14,1,,,,4,,2024-04-17 20:11
5096,509602,25,2022,48,3,1,949,2006m3,1,312,1,2,14,2,235,1,2,4,,2024-04-17 20:11
5096,509603,25,2022,22,5,1,961,2022m4,2,422,1,1,14,2,100,2,2,4,,2024-04-17 20:11
5096,509604,25,2022,17,2,,,,,,,1,14,1,,,,4,,2024-04-17 20:11
10381,509606,25,2022,69,2,,,,,,,3,14,2,,,,4,,2024-04-17 20:11
10381,509607,25,2022,43,6,1,291,2021m8,1,753,1,1,14,1,250,1,2,4,,2024-04-17 20:11
5099,509901,25,2022,60,6,1,842,2019m1,1,611,1,2,14,1,280,2,2,4,,2024-04-17 20:11
5099,509903,25,2022,22,4,,,,,,,1,14,1,,,,4,,2024-04-17 20:11
5100,510002,25,2022,50,5,1,861,2022m3,1,246,1,3,3,2,250,1,3,4,,2024-04-17 20:11
5100,510003,25,2022,17,2,,,,,,,1,3,1,,,,3,,2024-04-17 20:11
5100,510004,25,2022,16,2,,,,,,,1,3,1,,,,4,,2024-04-17 20:11
5101,510104,25,2022,21,5,1,561,2021m12,1,710,1,1,3,2,230,1,2,3,,2024-04-17 20:11
5109,510901,25,2022,50,3,,,,,,,2,4,1,,,,4,,2024-04-17 20:11
5109,510903,25,2022,22,5,1,862,2022m1,1,245,1,1,4,2,220,1,2,4,,2024-04-17 20:11
5110,511002,25,2022,48,6,1,651,2011m2,1,510,1,2,10,2,250,2,3,3,,2024-04-17 20:11
5110,511003,25,2022,23,4,,,,,,,1,10,2,,,,3,,2024-04-17 20:11
5113,511301,25,2022,58,6,1,743,2020m3,3,612,1,2,10,1,160,2,3,4,,2024-04-17 20:11
5113,511303,25,2022,23,6,,,,,,,1,10,2,,,,4,,2024-04-17 20:11
5113,511304,25,2022,21,4,3,,,,,,1,10,1,,,,4,,2024-04-17 20:11
5115,511502,25,2022,48,3,,,,,,,1,2,1,,,,6,,2024-04-17 20:11
5117,511704,25,2022,19,4,,,,,,,1,15,1,,,,3,,2024-04-17 20:11
5119,511904,25,2022,24,3,1,423,2017m2,2,762,1,1,2,1,180,2,3,4,,2024-04-17 20:11
5120,512001,25,2022,52,5,1,682,2022m1,1,762,1,2,2,1,270,1,2,4,,2024-04-17 20:11
5120,512003,25,2022,15,2,,,,,,,1,2,2,,,,4,,2024-04-17 20:11
5121,512102,25,2022,50,3,1,661,1991m8,1,272,1,2,2,2,550,1,2,3,,2024-04-17 20:11
5121,512103,25,2022,19,4,,,,,,,1,2,2,,,,3,,2024-04-17 20:11
5122,512201,25,2022,53,6,1,682,2015m10,1,274,1,2,15,1,400,2,2,4,,2024-04-17 20:11
5122,512203,25,2022,23,4,,,,,,,1,15,1,,,,4,,2024-04-17 20:11
5123,512302,25,2022,47,3,1,303,2022m4,1,930,1,2,2,2,190,1,3,5,,2024-04-17 20:11
5123,512303,25,2022,21,4,,,,,,,1,2,2,,,,4,,2024-04-17 20:11
5123,512304,25,2022,16,2,,,,,,,1,2,2,,,,4,,2024-04-17 20:11
5124,512402,25,2022,49,5,1,711,2014m10,1,330,1,2,15,2,250,1,2,4,,2024-04-17 20:11
5124,512403,25,2022,21,4,,,,,,,1,15,2,,,,4,,2024-04-17 20:11
5124,512404,25,2022,19,4,,,,,,,1,15,2,,,,4,,2024-04-17 20:11
5126,512602,25,2022,47,6,1,842,2006m3,1,252,1,2,7,2,430,1,2,4,,2024-04-17 20:11
5126,512603,25,2022,21,4,,,,,,,1,7,2,,,,4,,2024-04-17 20:11
5126,512604,25,2022,18,2,,,,,,,1,7,2,,,,4,,2024-04-17 20:11
5127,512704,25,2022,24,4,,,,,,,1,2,2,,,,3,,2024-04-17 20:11
5131,513101,25,2022,60,3,2,475,1996m7,4,521,2,2,3,1,800,,3,3,,2024-04-17 20:11
5131,513103,25,2022,23,4,,,,,,,1,3,1,,,,3,,2024-04-17 20:11
6466,513204,25,2022,24,5,1,303,2021m6,1,312,1,1,3,1,227,1,2,4,,2024-04-17 20:11
5134,513402,25,2022,51,6,,,,,,,2,5,2,,,,5,,2024-04-17 20:11
5134,513403,25,2022,19,4,,,,,,,1,5,1,,,,5,,2024-04-17 20:11
5141,514102,25,2022,49,5,1,620,1996m7,1,224,1,2,1,1,500,1,3,4,,2024-04-17 20:11
5141,514103,25,2022,18,2,,,,,,,1,1,1,,,,4,,2024-04-17 20:11
5141,514104,25,2022,16,2,,,,,,,1,1,1,,,,4,,2024-04-17 20:11
5142,514202,25,2022,50,3,1,141,2012m1,1,721,1,2,1,1,450,1,3,4,,2024-04-17 20:11
5142,514203,25,2022,22,4,,,,,,,1,1,1,,,,5,,2024-04-17 20:11
5142,514204,25,2022,19,3,1,561,2022m3,1,442,1,1,1,1,200,1,3,5,,2024-04-17 20:11
5143,514303,25,2022,58,5,1,301,1990m11,1,771,1,2,8,1,400,1,2,3,,2024-04-17 20:11
5143,514304,25,2022,23,6,1,211,2022m1,2,211,1,1,8,2,180,2,3,3,,2024-04-17 20:11
5143,514305,25,2022,21,4,,,,,,,1,8,1,,,,3,,2024-04-17 20:11
5144,514403,25,2022,46,3,,,,,,,2,1,2,,,,4,,2024-04-17 20:11
5144,514404,25,2022,17,2,,,,,,,1,1,1,,,,4,,2024-04-17 20:11
5144,514405,25,2022,17,2,,,,,,,1,1,2,,,,4,,2024-04-17 20:11
5145,514502,25,2022,52,6,1,301,1995m1,1,273,1,2,8,1,460,1,2,4,,2024-04-17 20:11
5145,514503,25,2022,22,4,,,,,,,1,8,1,,,,4,,2024-04-17 20:11
5145,514504,25,2022,16,2,,,,,,,1,8,1,,,,4,,2024-04-17 20:11
5158,515803,25,2022,23,3,,,,,,,1,1,1,,,,5,,2024-04-17 20:11
5158,515804,25,2022,22,5,,,,,,,1,1,1,,,,5,,2024-04-17 20:11
5159,515902,25,2022,53,6,2,620,2010m1,4,399,2,2,2,1,400,,2,3,,2024-04-17 20:11
5159,515903,25,2022,23,4,,,,,,,1,2,2,,,,4,,2024-04-17 20:11
5159,515904,25,2022,20,4,,,,,,,1,2,1,,,,4,,2024-04-17 20:11
5161,516102,25,2022,48,3,1,466,2017m3,1,312,1,2,5,1,290,1,3,4,,2024-04-17 20:11
5161,516103,25,2022,20,4,,,,,,,1,5,2,,,,3,,2024-04-17 20:11
5163,516302,25,2022,50,3,1,651,2019m8,1,510,1,2,2,2,100,2,3,4,,2024-04-17 20:11
5163,516303,25,2022,22,4,,,,,,,1,2,2,,,,4,,2024-04-17 20:11
5171,517102,25,2022,41,4,,,,,,,2,3,2,,,,4,,2024-04-17 20:11
5171,517103,25,2022,18,2,,,,,,,1,3,2,,,,3,,2024-04-17 20:11
5172,517202,25,2022,42,5,1,132,2015m6,1,312,1,2,3,2,170,1,3,5,,2024-04-17 20:11
5172,517203,25,2022,18,2,,,,,,,1,3,2,,,,4,,2024-04-17 20:11
5172,517204,25,2022,15,2,,,,,,,1,3,1,,,,5,,2024-04-17 20:11
5173,517302,25,2022,49,6,1,292,2011m12,1,312,1,2,3,1,300,1,3,4,,2024-04-17 20:11
5173,517303,25,2022,23,6,,,,,,,1,3,2,,,,4,,2024-04-17 20:11
5175,517502,25,2022,54,5,1,843,2016m2,1,852,1,2,3,1,390,1,2,4,,2024-04-17 20:11
5175,517503,25,2022,23,4,,,,,,,1,3,1,,,,4,,2024-04-17 20:11
5176,517602,25,2022,54,6,1,264,1999m5,1,313,1,2,8,1,940,1,2,3,,2024-04-17 20:11
5176,517603,25,2022,20,4,,,,,,,1,8,1,,,,3,,2024-04-17 20:11
5179,517903,25,2022,44,6,2,969,2018m5,4,,2,2,3,2,220,,2,4,,2024-04-17 20:11
5179,517904,25,2022,18,2,,,,,,,1,3,1,,,,4,,2024-04-17 20:11
5179,517905,25,2022,16,2,,,,,,,1,3,1,,,,4,,2024-04-17 20:11
5180,518002,25,2022,49,6,1,843,1995m3,1,980,1,2,5,1,830,1,2,3,,2024-04-17 20:11
5180,518003,25,2022,23,4,,,,,,,1,5,1,,,,3,,2024-04-17 20:11
5180,518004,25,2022,21,5,1,681,2021m12,1,312,1,1,5,2,248,1,1,3,,2024-04-17 20:11
5181,518104,25,2022,23,3,1,529,2022m4,1,271,1,1,5,2,208,1,2,5,,2024-04-17 20:11
5182,518203,25,2022,21,4,,,,,,,1,5,1,,,,5,,2024-04-17 20:11
5182,518204,25,2022,20,4,,,,,,,1,5,2,,,,5,,2024-04-17 20:11
5183,518303,25,2022,22,4,1,471,2022m1,3,521,1,1,8,2,30,2,2,4,,2024-04-17 20:11
5183,518304,25,2022,20,4,1,471,2021m8,3,521,1,1,8,2,80,2,2,4,,2024-04-17 20:11
5184,518403,25,2022,23,4,,,,,,,1,5,1,,,,5,,2024-04-17 20:11
5184,518404,25,2022,19,3,1,494,2022m3,3,922,1,1,5,1,150,2,3,5,,2024-04-17 20:11
5186,518602,25,2022,48,3,,,,,,,2,8,2,,,,3,,2024-04-17 20:11
5186,518604,25,2022,16,2,,,,,,,1,8,1,,,,3,,2024-04-17 20:11
5187,518702,25,2022,48,3,,,,,,,2,12,2,,,,4,,2024-04-17 20:11
5187,518707,25,2022,19,4,,,,,,,1,12,2,,,,4,,2024-04-17 20:11
5191,519102,25,2022,52,6,2,424,2005m5,4,799,2,2,4,1,300,,3,4,,2024-04-17 20:11
5191,519103,25,2022,16,2,,,,,,,1,4,2,,,,3,,2024-04-17 20:11
5193,519304,25,2022,65,3,1,682,2021m10,2,312,1,2,11,2,100,2,3,5,,2024-04-17 20:11
5195,519502,25,2022,50,6,1,465,2001m6,1,312,1,2,1,1,400,1,3,4,,2024-04-17 20:11
5196,519602,25,2022,50,5,1,862,2015m3,1,245,1,2,7,2,230,2,3,4,,2024-04-17 20:11
5196,519603,25,2022,22,4,,,,,,,1,7,2,,,,4,,2024-04-17 20:11
5196,519604,25,2022,18,2,,,,,,,1,7,2,,,,4,,2024-04-17 20:11
5198,519802,25,2022,46,3,1,474,2015m1,2,521,1,2,7,2,80,2,3,6,,2024-04-17 20:11
5198,519803,25,2022,22,4,,,,,,,1,7,1,,,,6,,2024-04-17 20:11
5198,519804,25,2022,19,4,,,,,,,1,7,1,,,,6,,2024-04-17 20:11
9255,519904,25,2022,55,3,1,471,2008m2,1,953,1,3,8,2,210,2,3,5,,2024-04-17 20:11
9255,519905,25,2022,32,5,1,561,2020m11,2,442,1,1,8,2,250,2,2,5,,2024-04-17 20:11
9255,519906,25,2022,31,5,2,561,2020m11,4,441,2,1,8,2,300,,2,5,,2024-04-17 20:11
5200,520002,25,2022,58,6,1,611,2003m12,1,922,1,2,5,1,550,1,2,4,,2024-04-17 20:11
5200,520004,25,2022,19,4,,,,,,,1,5,1,,,,4,,2024-04-17 20:11
5202,520202,25,2022,51,5,1,969,2021m8,1,423,1,2,1,1,400,2,3,4,,2024-04-17 20:11
5202,520203,25,2022,22,4,,,,,,,1,1,2,,,,5,,2024-04-17 20:11
5202,520205,25,2022,19,4,,,,,,,1,1,2,,,,5,,2024-04-17 20:11
5203,520302,25,2022,54,5,1,132,1994m6,1,821,1,2,14,1,550,1,2,4,,2024-04-17 20:11
5203,520303,25,2022,23,4,,,,,,,1,14,1,,,,4,,2024-04-17 20:11
5203,520304,25,2022,21,4,,,,,,,1,14,2,,,,4,,2024-04-17 20:11
5204,520403,25,2022,49,5,,,,,,,2,8,2,,,,3,,2024-04-17 20:11
5205,520502,25,2022,52,3,1,611,2006m10,1,922,1,2,8,1,300,1,3,5,,2024-04-17 20:11
5205,520503,25,2022,21,3,,,,,,,1,8,2,,,,5,,2024-04-17 20:11
5205,520504,25,2022,16,2,,,,,,,1,8,1,,,,5,,2024-04-17 20:11
5207,520702,25,2022,49,3,2,259,2003m3,4,510,2,2,8,1,500,,3,4,,2024-04-17 20:11
5207,520703,25,2022,22,3,1,259,2020m11,1,851,1,1,8,1,250,1,3,4,,2024-04-17 20:11
5207,520704,25,2022,19,3,,,,,,,1,8,2,,,,4,,2024-04-17 20:11
5208,520802,25,2022,52,3,1,301,1993m7,1,854,1,2,8,1,700,1,2,3,,2024-04-17 20:11
5208,520803,25,2022,22,4,,,,,,,1,8,2,,,,3,,2024-04-17 20:11
5208,520804,25,2022,20,4,,,,,,,1,8,2,,,,3,,2024-04-17 20:11
5209,520902,25,2022,56,3,1,872,2018m6,1,421,1,2,1,2,150,2,3,5,,2024-04-17 20:11
5209,520903,25,2022,16,2,,,,,,,1,1,1,,,,5,,2024-04-17 20:11
5210,521004,25,2022,16,2,,,,,,,1,8,1,,,,4,,2024-04-17 20:11
5213,521302,25,2022,51,6,1,582,2014m12,1,223,1,2,8,1,390,2,3,4,,2024-04-17 20:11
5218,521803,25,2022,54,3,2,471,2021m1,4,521,2,3,8,2,200,,2,4,,2024-04-17 20:11
9514,521804,25,2022,33,5,1,471,2021m7,2,521,1,1,8,1,100,2,3,5,,2024-04-17 20:11
5220,522002,25,2022,53,6,1,620,2007m5,1,223,1,2,1,1,800,1,2,4,,2024-04-17 20:11
5220,522003,25,2022,23,4,,,,,,,1,1,2,,,,4,,2024-04-17 20:11
5220,522004,25,2022,18,2,,,,,,,1,1,1,,,,4,,2024-04-17 20:11
5221,522102,25,2022,52,6,1,851,2009m11,1,253,1,2,8,2,245,2,3,5,,2024-04-17 20:11
4080,522802,25,2022,49,3,1,291,2014m4,1,855,1,2,11,2,220,1,3,4,,2024-04-17 20:11
4080,522803,25,2022,17,2,,,,,,,1,11,2,,,,4,,2024-04-17 20:11
5229,522902,25,2022,48,6,1,641,2000m1,1,320,1,2,8,1,1200,1,2,3,,2024-04-17 20:11
5229,522903,25,2022,17,2,,,,,,,1,8,1,,,,3,,2024-04-17 20:11
5240,524003,25,2022,22,4,,,,,,,1,14,2,,,,5,,2024-04-17 20:11
5240,524004,25,2022,20,4,,,,,,,1,14,1,,,,5,,2024-04-17 20:11
5248,524802,25,2022,52,6,1,701,2009m5,1,237,1,2,8,1,800,1,2,3,,2024-04-17 20:11
5248,524803,25,2022,18,2,,,,,,,1,8,1,,,,3,,2024-04-17 20:11
5248,524804,25,2022,16,2,,,,,,,1,8,2,,,,3,,2024-04-17 20:11
5251,525106,25,2022,46,6,2,582,2020m5,4,222,2,2,4,2,370,,2,3,,2024-04-17 20:11
9159,525302,25,2022,81,2,1,872,2020m5,2,,1,3,15,1,30,2,2,6,,2024-04-17 20:11
5254,525402,25,2022,49,6,2,561,2021m11,4,442,2,2,2,1,800,,3,5,,2024-04-17 20:11
5254,525404,25,2022,18,4,,,,,,,1,2,2,,,,5,,2024-04-17 20:11
5261,526102,25,2022,49,3,1,682,2013m7,1,274,1,2,1,1,300,1,3,5,,2024-04-17 20:11
5261,526108,25,2022,20,3,,,,,,,1,1,1,,,,5,,2024-04-17 20:11
5261,526109,25,2022,17,2,,,,,,,1,1,2,,,,5,,2024-04-17 20:11
5266,526602,25,2022,48,5,1,844,2002m7,1,411,1,2,1,2,380,1,2,4,,2024-04-17 20:11
5268,526803,25,2022,24,5,1,851,2021m3,1,253,1,1,8,2,230,1,3,5,,2024-04-17 20:11
5268,526804,25,2022,22,4,,,,,,,1,8,2,,,,5,,2024-04-17 20:11
5269,526903,25,2022,52,6,1,729,2000m3,1,312,1,2,1,1,700,1,2,4,,2024-04-17 20:11
5269,526904,25,2022,16,2,,,,,,,1,1,2,,,,4,,2024-04-17 20:11
5270,527002,25,2022,52,6,1,303,2010m1,1,854,1,2,8,1,380,1,3,5,,2024-04-17 20:11
5270,527003,25,2022,21,3,1,711,2020m2,1,330,1,1,8,2,205,1,3,4,,2024-04-17 20:11
3576,527202,25,2022,46,3,1,259,2013m8,1,854,1,2,8,2,300,2,2,3,,2024-04-17 20:11
3576,527203,25,2022,20,4,,,,,,,1,8,1,,,,4,,2024-04-17 20:11
5274,527402,25,2022,48,5,1,856,2022m3,3,254,1,2,8,2,100,2,3,4,,2024-04-17 20:11
5277,527702,25,2022,53,3,2,463,1993m8,4,521,2,2,2,1,700,,2,4,,2024-04-17 20:11
5277,527703,25,2022,22,4,,,,,,,1,2,1,,,,3,,2024-04-17 20:11
5277,527704,25,2022,20,4,,,,,,,1,2,1,,,,3,,2024-04-17 20:11
5279,527901,25,2022,51,3,1,463,2022m2,2,521,1,2,2,1,200,2,3,4,,2024-04-17 20:11
5279,527903,25,2022,22,4,1,562,2022m1,2,442,1,1,2,2,40,2,3,4,,2024-04-17 20:11
5283,528302,25,2022,55,5,1,502,2022m5,1,238,1,3,15,1,350,1,3,5,,2024-04-17 20:11
9337,528303,25,2022,20,4,,,,,,,1,15,1,,,,5,,2024-04-17 20:11
9337,528304,25,2022,18,2,,,,,,,1,15,1,,,,4,,2024-04-17 20:11
5286,528602,25,2022,48,3,1,682,2020m10,1,783,1,2,7,1,250,1,3,5,,2024-04-17 20:11
5286,528603,25,2022,19,4,,,,,,,1,7,1,,,,5,,2024-04-17 20:11
5286,528604,25,2022,17,2,,,,,,,1,7,2,,,,5,,2024-04-17 20:11
5292,529202,25,2022,46,3,,,,,,,2,15,2,,,,4,,2024-04-17 20:11
5292,529204,25,2022,17,2,,,,,,,1,15,1,,,,4,,2024-04-17 20:11
5293,529302,25,2022,42,5,,,,,,,2,2,1,,,,4,,2024-04-17 20:11
5294,529402,25,2022,47,3,,,,,,,2,2,2,,,,5,,2024-04-17 20:11
5294,529403,25,2022,21,4,,,,,,,1,2,1,,,,5,,2024-04-17 20:11
5294,529404,25,2022,18,2,,,,,,,1,2,2,,,,5,,2024-04-17 20:11
5298,529801,25,2022,51,6,1,844,2003m6,1,411,1,2,15,1,430,1,2,4,,2024-04-17 20:11
5298,529803,25,2022,22,3,,,,,,,1,15,1,,,,3,,2024-04-17 20:11
5300,530001,25,2022,48,5,1,464,2006m7,1,312,1,2,3,1,400,1,3,4,,2024-04-17 20:11
5300,530003,25,2022,21,4,,,,,,,1,3,1,,,,4,,2024-04-17 20:11
5301,530102,25,2022,47,6,1,869,1998m11,1,244,1,2,3,2,400,1,2,4,,2024-04-17 20:11
5301,530103,25,2022,18,2,,,,,,,1,3,2,,,,4,,2024-04-17 20:11
5301,530104,25,2022,16,2,,,,,,,1,3,2,,,,4,,2024-04-17 20:11
5302,530203,25,2022,23,3,,,,,,,1,14,2,,,,4,,2024-04-17 20:11
5302,530205,25,2022,21,5,,,,,,,1,14,2,,,,4,,2024-04-17 20:11
5302,530206,25,2022,16,2,,,,,,,1,14,2,,,,4,,2024-04-17 20:11
5303,530302,25,2022,49,3,1,852,2019m6,1,441,1,2,4,2,186,1,2,3,,2024-04-17 20:11
5303,530303,25,2022,19,4,,,,,,,1,4,2,,,,4,,2024-04-17 20:11
5303,530304,25,2022,18,2,,,,,,,1,4,2,,,,3,,2024-04-17 20:11
5304,530402,25,2022,51,3,2,471,2021m6,4,521,2,2,4,1,400,,2,4,,2024-04-17 20:11
5304,530403,25,2022,20,4,1,471,2021m9,3,521,1,1,4,2,147,2,2,4,,2024-04-17 20:11
5304,530404,25,2022,18,2,,,,,,,1,4,1,,,,4,,2024-04-17 20:11
5310,531001,25,2022,52,6,1,262,2002m5,1,753,1,2,11,1,1200,1,2,3,,2024-04-17 20:11
5310,531003,25,2022,22,4,,,,,,,1,11,2,,,,3,,2024-04-17 20:11
5310,531005,25,2022,17,2,,,,,,,1,11,1,,,,3,,2024-04-17 20:11
5311,531102,25,2022,50,4,1,312,1996m12,1,752,1,2,10,1,490,1,2,3,,2024-04-17 20:11
5311,531103,25,2022,22,4,,,,,,,1,10,1,,,,3,,2024-04-17 20:11
5311,531104,25,2022,18,3,,,,,,,1,10,1,,,,3,,2024-04-17 20:11
5315,531502,25,2022,44,5,,,,,,,2,12,2,,,,4,,2024-04-17 20:11
5315,531503,25,2022,16,2,,,,,,,1,12,2,,,,4,,2024-04-17 20:11
4382,531903,25,2022,20,3,,,,,,,1,13,1,,,,4,,2024-04-17 20:11
9850,532203,25,2022,23,3,1,561,2018m8,2,442,1,1,3,2,175,2,3,6,,2024-04-17 20:11
5322,532204,25,2022,17,2,,,,,,,1,3,1,,,,5,,2024-04-17 20:11
5325,532502,25,2022,43,5,,,,,,,2,7,2,,,,4,,2024-04-17 20:11
5326,532602,25,2022,43,3,3,465,2020m10,5,521,2,2,2,2,,,2,4,,2024-04-17 20:11
5327,532704,25,2022,17,2,,,,,,,1,13,1,,,,3,,2024-04-17 20:11
5328,532801,25,2022,49,6,1,651,1999m3,1,320,1,2,8,1,700,1,2,4,,2024-04-17 20:11
5328,532803,25,2022,22,5,1,561,2021m3,1,314,1,1,8,2,250,1,2,4,,2024-04-17 20:11
5329,532902,25,2022,46,6,2,561,2017m6,4,442,2,2,12,2,450,,2,4,,2024-04-17 20:11
5329,532903,25,2022,22,4,,,,,,,1,12,1,,,,4,,2024-04-17 20:11
5329,532904,25,2022,19,4,,,,,,,1,12,2,,,,4,,2024-04-17 20:11
5330,533001,25,2022,53,6,1,711,2000m4,1,261,1,2,12,1,708,1,2,3,,2024-04-17 20:11
5332,533201,25,2022,42,3,1,411,2021m11,2,782,1,2,13,1,400,2,2,3,,2024-04-17 20:11
5332,533203,25,2022,22,4,,,,,,,1,13,2,,,,3,,2024-04-17 20:11
5332,533204,25,2022,16,2,,,,,,,1,13,2,,,,4,,2024-04-17 20:11
5335,533502,25,2022,46,6,,,,,,,2,12,2,,,,3,,2024-04-17 20:11
5335,533503,25,2022,21,4,,,,,,,1,12,1,,,,3,,2024-04-17 20:11
5335,533504,25,2022,18,2,,,,,,,1,12,2,,,,3,,2024-04-17 20:11
5336,533601,25,2022,48,2,1,162,2019m9,1,730,1,2,14,1,210,1,2,4,,2024-04-17 20:11
5336,533603,25,2022,22,4,,,,,,,1,14,2,,,,4,,2024-04-17 20:11
5336,533604,25,2022,20,3,1,259,2020m10,1,743,1,1,14,1,210,1,2,3,,2024-04-17 20:11
5339,533901,25,2022,50,6,1,902,1995m2,1,311,1,2,6,1,700,1,3,4,,2024-04-17 20:11
5341,534102,25,2022,48,5,1,682,2016m6,2,274,1,2,4,2,184,2,3,4,,2024-04-17 20:11
5341,534104,25,2022,18,2,,,,,,,1,4,1,,,,5,,2024-04-17 20:11
5342,534202,25,2022,45,5,,,,,,,2,6,2,,,,5,,2024-04-17 20:11
5342,534203,25,2022,22,5,,,,,,,1,6,2,,,,5,,2024-04-17 20:11
5342,534204,25,2022,18,2,,,,,,,1,6,2,,,,5,,2024-04-17 20:11
5345,534502,25,2022,48,3,1,271,2010m6,1,851,1,2,8,1,390,1,3,5,,2024-04-17 20:11
5345,534503,25,2022,22,5,,,,,,,1,8,2,,,,5,,2024-04-17 20:11
5346,534602,25,2022,48,6,1,852,1998m3,1,252,1,2,6,1,450,1,2,4,,2024-04-17 20:11
5346,534603,25,2022,16,2,,,,,,,1,6,1,,,,4,,2024-04-17 20:11
5347,534701,25,2022,51,6,2,561,2016m7,4,441,2,3,8,1,500,,2,3,,2024-04-17 20:11
5347,534703,25,2022,20,4,,,,,,,1,8,2,,,,3,,2024-04-17 20:11
5347,534704,25,2022,17,2,,,,,,,1,8,1,,,,3,,2024-04-17 20:11
5349,534902,25,2022,50,3,1,464,2020m3,2,953,1,2,1,2,150,2,2,4,,2024-04-17 20:11
5349,534903,25,2022,22,4,,,,,,,1,1,1,,,,4,,2024-04-17 20:11
5349,534904,25,2022,16,2,,,,,,,1,1,1,,,,5,,2024-04-17 20:11
5354,535404,25,2022,17,2,,,,,,,1,8,2,,,,6,,2024-04-17 20:11
5358,535802,25,2022,48,3,2,521,2005m2,4,312,2,2,1,1,500,,2,2,,2024-04-17 20:11
5358,535803,25,2022,17,2,,,,,,,1,1,2,,,,2,,2024-04-17 20:11
5380,538005,25,2022,22,3,1,272,2019m4,1,312,1,1,8,2,220,1,3,5,,2024-04-17 20:11
5386,538602,25,2022,46,3,2,961,2022m3,4,422,2,2,15,2,300,,2,4,,2024-04-17 20:11
5386,538603,25,2022,18,2,,,,,,,1,15,2,,,,4,,2024-04-17 20:11
5386,538604,25,2022,15,2,,,,,,,1,15,2,,,,4,,2024-04-17 20:11
5389,538902,25,2022,48,5,2,494,2011m9,4,922,2,2,3,1,800,,2,4,,2024-04-17 20:11
5389,538903,25,2022,21,4,,,,,,,1,3,2,,,,4,,2024-04-17 20:11
5389,538904,25,2022,19,4,,,,,,,1,3,1,,,,4,,2024-04-17 20:11
5390,539002,25,2022,60,5,,,,,,,2,3,1,,,,4,,2024-04-17 20:11
5390,539003,25,2022,31,6,1,952,2019m10,1,751,1,1,3,1,250,1,2,4,,2024-04-17 20:11
5393,539302,25,2022,49,6,1,222,2021m7,1,312,1,2,15,1,350,1,3,3,,2024-04-17 20:11
5394,539404,25,2022,23,4,1,702,2022m3,2,281,1,1,5,2,98,2,3,4,,2024-04-17 20:11
5394,539405,25,2022,19,4,,,,,,,1,5,2,,,,4,,2024-04-17 20:11
5395,539502,25,2022,56,3,1,259,1997m8,1,855,1,2,5,1,210,1,3,5,,2024-04-17 20:11
5398,539802,25,2022,51,6,1,853,1999m8,1,251,1,2,6,1,410,1,2,4,,2024-04-17 20:11
5398,539803,25,2022,20,3,,,,,,,1,6,1,,,,4,,2024-04-17 20:11
5398,539804,25,2022,17,2,,,,,,,1,6,1,,,,4,,2024-04-17 20:11
5399,539902,25,2022,48,6,2,855,2014m6,4,254,2,2,11,2,180,,3,3,,2024-04-17 20:11
5401,540102,25,2022,48,5,,,,,,,2,11,2,,,,4,,2024-04-17 20:11
5401,540104,25,2022,19,4,,,,,,,1,11,2,,,,4,,2024-04-17 20:11
5408,540802,25,2022,52,6,1,721,2020m12,1,231,1,2,1,2,260,2,3,4,,2024-04-17 20:11
5409,540902,25,2022,57,6,1,301,1991m12,1,312,1,2,8,1,1000,1,2,3,,2024-04-17 20:11
5409,540903,25,2022,54,3,1,851,2010m11,1,253,1,2,8,2,200,2,2,3,,2024-04-17 20:11
5409,540904,25,2022,21,4,,,,,,,1,8,1,,,,3,,2024-04-17 20:11
5411,541102,25,2022,54,3,1,861,2019m3,1,246,1,2,8,2,200,1,3,5,,2024-04-17 20:11
5419,541902,25,2022,48,3,2,421,2017m6,4,782,2,2,8,1,300,,3,5,,2024-04-17 20:11
5419,541904,25,2022,21,4,,,,,,,1,8,1,,,,5,,2024-04-17 20:11
5419,541906,25,2022,16,2,,,,,,,1,8,2,,,,5,,2024-04-17 20:11
5421,542102,25,2022,63,3,,,,,,,2,13,1,,,,5,,2024-04-17 20:11
5423,542302,25,2022,47,3,,,,,,,2,8,2,,,,3,,2024-04-17 20:11
5423,542303,25,2022,22,4,,,,,,,1,8,2,,,,4,,2024-04-17 20:11
5423,542304,25,2022,19,4,,,,,,,1,8,2,,,,5,,2024-04-17 20:11
5424,542402,25,2022,44,3,1,759,2021m1,1,531,1,2,8,2,220,1,3,3,,2024-04-17 20:11
5432,543202,25,2022,53,6,1,844,1998m3,1,411,1,2,8,1,760,1,2,3,,2024-04-17 20:11
5432,543203,25,2022,20,3,,,,,,,1,8,2,,,,3,,2024-04-17 20:11
5433,543302,25,2022,19,4,,,,,,,1,8,1,,,,3,,2024-04-17 20:11
5433,543303,25,2022,53,6,1,,2018m10,1,310,1,2,8,1,450,1,2,3,,2024-04-17 20:11
4384,543502,25,2022,21,4,,,,,,,1,13,2,,,,3,,2024-04-17 20:11
5436,543602,25,2022,43,5,,,,,,,2,8,2,,,,4,,2024-04-17 20:11
5439,543902,25,2022,50,3,,,,,,,2,8,1,,,,4,,2024-04-17 20:11
5439,543904,25,2022,17,2,,,,,,,1,8,1,,,,5,,2024-04-17 20:11
5441,544102,25,2022,56,5,2,131,1999m1,4,312,2,2,3,1,400,,3,3,,2024-04-17 20:11
5441,544103,25,2022,21,4,,,,,,,1,3,2,,,,3,,2024-04-17 20:11
10382,544104,25,2022,25,5,,,,,,,1,3,1,,,,5,,2024-04-17 20:11
5441,544105,25,2022,86,1,,,,,,,3,3,2,,,,3,,2024-04-17 20:11
5443,544302,25,2022,46,3,1,222,2014m7,1,312,1,2,14,2,250,1,3,4,,2024-04-17 20:11
5443,544303,25,2022,22,4,,,,,,,1,14,2,,,,4,,2024-04-17 20:11
5443,544304,25,2022,19,4,,,,,,,1,14,1,,,,4,,2024-04-17 20:11
5445,544502,25,2022,49,5,1,902,2019m7,2,399,1,2,5,2,60,2,3,4,,2024-04-17 20:11
5445,544503,25,2022,18,2,,,,,,,1,5,1,,,,4,,2024-04-17 20:11
5445,544504,25,2022,15,2,,,,,,,1,5,2,,,,4,,2024-04-17 20:11
5446,544601,25,2022,52,6,2,862,2007m3,4,241,2,2,7,1,2000,,3,2,,2024-04-17 20:11
5446,544603,25,2022,21,4,,,,,,,1,7,2,,,,2,,2024-04-17 20:11
5446,544604,25,2022,18,4,,,,,,,1,7,1,,,,2,,2024-04-17 20:11
5448,544804,25,2022,21,4,,,,,,,1,13,2,,,,4,,2024-04-17 20:11
7034,545103,25,2022,21,4,,,,,,,1,9,1,,,,3,,2024-04-17 20:11
4220,545203,25,2022,20,4,,,,,,,1,12,2,,,,5,,2024-04-17 20:11
4220,545204,25,2022,17,2,,,,,,,1,12,1,,,,5,,2024-04-17 20:11
5456,545602,25,2022,47,6,2,902,2019m12,4,312,2,2,12,2,350,,3,4,,2024-04-17 20:11
10383,545603,25,2022,19,4,1,242,2021m10,1,841,1,1,11,1,230,1,3,4,,2024-04-17 20:11
5456,545604,25,2022,17,2,,,,,,,1,12,2,,,,4,,2024-04-17 20:11
5458,545803,25,2022,21,5,1,961,2022m3,1,422,1,1,15,2,190,1,3,4,,2024-04-17 20:11
5458,545804,25,2022,49,3,1,951,2009m7,1,771,1,2,15,1,500,1,2,4,,2024-04-17 20:11
5459,545902,25,2022,57,5,,,,,,,2,11,2,,,,4,,2024-04-17 20:11
5459,545903,25,2022,19,4,,,,,,,1,11,1,,,,4,,2024-04-17 20:11
5460,546002,25,2022,48,6,2,855,2008m8,4,254,2,2,13,2,400,,2,4,,2024-04-17 20:11
5460,546003,25,2022,19,4,,,,,,,1,13,2,,,,3,,2024-04-17 20:11
5468,546808,25,2022,60,1,,,,,,,2,12,1,,,,6,,2024-04-17 20:11
5468,546809,25,2022,91,1,,,,,,,3,12,2,,,,6,,2024-04-17 20:11
5472,547201,25,2022,55,3,1,422,2013m1,1,753,1,2,8,1,320,2,2,4,,2024-04-17 20:11
5472,547203,25,2022,21,4,1,471,2021m1,2,521,1,1,8,2,198,2,3,5,,2024-04-17 20:11
5473,547302,25,2022,47,3,,,,,,,2,8,2,,,,3,,2024-04-17 20:11
5473,547303,25,2022,21,4,,,,,,,1,8,2,,,,3,,2024-04-17 20:11
5473,547304,25,2022,17,2,,,,,,,1,8,1,,,,4,,2024-04-17 20:11
5479,547901,25,2022,46,3,1,281,1994m8,1,874,1,2,10,1,550,1,3,3,,2024-04-17 20:11
5480,548004,25,2022,20,4,,,,,,,1,11,2,,,,5,,2024-04-17 20:11
5481,548102,25,2022,51,3,2,951,2012m9,4,771,2,2,5,1,600,,2,4,,2024-04-17 20:11
5481,548103,25,2022,19,4,,,,,,,1,5,2,,,,4,,2024-04-17 20:11
5481,548104,25,2022,17,2,,,,,,,1,5,2,,,,4,,2024-04-17 20:11
5483,548301,25,2022,54,6,1,411,2022m8,1,231,1,2,8,1,580,1,3,4,,2024-04-17 20:11
5483,548303,25,2022,17,2,,,,,,,1,8,2,,,,4,,2024-04-17 20:11
5484,548402,25,2022,48,3,1,862,2021m12,1,246,1,2,5,2,178,1,3,4,,2024-04-17 20:11
5484,548403,25,2022,21,4,,,,,,,1,5,1,,,,4,,2024-04-17 20:11
5484,548404,25,2022,19,4,,,,,,,1,5,2,,,,4,,2024-04-17 20:11
5487,548702,25,2022,46,5,1,681,2018m1,1,312,1,2,7,2,200,1,2,4,,2024-04-17 20:11
5487,548703,25,2022,22,4,,,,,,,1,7,1,,,,4,,2024-04-17 20:11
5487,548704,25,2022,20,4,,,,,,,1,7,2,,,,4,,2024-04-17 20:11
5488,548802,25,2022,48,4,1,466,2017m3,1,312,1,2,7,2,250,1,3,5,,2024-04-17 20:11
5488,548803,25,2022,21,4,,,,,,,1,7,2,,,,4,,2024-04-17 20:11
5488,548804,25,2022,17,2,,,,,,,1,7,1,,,,4,,2024-04-17 20:11
5490,549001,25,2022,47,3,1,472,2021m10,1,710,1,2,1,1,360,1,3,5,,2024-04-17 20:11
5490,549003,25,2022,19,2,,,,,,,1,1,1,,,,5,,2024-04-17 20:11
5490,549004,25,2022,16,2,,,,,,,1,1,1,,,,5,,2024-04-17 20:11
5491,549101,25,2022,52,6,1,259,1996m4,1,312,1,2,10,1,600,1,2,4,,2024-04-17 20:11
5491,549103,25,2022,21,4,,,,,,,1,10,2,,,,4,,2024-04-17 20:11
5491,549104,25,2022,19,4,,,,,,,1,10,2,,,,4,,2024-04-17 20:11
5494,549401,25,2022,49,6,2,682,2020m6,4,274,2,2,6,1,200,,3,4,,2024-04-17 20:11
5494,549404,25,2022,18,2,,,,,,,1,6,2,,,,4,,2024-04-17 20:11
5494,549405,25,2022,15,2,,,,,,,1,6,1,,,,4,,2024-04-17 20:11
9257,549406,25,2022,74,2,,,,,,,3,6,2,,,,4,,2024-04-17 20:11
5496,549602,25,2022,53,4,2,251,1990m4,4,510,2,2,5,1,300,,3,5,,2024-04-17 20:11
5496,549603,25,2022,22,4,,,,,,,1,5,1,,,,5,,2024-04-17 20:11
5496,549604,25,2022,20,3,1,281,2020m12,1,312,1,1,5,2,215,1,2,5,,2024-04-17 20:11
5496,549605,25,2022,17,2,,,,,,,1,5,2,,,,5,,2024-04-17 20:11
5496,549606,25,2022,79,3,3,251,2004m3,5,855,2,3,5,2,,,2,5,,2024-04-17 20:11
5497,549702,25,2022,67,3,1,411,2018m3,3,941,1,2,8,1,195,2,1,5,,2024-04-17 20:11
5497,549703,25,2022,63,3,2,11,2017m5,4,612,2,2,8,2,100,,4,4,,2024-04-17 20:11
10188,549804,25,2022,18,2,,,,,,,1,9,1,,,,3,,2024-04-17 20:11
5500,550001,25,2022,49,5,2,561,2018m5,4,442,2,2,3,1,1200,,3,4,,2024-04-17 20:11
5503,550301,25,2022,54,6,1,493,2019m6,1,312,1,2,9,1,300,1,1,4,,2024-04-17 20:11
5503,550303,25,2022,21,4,,,,,,,1,9,2,,,,3,,2024-04-17 20:11
5503,550304,25,2022,19,3,,,,,,,1,9,1,,,,3,,2024-04-17 20:11
5504,550401,25,2022,53,3,2,494,2019m7,4,922,2,2,8,1,150,,3,5,,2024-04-17 20:11
5504,550403,25,2022,21,3,1,423,2020m2,1,762,1,1,8,1,190,1,3,4,,2024-04-17 20:11
5514,551401,25,2022,51,6,1,412,2015m7,1,141,1,2,4,1,540,1,2,4,,2024-04-17 20:11
5514,551403,25,2022,19,4,,,,,,,1,4,2,,,,3,,2024-04-17 20:11
5514,551404,25,2022,16,2,,,,,,,1,4,2,,,,4,,2024-04-17 20:11
5515,551504,25,2022,16,2,,,,,,,1,11,2,,,,3,,2024-04-17 20:11
5517,551703,25,2022,53,3,2,11,2011m10,4,611,2,2,10,1,100,,4,6,,2024-04-17 20:11
5517,551705,25,2022,22,4,,,,,,,1,10,1,,,,4,,2024-04-17 20:11
5517,551706,25,2022,18,2,,,,,,,1,10,2,,,,5,,2024-04-17 20:11
5517,551707,25,2022,89,1,,,,,,,2,10,1,,,,6,,2024-04-17 20:11
5517,551708,25,2022,82,1,,,,,,,2,10,2,,,,6,,2024-04-17 20:11
5517,551709,25,2022,36,3,,,,,,,2,10,2,,,,5,,2024-04-17 20:11
5521,552102,25,2022,48,6,1,259,2009m11,1,313,1,2,1,2,700,1,1,1,,2024-04-17 20:11
5523,552302,25,2022,46,6,,,,,,,2,1,2,,,,4,,2024-04-17 20:11
5524,552403,25,2022,22,3,1,561,2021m9,2,442,1,1,1,1,84,2,4,5,,2024-04-17 20:11
5525,552502,25,2022,50,6,,,,,,,2,8,2,,,,5,,2024-04-17 20:11
5525,552503,25,2022,19,4,,,,,,,1,8,1,,,,4,,2024-04-17 20:11
5525,552504,25,2022,17,2,,,,,,,1,8,1,,,,5,,2024-04-17 20:11
5535,553502,25,2022,54,3,2,31,2019m9,4,630,2,2,13,1,300,,2,4,,2024-04-17 20:11
5535,553503,25,2022,21,4,,,,,,,1,13,2,,,,3,,2024-04-17 20:11
5536,553602,25,2022,50,6,1,331,2021m6,1,285,1,2,1,2,300,1,2,5,,2024-04-17 20:11
5536,553604,25,2022,19,4,,,,,,,1,1,1,,,,4,,2024-04-17 20:11
5541,554102,25,2022,44,5,1,463,2015m7,1,532,1,2,7,2,250,2,3,5,,2024-04-17 20:11
5541,554103,25,2022,21,3,1,961,2020m5,1,422,1,1,7,2,180,2,3,5,,2024-04-17 20:11
5541,554104,25,2022,18,2,,,,,,,1,7,1,,,,5,,2024-04-17 20:11
5543,554301,25,2022,52,6,2,762,2016m3,4,,2,2,8,1,1500,,2,3,,2024-04-17 20:11
5543,554303,25,2022,19,4,,,,,,,1,8,1,,,,3,,2024-04-17 20:11
5543,554304,25,2022,18,2,,,,,,,1,8,1,,,,3,,2024-04-17 20:11
5547,554703,25,2022,20,4,1,471,2020m1,2,521,1,1,14,2,56,2,2,4,,2024-04-17 20:11
5547,554704,25,2022,15,2,,,,,,,1,14,1,,,,4,,2024-04-17 20:11
5547,554705,25,2022,48,3,1,424,2018m1,1,783,1,2,14,1,300,1,3,4,,2024-04-17 20:11
5548,554802,25,2022,46,6,1,682,2021m2,1,312,1,2,15,2,276,1,2,3,,2024-04-17 20:11
5548,554804,25,2022,17,2,,,,,,,1,15,2,,,,4,,2024-04-17 20:11
5552,555202,25,2022,48,3,,,,,,,2,10,2,,,,4,,2024-04-17 20:11
5552,555203,25,2022,19,4,,,,,,,1,10,1,,,,3,,2024-04-17 20:11
5554,555401,25,2022,54,5,1,412,2010m9,1,753,1,2,7,1,650,1,2,4,,2024-04-17 20:11
5559,555904,25,2022,19,4,,,,,,,1,8,1,,,,5,,2024-04-17 20:11
5560,556002,25,2022,52,3,3,711,2011m6,5,330,2,2,8,1,,,3,2,,2024-04-17 20:11
5560,556003,25,2022,20,4,,,,,,,1,8,2,,,,3,,2024-04-17 20:11
5560,556004,25,2022,17,2,,,,,,,1,8,1,,,,3,,2024-04-17 20:11
5561,556101,25,2022,50,6,1,949,2009m1,1,248,1,2,13,1,150,1,1,4,,2024-04-17 20:11
5562,556202,25,2022,52,5,,,,,,,2,1,1,,,,5,,2024-04-17 20:11
5565,556502,25,2022,45,3,1,424,2013m5,3,783,1,3,12,2,252,2,2,5,,2024-04-17 20:11
5565,556503,25,2022,19,4,,,,,,,1,12,2,,,,4,,2024-04-17 20:11
5567,556701,25,2022,54,5,2,953,2022m3,4,312,2,2,2,1,800,,2,4,,2024-04-17 20:11
5567,556703,25,2022,20,4,,,,,,,1,2,2,,,,4,,2024-04-17 20:11
5567,556704,25,2022,18,2,,,,,,,1,2,1,,,,4,,2024-04-17 20:11
5568,556803,25,2022,20,4,,,,,,,1,5,2,,,,6,,2024-04-17 20:11
5568,556804,25,2022,17,2,,,,,,,1,5,2,,,,5,,2024-04-17 20:11
5569,556904,25,2022,57,3,1,241,2019m7,2,743,1,3,11,1,250,1,3,6,,2024-04-17 20:11
5572,557201,25,2022,50,5,2,474,2013m3,4,521,2,2,4,1,300,,3,4,,2024-04-17 20:11
5572,557203,25,2022,20,4,,,,,,,1,4,2,,,,4,,2024-04-17 20:11
5573,557304,25,2022,19,4,,,,,,,1,1,2,,,,4,,2024-04-17 20:11
5574,557401,25,2022,52,6,1,852,2018m3,1,252,1,2,10,1,300,2,3,3,,2024-04-17 20:11
5574,557403,25,2022,18,2,,,,,,,1,10,1,,,,3,,2024-04-17 20:11
5577,557702,25,2022,51,3,,,,,,,2,15,2,,,,4,,2024-04-17 20:11
5577,557703,25,2022,21,4,,,,,,,1,15,2,,,,5,,2024-04-17 20:11
5577,557704,25,2022,19,4,,,,,,,1,15,1,,,,4,,2024-04-17 20:11
5578,557802,25,2022,47,3,1,681,2009m2,2,312,1,3,19,2,450,2,3,4,,2024-04-17 20:11
5580,558003,25,2022,21,4,,,,,,,1,15,1,,,,5,,2024-04-17 20:11
5581,558102,25,2022,48,3,2,682,2016m8,4,274,2,2,5,2,330,,3,5,,2024-04-17 20:11
5581,558103,25,2022,21,4,,,,,,,1,5,1,,,,5,,2024-04-17 20:11
5581,558104,25,2022,19,4,,,,,,,1,5,2,,,,4,,2024-04-17 20:11
5582,558204,25,2022,22,3,1,682,2022m3,1,312,1,1,5,2,200,1,3,5,,2024-04-17 20:11
5582,558205,25,2022,18,2,,,,,,,1,5,2,,,,5,,2024-04-17 20:11
5584,558402,25,2022,52,6,1,949,2012m4,1,248,1,2,8,1,100,1,2,4,,2024-04-17 20:11
5584,558403,25,2022,22,4,1,562,2020m7,2,442,1,1,8,2,60,2,3,4,,2024-04-17 20:11
5584,558405,25,2022,83,2,,,,,,,3,8,2,,,,4,,2024-04-17 20:11
5586,558602,25,2022,51,6,,,,,,,2,8,2,,,,3,,2024-04-17 20:11
5586,558603,25,2022,20,4,,,,,,,1,8,1,,,,3,,2024-04-17 20:11
5587,558704,25,2022,17,2,,,,,,,1,8,1,,,,5,,2024-04-17 20:11
5591,559102,25,2022,45,3,1,682,2022m6,1,941,1,3,11,1,250,1,3,5,,2024-04-17 20:11
5592,559202,25,2022,51,6,1,492,2021m1,1,873,1,2,11,1,545,1,3,3,,2024-04-17 20:11
5592,559203,25,2022,21,4,,,,,,,1,11,2,,,,3,,2024-04-17 20:11
5592,559204,25,2022,20,5,,,,,,,1,11,2,,,,3,,2024-04-17 20:11
5597,559702,25,2022,53,4,2,562,2009m11,4,442,2,2,6,1,500,,2,4,,2024-04-17 20:11
5597,559703,25,2022,21,4,,,,,,,1,6,2,,,,3,,2024-04-17 20:11
5597,559704,25,2022,19,4,,,,,,,1,6,1,,,,4,,2024-04-17 20:11
5602,560203,25,2022,52,6,1,412,1998m4,1,231,1,2,8,1,420,1,2,3,,2024-04-17 20:11
5602,560204,25,2022,15,2,,,,,,,1,8,2,,,,4,,2024-04-17 20:11
10024,560302,25,2022,30,5,,,,,,,1,14,1,,,,4,,2024-04-17 20:11
5603,560303,25,2022,54,2,,,,,,,1,14,1,,,,4,,2024-04-17 20:11
5609,560903,25,2022,19,3,1,131,2022m3,1,274,1,1,1,2,200,1,2,4,,2024-04-17 20:11
5609,560904,25,2022,16,2,,,,,,,1,1,2,,,,4,,2024-04-17 20:11
5611,561102,25,2022,48,5,1,311,2017m1,1,783,1,2,2,1,380,1,3,3,,2024-04-17 20:11
5611,561103,25,2022,18,2,,,,,,,1,2,1,,,,3,,2024-04-17 20:11
5611,561104,25,2022,16,2,,,,,,,1,2,1,,,,3,,2024-04-17 20:11
5613,561302,25,2022,52,6,1,264,2020m5,1,274,1,2,1,1,350,1,4,4,,2024-04-17 20:11
5613,561303,25,2022,17,2,,,,,,,1,1,1,,,,4,,2024-04-17 20:11
5616,561603,25,2022,16,2,,,,,,,1,1,1,,,,4,,2024-04-17 20:11
5624,562402,25,2022,52,6,2,855,2018m6,4,254,2,2,1,1,500,,3,3,,2024-04-17 20:11
5624,562403,25,2022,21,4,,,,,,,1,1,1,,,,3,,2024-04-17 20:11
5624,562404,25,2022,19,4,,,,,,,1,1,2,,,,4,,2024-04-17 20:11
5624,562405,25,2022,16,2,,,,,,,1,1,2,,,,4,,2024-04-17 20:11
5625,562502,25,2022,51,5,1,421,2021m1,1,875,1,2,14,1,600,1,2,4,,2024-04-17 20:11
5625,562503,25,2022,22,4,,,,,,,1,14,1,,,,3,,2024-04-17 20:11
5625,562504,25,2022,18,2,,,,,,,1,14,2,,,,4,,2024-04-17 20:11
5626,562602,25,2022,51,3,,,,,,,2,8,2,,,,5,,2024-04-17 20:11
5626,562603,25,2022,19,3,,,,,,,1,8,2,,,,5,,2024-04-17 20:11
5627,562704,25,2022,47,5,1,862,2014m10,1,245,1,2,1,2,300,1,3,4,,2024-04-17 20:11
5630,563004,25,2022,15,2,,,,,,,1,1,1,,,,3,,2024-04-17 20:11
7513,563202,25,2022,56,3,1,284,2006m12,1,864,1,2,8,1,240,1,4,4,,2024-04-17 20:11
7513,563203,25,2022,20,4,1,561,2022m3,2,521,1,1,8,2,40,2,3,4,,2024-04-17 20:11
7513,563305,25,2022,16,2,,,,,,,1,8,2,,,,4,,2024-04-17 20:11
5634,563402,25,2022,51,6,1,949,2022m1,1,247,1,2,8,1,200,1,2,4,,2024-04-17 20:11
5634,563404,25,2022,17,2,,,,,,,1,8,1,,,,4,,2024-04-17 20:11
5634,563405,25,2022,15,2,,,,,,,1,8,2,,,,4,,2024-04-17 20:11
934,563503,25,2022,21,4,,,,,,,1,1,1,,,,5,,2024-04-17 20:11
934,563504,25,2022,18,2,,,,,,,1,1,2,,,,5,,2024-04-17 20:11
5638,563802,25,2022,53,5,1,463,1996m3,1,510,1,2,1,1,600,1,2,4,,2024-04-17 20:11
5645,564502,25,2022,48,5,,,,,,,2,8,2,,,,4,,2024-04-17 20:11
5645,564503,25,2022,21,4,,,,,,,1,8,2,,,,5,,2024-04-17 20:11
5645,564504,25,2022,16,2,,,,,,,1,8,1,,,,5,,2024-04-17 20:11
5648,564805,25,2022,21,4,,,,,,,1,8,2,,,,5,,2024-04-17 20:11
5650,565002,25,2022,54,5,1,204,2009m5,1,312,1,2,8,1,450,1,2,3,,2024-04-17 20:11
5650,565003,25,2022,21,4,,,,,,,1,8,1,,,,3,,2024-04-17 20:11
5650,565004,25,2022,18,2,,,,,,,1,8,2,,,,3,,2024-04-17 20:11
5654,565404,25,2022,15,2,,,,,,,1,11,1,,,,3,,2024-04-17 20:11
5660,566002,25,2022,54,6,1,466,1995m2,1,312,1,2,3,1,380,1,2,4,,2024-04-17 20:11
5660,566003,25,2022,19,2,,,,,,,1,3,2,,,,5,,2024-04-17 20:11
5662,566202,25,2022,44,6,1,423,2020m5,1,762,1,2,6,2,180,1,2,4,,2024-04-17 20:11
9259,566802,25,2022,78,2,,,,,,,2,8,1,,,,5,,2024-04-17 20:11
9259,566803,25,2022,76,2,,,,,,,2,8,2,,,,5,,2024-04-17 20:11
5673,567304,25,2022,22,4,,,,,,,1,1,2,,,,4,,2024-04-17 20:11
5682,568202,25,2022,45,3,,,,,,,2,8,2,,,,5,,2024-04-17 20:11
5683,568302,25,2022,45,3,1,872,2019m9,1,441,1,2,11,2,128,2,3,4,,2024-04-17 20:11
5684,568402,25,2022,46,6,1,851,2006m9,1,252,1,2,10,2,370,1,2,3,,2024-04-17 20:11
5684,568403,25,2022,19,4,,,,,,,1,10,2,,,,4,,2024-04-17 20:11
5684,568404,25,2022,15,2,,,,,,,1,10,2,,,,3,,2024-04-17 20:11
5686,568602,25,2022,48,3,2,451,2004m5,4,510,2,2,12,1,500,,3,3,,2024-04-17 20:11
5686,568603,25,2022,18,2,,,,,,,1,12,1,,,,3,,2024-04-17 20:11
5710,571002,25,2022,48,3,1,474,2018m6,1,521,1,2,8,2,250,1,3,4,,2024-04-17 20:11
5710,571003,25,2022,21,4,,,,,,,1,8,2,,,,4,,2024-04-17 20:11
5710,571004,25,2022,19,4,,,,,,,1,8,1,,,,4,,2024-04-17 20:11
5734,573403,25,2022,65,2,3,561,1995m3,5,441,2,3,3,2,,,3,5,,2024-04-17 20:11
5734,573404,25,2022,42,4,2,473,2014m6,4,531,2,2,3,2,100,,3,4,,2024-04-17 20:11
5742,574202,25,2022,58,3,1,969,2022m1,2,421,1,2,8,1,198,2,3,5,,2024-04-17 20:11
5751,575102,25,2022,46,3,1,181,2013m10,1,313,1,2,3,2,350,1,3,4,,2024-04-17 20:11
5753,575301,25,2022,51,5,1,682,2012m1,1,852,1,2,8,1,180,2,3,3,,2024-04-17 20:11
5753,575303,25,2022,20,4,,,,,,,1,8,2,,,,3,,2024-04-17 20:11
5753,575304,25,2022,15,2,,,,,,,1,8,2,,,,3,,2024-04-17 20:11
5754,575402,25,2022,51,6,1,620,2011m1,1,285,1,2,4,1,290,1,2,4,,2024-04-17 20:11
5754,575403,25,2022,19,4,,,,,,,1,4,1,,,,4,,2024-04-17 20:11
5754,575404,25,2022,16,2,,,,,,,1,4,1,,,,3,,2024-04-17 20:11
5756,575602,25,2022,53,3,2,493,2019m9,4,873,2,2,2,1,550,,3,4,,2024-04-17 20:11
5756,575603,25,2022,19,4,,,,,,,1,2,1,,,,4,,2024-04-17 20:11
5756,575604,25,2022,16,2,,,,,,,1,2,1,,,,3,,2024-04-17 20:11
5756,575606,25,2022,75,1,1,841,2020m12,2,,1,3,2,2,27,2,2,4,,2024-04-17 20:11
5758,575802,25,2022,48,6,1,841,2000m1,1,311,1,2,2,2,250,1,2,3,,2024-04-17 20:11
5758,575803,25,2022,19,4,1,969,2022m4,3,941,1,1,2,1,40,2,3,4,,2024-04-17 20:11
5758,575804,25,2022,16,2,,,,,,,1,2,1,,,,4,,2024-04-17 20:11
5761,576103,25,2022,20,4,,,,,,,1,5,1,,,,5,,2024-04-17 20:11
5761,576104,25,2022,17,2,,,,,,,1,5,2,,,,5,,2024-04-17 20:11
5761,576106,25,2022,51,3,1,423,2015m8,1,762,1,2,5,1,290,1,3,5,,2024-04-17 20:11
5762,576203,25,2022,54,3,2,561,2018m3,4,441,2,2,15,2,200,,3,5,,2024-04-17 20:11
5764,576402,25,2022,48,6,1,291,2020m7,1,313,1,2,2,2,180,1,2,4,,2024-04-17 20:11
5764,576403,25,2022,20,4,,,,,,,1,2,2,,,,3,,2024-04-17 20:11
10025,576405,25,2022,75,3,1,861,2016m6,1,243,1,3,2,2,260,2,2,5,,2024-04-17 20:11
5765,576501,25,2022,51,3,2,493,2022m9,4,873,2,2,11,1,500,,2,4,,2024-04-17 20:11
5765,576503,25,2022,19,4,,,,,,,1,11,2,,,,4,,2024-04-17 20:11
5765,576504,25,2022,16,2,,,,,,,1,11,1,,,,4,,2024-04-17 20:11
5766,576602,25,2022,44,6,1,872,2019m1,1,312,1,2,15,2,240,1,2,4,,2024-04-17 20:11
5766,576603,25,2022,19,4,1,471,2022m7,2,521,1,1,15,2,80,2,2,4,,2024-04-17 20:11
5766,576604,25,2022,16,2,,,,,,,1,15,1,,,,4,,2024-04-17 20:11
5767,576702,25,2022,50,6,1,843,1999m7,1,311,1,2,2,1,520,1,2,3,,2024-04-17 20:11
5767,576703,25,2022,19,3,,,,,,,1,2,2,,,,3,,2024-04-17 20:11
5767,576704,25,2022,15,2,,,,,,,1,2,2,,,,3,,2024-04-17 20:11
5768,576802,25,2022,54,3,1,303,2002m8,1,851,1,2,15,1,380,1,2,4,,2024-04-17 20:11
5768,576803,25,2022,18,2,,,,,,,1,15,2,,,,4,,2024-04-17 20:11
5770,577003,25,2022,20,3,,,,,,,1,15,1,,,,4,,2024-04-17 20:11
5770,577004,25,2022,18,2,,,,,,,1,15,2,,,,4,,2024-04-17 20:11
5772,577201,25,2022,44,3,1,477,2020m5,2,953,1,2,12,1,250,2,3,5,,2024-04-17 20:11
5772,577203,25,2022,20,4,,,,,,,1,12,1,,,,4,,2024-04-17 20:11
5773,577303,25,2022,20,3,,,,,,,1,16,2,,,,4,,2024-04-17 20:11
5773,577304,25,2022,15,2,,,,,,,1,16,2,,,,4,,2024-04-17 20:11
9933,577305,25,2022,37,3,2,961,2017m11,4,422,2,3,16,2,150,,4,5,,2024-04-17 20:11
5775,577502,25,2022,52,6,1,852,1996m3,1,252,1,2,8,2,500,1,2,3,,2024-04-17 20:11
5775,577503,25,2022,20,4,,,,,,,1,8,2,,,,3,,2024-04-17 20:11
5775,577504,25,2022,17,2,,,,,,,1,8,2,,,,3,,2024-04-17 20:11
5779,577902,25,2022,50,3,1,466,2010m4,1,312,1,2,8,1,285,1,3,4,,2024-04-17 20:11
5779,577903,25,2022,20,4,,,,,,,1,8,2,,,,4,,2024-04-17 20:11
5779,577904,25,2022,18,2,,,,,,,1,8,2,,,,4,,2024-04-17 20:11
5780,578002,25,2022,47,4,,,,,,,2,1,1,,,,3,,2024-04-17 20:11
5780,578003,25,2022,19,4,,,,,,,1,1,2,,,,3,,2024-04-17 20:11
5781,578102,25,2022,43,3,1,471,2016m8,1,953,1,2,11,2,200,2,2,4,,2024-04-17 20:11
5781,578103,25,2022,21,4,,,,,,,1,11,2,,,,4,,2024-04-17 20:11
5781,578104,25,2022,20,4,,,,,,,1,11,2,,,,4,,2024-04-17 20:11
5781,578105,25,2022,15,2,,,,,,,1,11,2,,,,3,,2024-04-17 20:11
5782,578202,25,2022,49,5,1,582,1999m4,1,222,1,2,1,1,500,1,3,4,,2024-04-17 20:11
5782,578203,25,2022,18,2,,,,,,,1,1,1,,,,4,,2024-04-17 20:11
5783,578302,25,2022,46,5,,,,,,,2,3,2,,,,5,,2024-04-17 20:11
5783,578303,25,2022,18,2,,,,,,,1,3,1,,,,4,,2024-04-17 20:11
5784,578404,25,2022,20,4,,,,,,,1,5,2,,,,4,,2024-04-17 20:11
5785,578502,25,2022,49,6,,,,,,,2,14,2,,,,3,,2024-04-17 20:11
5788,578802,25,2022,47,3,1,872,2021m1,1,441,1,2,1,2,182,1,3,3,,2024-04-17 20:11
5788,578803,25,2022,19,3,1,172,2021m7,1,312,1,1,1,2,210,1,3,5,,2024-04-17 20:11
5790,579002,25,2022,46,6,,,,,,,2,1,2,,,,4,,2024-04-17 20:11
5794,579402,25,2022,48,5,,,,,,,2,3,2,,,,4,,2024-04-17 20:11
5794,579403,25,2022,19,4,,,,,,,1,3,2,,,,4,,2024-04-17 20:11
5794,579404,25,2022,16,2,,,,,,,1,3,1,,,,4,,2024-04-17 20:11
5796,579602,25,2022,43,3,1,762,2021m1,2,,1,2,9,2,160,2,2,4,,2024-04-17 20:11
5796,579603,25,2022,19,4,,,,,,,1,9,1,,,,5,,2024-04-17 20:11
5796,579604,25,2022,18,2,,,,,,,1,9,2,,,,4,,2024-04-17 20:11
5799,579902,25,2022,50,6,1,261,1997m12,1,235,1,2,8,1,600,1,2,3,,2024-04-17 20:11
5799,579903,25,2022,19,2,,,,,,,1,8,2,,,,2,,2024-04-17 20:11
5800,580002,25,2022,49,6,1,856,2019m3,2,254,1,2,9,2,150,2,2,3,,2024-04-17 20:11
5801,580102,25,2022,43,3,,,,,,,2,8,2,,,,5,,2024-04-17 20:11
5801,580103,25,2022,18,4,,,,,,,1,8,2,,,,5,,2024-04-17 20:11
5808,580802,25,2022,49,6,1,252,2006m10,1,221,1,2,8,1,670,1,2,3,,2024-04-17 20:11
5809,580902,25,2022,45,6,1,351,2005m2,1,312,1,2,1,1,900,1,1,3,,2024-04-17 20:11
5809,580903,25,2022,15,2,,,,,,,1,1,2,,,,4,,2024-04-17 20:11
5810,581001,25,2022,51,6,1,853,2001m9,1,251,1,2,2,1,750,1,2,3,,2024-04-17 20:11
5810,581004,25,2022,17,2,,,,,,,1,2,2,,,,3,,2024-04-17 20:11
5811,581102,25,2022,47,3,1,31,2012m2,1,313,1,2,15,2,200,2,3,4,,2024-04-17 20:11
5811,581103,25,2022,21,4,,,,,,,1,15,1,,,,4,,2024-04-17 20:11
5811,581104,25,2022,17,2,,,,,,,1,15,2,,,,3,,2024-04-17 20:11
5812,581201,25,2022,50,6,1,265,2005m12,1,235,1,2,8,1,783,1,2,3,,2024-04-17 20:11
5812,581203,25,2022,19,4,,,,,,,1,8,2,,,,3,,2024-04-17 20:11
5817,581702,25,2022,45,5,1,969,2021m3,2,951,1,2,13,2,40,2,2,2,,2024-04-17 20:11
5817,581703,25,2022,18,2,,,,,,,1,13,2,,,,3,,2024-04-17 20:11
5818,581801,25,2022,46,6,2,862,2009m6,4,241,2,2,6,1,1000,,2,5,,2024-04-17 20:11
5818,581803,25,2022,20,4,,,,,,,1,6,1,,,,3,,2024-04-17 20:11
5818,581804,25,2022,17,2,,,,,,,1,6,2,,,,3,,2024-04-17 20:11
5819,581901,25,2022,48,5,1,424,2019m7,3,783,1,2,13,1,360,2,3,4,,2024-04-17 20:11
10385,581903,25,2022,20,3,1,120,2022m1,1,819,1,1,6,1,232,1,2,4,,2024-04-17 20:11
5819,581904,25,2022,18,2,,,,,,,1,13,2,,,,4,,2024-04-17 20:11
5820,582002,25,2022,42,3,1,471,2014m1,1,521,1,2,13,2,190,2,3,4,,2024-04-17 20:11
5820,582003,25,2022,23,4,,,,,,,1,13,1,,,,4,,2024-04-17 20:11
5820,582004,25,2022,16,2,,,,,,,1,13,1,,,,4,,2024-04-17 20:11
5822,582201,25,2022,50,3,2,426,2019m6,4,874,2,2,3,1,700,,2,4,,2024-04-17 20:11
5822,582203,25,2022,19,4,,,,,,,1,3,2,,,,4,,2024-04-17 20:11
5822,582204,25,2022,16,2,,,,,,,1,3,1,,,,4,,2024-04-17 20:11
5823,582304,25,2022,22,3,1,562,2020m1,2,442,1,1,14,2,109,2,3,4,,2024-04-17 20:11
5824,582402,25,2022,48,6,1,412,1999m10,1,312,1,2,1,1,800,1,3,4,,2024-04-17 20:11
5824,582403,25,2022,19,3,,,,,,,1,1,1,,,,5,,2024-04-17 20:11
5824,582404,25,2022,18,2,,,,,,,1,1,1,,,,5,,2024-04-17 20:11
5826,582602,25,2022,49,3,1,969,2019m7,3,421,1,2,4,2,120,2,3,4,,2024-04-17 20:11
5826,582604,25,2022,19,4,,,,,,,1,4,2,,,,4,,2024-04-17 20:11
5827,582701,25,2022,51,3,2,11,2008m2,4,611,2,2,11,1,83,,3,4,,2024-04-17 20:11
5827,582703,25,2022,21,3,1,521,2022m6,1,922,1,1,11,2,227,1,3,5,,2024-04-17 20:11
5827,582704,25,2022,19,4,,,,,,,1,11,2,,,,4,,2024-04-17 20:11
5827,582705,25,2022,16,2,,,,,,,1,11,1,,,,5,,2024-04-17 20:11
5829,582902,25,2022,48,3,1,862,2015m3,1,246,1,2,4,2,240,1,3,4,,2024-04-17 20:11
5829,582903,25,2022,19,4,,,,,,,1,4,2,,,,4,,2024-04-17 20:11
5834,583402,25,2022,45,5,2,132,2012m9,4,721,2,2,11,2,150,,3,4,,2024-04-17 20:11
5834,583403,25,2022,20,4,1,856,2021m8,2,254,1,1,11,2,100,2,3,3,,2024-04-17 20:11
5834,583404,25,2022,16,2,,,,,,,1,11,1,,,,3,,2024-04-17 20:11
5835,583504,25,2022,19,3,1,551,2022m1,1,441,1,1,2,1,200,1,3,5,,2024-04-17 20:11
5839,583903,25,2022,47,3,1,422,2016m12,1,236,1,2,1,1,420,1,2,4,,2024-04-17 20:11
5844,584402,25,2022,48,3,1,862,2019m1,1,246,1,2,8,2,,1,3,4,,2024-04-17 20:11
5844,584403,25,2022,19,3,,,,,,,1,8,2,,,,3,,2024-04-17 20:11
5844,584404,25,2022,15,2,,,,,,,1,8,2,,,,4,,2024-04-17 20:11
5849,584903,25,2022,19,3,1,961,2021m11,1,422,1,1,7,2,160,1,2,5,,2024-04-17 20:11
5850,585002,25,2022,48,4,1,204,2020m7,1,312,1,2,8,2,195,2,3,5,,2024-04-17 20:11
5850,585003,25,2022,19,3,,,,,,,1,8,2,,,,4,,2024-04-17 20:11
5850,585004,25,2022,15,2,,,,,,,1,8,2,,,,4,,2024-04-17 20:11
5851,585101,25,2022,51,6,1,857,2017m1,1,399,1,2,12,1,210,1,2,3,,2024-04-17 20:11
5851,585103,25,2022,16,2,,,,,,,1,12,1,,,,3,,2024-04-17 20:11
5861,586102,25,2022,49,3,,,,,,,2,1,2,,,,4,,2024-04-17 20:11
5861,586103,25,2022,20,4,,,,,,,1,1,1,,,,3,,2024-04-17 20:11
5861,586104,25,2022,16,2,,,,,,,1,1,1,,,,3,,2024-04-17 20:11
5863,586302,25,2022,46,5,2,751,2018m2,4,399,2,2,8,2,120,,3,5,,2024-04-17 20:11
5863,586303,25,2022,19,4,,,,,,,1,8,2,,,,5,,2024-04-17 20:11
5863,586304,25,2022,18,2,,,,,,,1,8,2,,,,4,,2024-04-17 20:11
5869,586902,25,2022,44,3,1,742,2021m9,3,941,1,2,1,2,100,2,3,5,,2024-04-17 20:11
5869,586903,25,2022,18,2,,,,,,,1,1,1,,,,5,,2024-04-17 20:11
5870,587002,25,2022,53,6,2,582,2012m4,4,223,2,2,1,1,500,,3,4,,2024-04-17 20:11
5870,587003,25,2022,19,4,,,,,,,1,1,1,,,,4,,2024-04-17 20:11
5872,587202,25,2022,46,5,1,464,2015m1,1,521,1,2,1,1,380,1,3,4,,2024-04-17 20:11
5872,587203,25,2022,20,4,,,,,,,1,1,2,,,,4,,2024-04-17 20:11
5872,587204,25,2022,18,2,,,,,,,1,1,1,,,,4,,2024-04-17 20:11
5876,587602,25,2022,20,5,,,,,,,1,5,1,,,,4,,2024-04-17 20:11
5876,587603,25,2022,54,3,2,969,2003m4,4,873,2,2,5,1,250,,3,4,,2024-04-17 20:11
5880,588003,25,2022,47,2,1,561,2015m6,1,952,1,2,1,2,220,2,3,5,,2024-04-17 20:11
5881,588102,25,2022,52,5,1,862,2015m2,2,245,1,2,8,2,225,2,3,4,,2024-04-17 20:11
5881,588103,25,2022,22,4,,,,,,,1,8,2,,,,5,,2024-04-17 20:11
5881,588104,25,2022,20,4,,,,,,,1,8,2,,,,5,,2024-04-17 20:11
5882,588202,25,2022,51,6,,,,,,,2,8,2,,,,3,,2024-04-17 20:11
5882,588203,25,2022,19,3,,,,,,,1,8,1,,,,3,,2024-04-17 20:11
5882,588204,25,2022,16,2,,,,,,,1,8,1,,,,3,,2024-04-17 20:11
5887,588702,25,2022,44,3,2,651,2012m6,4,510,2,2,2,2,100,,3,4,,2024-04-17 20:11
5887,588703,25,2022,20,4,,,,,,,1,2,1,,,,5,,2024-04-17 20:11
5887,588704,25,2022,15,2,,,,,,,1,2,1,,,,5,,2024-04-17 20:11
5891,589102,25,2022,51,6,1,103,2000m11,1,312,1,2,3,1,340,1,3,4,,2024-04-17 20:11
5891,589103,25,2022,16,2,,,,,,,1,3,2,,,,4,,2024-04-17 20:11
5897,589702,25,2022,44,3,1,493,2022m6,1,873,1,2,3,1,250,1,3,4,,2024-04-17 20:11
5897,589703,25,2022,21,4,,,,,,,1,3,1,,,,4,,2024-04-17 20:11
5897,589704,25,2022,17,2,,,,,,,1,3,2,,,,4,,2024-04-17 20:11
5897,589705,25,2022,77,2,,,,,,,3,3,2,,,,4,,2024-04-17 20:11
5906,590602,25,2022,53,6,1,292,1996m9,1,313,1,2,5,1,480,1,2,3,,2024-04-17 20:11
5906,590603,25,2022,20,3,,,,,,,1,5,1,,,,3,,2024-04-17 20:11
5907,590703,25,2022,57,3,1,561,2000m1,3,442,1,2,5,2,158,2,3,5,,2024-04-17 20:11
5909,590902,25,2022,48,3,1,411,2021m12,2,762,1,2,5,1,326,2,3,4,,2024-04-17 20:11
5909,590903,25,2022,19,3,,,,,,,1,5,1,,,,4,,2024-04-17 20:11
5909,590904,25,2022,18,2,,,,,,,1,5,1,,,,4,,2024-04-17 20:11
5910,591003,25,2022,19,4,,,,,,,1,5,2,,,,5,,2024-04-17 20:11
5910,591004,25,2022,15,2,,,,,,,1,5,1,,,,6,,2024-04-17 20:11
8090,591302,25,2022,50,4,1,221,2008m3,1,832,1,2,6,1,416,1,4,4,,2024-04-17 20:11
5917,591702,25,2022,98,1,,,,,,,3,8,2,,,,6,,2024-04-17 20:11
5918,591802,25,2022,49,4,2,493,2012m9,4,875,2,2,8,1,600,,2,4,,2024-04-17 20:11
5926,592602,25,2022,52,5,,,,,,,2,8,2,,,,4,,2024-04-17 20:11
5926,592603,25,2022,20,4,,,,,,,1,8,2,,,,5,,2024-04-17 20:11
5926,592604,25,2022,17,2,,,,,,,1,8,1,,,,4,,2024-04-17 20:11
5928,592802,25,2022,47,2,,,,,,,2,5,2,,,,5,,2024-04-17 20:11
5930,593002,25,2022,47,3,1,382,2004m12,1,941,1,2,8,1,400,1,3,4,,2024-04-17 20:11
5930,593003,25,2022,18,2,,,,,,,1,8,1,,,,4,,2024-04-17 20:11
5930,593004,25,2022,15,2,,,,,,,1,8,1,,,,4,,2024-04-17 20:11
5931,593104,25,2022,92,2,,,,,,,3,11,2,,,,5,,2024-04-17 20:11
5933,593302,25,2022,44,3,1,261,2006m3,1,864,1,2,8,1,400,1,2,4,,2024-04-17 20:11
5934,593402,25,2022,51,3,2,479,,4,521,2,2,8,2,100,,4,4,,2024-04-17 20:11
5934,593403,25,2022,19,4,1,471,2022m3,2,521,1,1,8,2,40,2,3,4,,2024-04-17 20:11
5934,593404,25,2022,15,2,,,,,,,1,8,1,,,,4,,2024-04-17 20:11
5935,593502,25,2022,47,5,1,464,2020m10,1,510,1,2,1,2,600,1,3,3,,2024-04-17 20:11
5935,593503,25,2022,19,3,,,,,,,1,1,2,,,,3,,2024-04-17 20:11
5935,593504,25,2022,17,2,,,,,,,1,1,2,,,,3,,2024-04-17 20:11
5936,593603,25,2022,20,4,,,,,,,1,8,2,,,,3,,2024-04-17 20:11
5936,593604,25,2022,17,2,,,,,,,1,8,1,,,,3,,2024-04-17 20:11
5937,593702,25,2022,42,5,1,478,2001m6,1,521,1,2,1,2,300,1,3,4,,2024-04-17 20:11
5952,595202,25,2022,48,3,1,641,1992m8,1,320,1,2,12,2,500,1,2,4,,2024-04-17 20:11
5952,595203,25,2022,18,2,,,,,,,1,12,1,,,,3,,2024-04-17 20:11
5952,595204,25,2022,16,2,,,,,,,1,12,2,,,,3,,2024-04-17 20:11
5954,595403,25,2022,47,6,1,844,1999m12,1,411,1,2,8,1,570,1,2,4,,2024-04-17 20:11
5956,595602,25,2022,49,6,1,855,2019m8,1,312,1,2,8,2,200,1,3,3,,2024-04-17 20:11
5956,595603,25,2022,22,4,,,,,,,1,8,2,,,,3,,2024-04-17 20:11
5956,595604,25,2022,19,3,,,,,,,1,8,2,,,,3,,2024-04-17 20:11
5957,595702,25,2022,48,6,1,842,2000m3,1,311,1,2,5,1,668,1,2,3,,2024-04-17 20:11
5957,595703,25,2022,20,4,1,855,2021m1,2,254,1,1,5,2,149,2,2,3,,2024-04-17 20:11
5958,595802,25,2022,55,3,2,11,2021m6,4,611,2,2,14,1,100,,3,5,,2024-04-17 20:11
5958,595804,25,2022,28,6,1,107,2019m12,1,312,1,1,14,1,260,1,3,5,,2024-04-17 20:11
5960,596002,25,2022,43,5,1,492,2011m8,1,313,1,2,1,2,350,1,2,4,,2024-04-17 20:11
5960,596003,25,2022,19,3,,,,,,,1,1,1,,,,4,,2024-04-17 20:11
5960,596004,25,2022,16,2,,,,,,,1,1,2,,,,4,,2024-04-17 20:11
5961,596102,25,2022,51,3,2,969,2004m1,4,823,2,2,12,1,120,,3,4,,2024-04-17 20:11
5961,596103,25,2022,20,4,,,,,,,1,12,2,,,,4,,2024-04-17 20:11
5963,596302,25,2022,56,3,2,952,2000m2,4,751,2,2,1,1,800,,3,4,,2024-04-17 20:11
5963,596303,25,2022,19,4,1,561,2021m12,3,442,1,1,1,1,58,2,3,4,,2024-04-17 20:11
5963,596304,25,2022,18,2,,,,,,,1,1,1,,,,4,,2024-04-17 20:11
5963,596305,25,2022,16,2,,,,,,,1,1,2,,,,3,,2024-04-17 20:11
5967,596702,25,2022,45,3,1,411,2020m5,2,874,1,2,8,1,1000,2,2,3,,2024-04-17 20:11
5967,596703,25,2022,20,4,,,,,,,1,8,2,,,,3,,2024-04-17 20:11
5967,596704,25,2022,17,2,,,,,,,1,8,2,,,,3,,2024-04-17 20:11
5970,597002,25,2022,45,6,1,582,2007m1,1,224,1,2,8,1,550,1,2,4,,2024-04-17 20:11
5970,597003,25,2022,15,2,,,,,,,1,8,1,,,,4,,2024-04-17 20:11
5972,597202,25,2022,43,3,3,742,2022m1,5,941,2,2,5,1,,,3,5,,2024-04-17 20:11
5972,597203,25,2022,18,2,,,,,,,1,5,2,,,,5,,2024-04-17 20:11
5972,597204,25,2022,15,2,,,,,,,1,5,2,,,,4,,2024-04-17 20:11
5980,598003,25,2022,61,3,3,561,2007m10,5,521,2,2,8,1,,,3,5,,2024-04-17 20:11
5980,598004,25,2022,18,2,,,,,,,1,8,2,,,,5,,2024-04-17 20:11
5980,598005,25,2022,18,2,,,,,,,1,8,1,,,,5,,2024-04-17 20:11
5981,598102,25,2022,53,6,1,872,2018m10,1,247,1,2,8,1,345,1,3,4,,2024-04-17 20:11
5981,598103,25,2022,19,4,,,,,,,1,8,1,,,,4,,2024-04-17 20:11
5981,598104,25,2022,17,2,,,,,,,1,8,1,,,,5,,2024-04-17 20:11
5984,598402,25,2022,47,5,2,872,2011m2,4,247,2,2,8,2,330,,2,3,,2024-04-17 20:11
5984,598403,25,2022,18,2,,,,,,,1,8,1,,,,4,,2024-04-17 20:11
5984,598404,25,2022,16,2,,,,,,,1,8,1,,,,3,,2024-04-17 20:11
5991,599102,25,2022,50,5,2,582,2007m1,4,223,2,2,8,1,450,,3,4,,2024-04-17 20:11
5991,599103,25,2022,18,2,,,,,,,1,8,2,,,,4,,2024-04-17 20:11
5993,599302,25,2022,49,5,1,101,2019m9,1,312,1,2,8,1,550,1,2,4,,2024-04-17 20:11
5993,599303,25,2022,19,3,,,,,,,1,8,1,,,,4,,2024-04-17 20:11
5993,599304,25,2022,17,2,,,,,,,1,8,2,,,,3,,2024-04-17 20:11
5995,599502,25,2022,52,4,1,949,2011m12,1,312,1,2,5,1,350,2,2,4,,2024-04-17 20:11
5995,599503,25,2022,18,2,,,,,,,1,5,2,,,,4,,2024-04-17 20:11
5995,599504,25,2022,16,2,,,,,,,1,5,1,,,,5,,2024-04-17 20:11
5996,599602,25,2022,47,6,,,,,,,2,1,2,,,,3,,2024-04-17 20:11
5997,599703,25,2022,20,4,,,,,,,1,8,2,,,,5,,2024-04-17 20:11
5997,599704,25,2022,17,2,,,,,,,1,8,1,,,,5,,2024-04-17 20:11
6000,600002,25,2022,50,3,1,561,2022m6,3,442,1,2,1,2,100,2,3,4,,2024-04-17 20:11
6004,600402,25,2022,46,5,1,712,2007m11,1,313,1,2,5,2,324,1,3,4,,2024-04-17 20:11
6004,600403,25,2022,17,2,,,,,,,1,5,2,,,,3,,2024-04-17 20:11
6007,600702,25,2022,46,6,,,,,,,2,1,2,,,,3,,2024-04-17 20:11
6007,600703,25,2022,17,2,,,,,,,1,1,1,,,,3,,2024-04-17 20:11
6008,600802,25,2022,47,6,,,,,,,2,1,2,,,,4,,2024-04-17 20:11
6008,600803,25,2022,16,2,,,,,,,1,1,1,,,,4,,2024-04-17 20:11
6011,601103,25,2022,65,6,1,422,2020m3,1,121,1,1,8,1,400,1,2,2,,2024-04-17 20:11
6017,601702,25,2022,45,3,,,,,,,2,8,2,,,,4,,2024-04-17 20:11
6017,601703,25,2022,15,2,,,,,,,1,8,2,,,,5,,2024-04-17 20:11
6019,601902,25,2022,44,3,,,,,,,2,8,2,,,,4,,2024-04-17 20:11
6019,601903,25,2022,17,2,,,,,,,1,8,2,,,,5,,2024-04-17 20:11
6019,601904,25,2022,15,2,,,,,,,1,8,1,,,,5,,2024-04-17 20:11
6020,602002,25,2022,48,3,2,162,2005m1,4,832,2,2,8,1,450,,3,5,,2024-04-17 20:11
6020,602003,25,2022,18,2,,,,,,,1,8,2,,,,5,,2024-04-17 20:11
6021,602102,25,2022,52,3,2,32,2001m6,4,630,2,2,8,1,400,,3,5,,2024-04-17 20:11
6021,602103,25,2022,21,4,,,,,,,1,8,1,,,,5,,2024-04-17 20:11
6023,602302,25,2022,47,6,,,,,,,2,1,2,,,,4,,2024-04-17 20:11
6023,602303,25,2022,19,4,,,,,,,1,1,2,,,,4,,2024-04-17 20:11
6023,602304,25,2022,17,2,,,,,,,1,1,2,,,,4,,2024-04-17 20:11
6027,602702,25,2022,46,6,1,265,2013m3,1,247,1,2,8,2,1000,1,2,3,,2024-04-17 20:11
6027,602703,25,2022,15,2,,,,,,,1,8,1,,,,3,,2024-04-17 20:11
6029,602902,25,2022,49,6,1,582,2000m3,1,224,1,2,1,2,260,1,3,4,,2024-04-17 20:11
6029,602903,25,2022,17,2,,,,,,,1,1,2,,,,4,,2024-04-17 20:11
9340,603202,25,2022,50,3,1,529,2006m3,1,875,1,3,8,1,280,1,3,5,,2024-04-17 20:11
6032,603203,25,2022,23,3,1,222,2020m10,1,285,1,1,5,2,215,1,3,5,,2024-04-17 20:11
6033,603302,25,2022,44,5,1,872,2018m1,1,247,1,2,8,2,200,1,2,3,,2024-04-17 20:11
6033,603303,25,2022,15,2,,,,,,,1,8,1,,,,3,,2024-04-17 20:11
6033,603304,25,2022,15,2,,,,,,,1,8,1,,,,3,,2024-04-17 20:11
6035,603502,25,2022,49,6,2,479,2019m12,4,531,2,3,1,1,400,,2,3,,2024-04-17 20:11
6035,603503,25,2022,19,3,,,,,,,1,1,1,,,,3,,2024-04-17 20:11
6035,603504,25,2022,15,2,,,,,,,1,1,2,,,,3,,2024-04-17 20:11
6040,604002,25,2022,44,6,1,701,2021m6,1,131,1,2,8,1,720,1,2,3,,2024-04-17 20:11
6040,604003,25,2022,17,2,,,,,,,1,8,1,,,,4,,2024-04-17 20:11
1596,604102,25,2022,17,2,,,,,,,1,15,1,,,,5,,2024-04-17 20:11
10189,604103,25,2022,56,5,1,969,2022m4,2,873,1,3,11,1,248,2,3,5,,2024-04-17 20:11
6046,604602,25,2022,43,5,1,303,2006m4,1,235,1,2,5,1,600,1,3,4,,2024-04-17 20:11
6046,604603,25,2022,18,2,,,,,,,1,5,2,,,,4,,2024-04-17 20:11
6049,604902,25,2022,48,6,1,466,2002m11,1,312,1,2,1,1,310,1,2,4,,2024-04-17 20:11
6049,604903,25,2022,17,2,,,,,,,1,1,1,,,,4,,2024-04-17 20:11
6053,605302,25,2022,50,3,2,759,2016m11,4,922,2,2,8,1,700,,2,5,,2024-04-17 20:11
6053,605303,25,2022,18,2,,,,,,,1,8,2,,,,5,,2024-04-17 20:11
6053,605304,25,2022,16,2,,,,,,,1,8,1,,,,5,,2024-04-17 20:11
2382,605502,25,2022,51,6,2,466,2012m1,4,510,2,2,5,1,300,,3,4,,2024-04-17 20:11
2382,605503,25,2022,20,4,,,,,,,1,5,1,,,,4,,2024-04-17 20:11
2382,605504,25,2022,18,2,,,,,,,1,5,1,,,,4,,2024-04-17 20:11
6056,605602,25,2022,48,6,1,712,2002m11,1,271,1,2,1,1,900,1,2,3,,2024-04-17 20:11
6056,605603,25,2022,18,2,,,,,,,1,1,1,,,,3,,2024-04-17 20:11
6056,605604,25,2022,15,2,,,,,,,1,1,1,,,,4,,2024-04-17 20:11
6058,605802,25,2022,45,6,1,641,2000m11,1,320,1,2,1,2,660,1,2,3,,2024-04-17 20:11
6058,605803,25,2022,18,2,,,,,,,1,1,1,,,,3,,2024-04-17 20:11
6059,605902,25,2022,49,3,2,561,2021m6,4,441,2,2,5,1,500,,2,3,,2024-04-17 20:11
6059,605903,25,2022,21,4,,,,,,,1,5,1,,,,3,,2024-04-17 20:11
6059,605904,25,2022,19,4,,,,,,,1,5,2,,,,3,,2024-04-17 20:11
6060,606002,25,2022,52,5,1,729,1995m3,1,231,1,2,15,1,700,1,2,4,,2024-04-17 20:11
6060,606003,25,2022,15,2,,,,,,,1,15,1,,,,4,,2024-04-17 20:11
6060,606004,25,2022,77,2,,,,,,,3,15,2,,,,3,,2024-04-17 20:11
6061,606102,25,2022,42,3,,,,,,,2,15,2,,,,4,,2024-04-17 20:11
6061,606103,25,2022,18,2,,,,,,,1,15,1,,,,4,,2024-04-17 20:11
6062,606203,25,2022,50,3,1,682,2021m5,1,274,1,2,4,2,150,1,2,4,,2024-04-17 20:11
9160,606302,25,2022,45,3,2,562,2017m3,4,442,2,3,7,2,300,,3,6,,2024-04-17 20:11
9160,606303,25,2022,19,4,,,,,,,1,7,2,,,,6,,2024-04-17 20:11
6063,606305,25,2022,45,3,,,,,,,2,7,2,,,,5,,2024-04-17 20:11
6064,606404,25,2022,41,5,1,729,2018m12,1,799,1,3,11,2,220,1,3,4,,2024-04-17 20:11
6065,606502,25,2022,49,4,1,861,2016m9,2,246,1,3,4,2,250,2,2,4,,2024-04-17 20:11
6065,606503,25,2022,20,4,1,861,2021m7,2,,1,1,4,2,80,2,3,4,,2024-04-17 20:11
6065,606504,25,2022,18,2,,,,,,,1,4,1,,,,5,,2024-04-17 20:11
6066,606602,25,2022,45,6,,,,,,,2,3,2,,,,3,,2024-04-17 20:11
6066,606603,25,2022,18,2,,,,,,,1,3,1,,,,3,,2024-04-17 20:11
6066,606604,25,2022,16,2,,,,,,,1,3,2,,,,3,,2024-04-17 20:11
6068,606802,25,2022,49,5,1,844,1999m7,1,411,1,2,3,1,550,1,3,4,,2024-04-17 20:11
6068,606803,25,2022,18,2,,,,,,,1,3,1,,,,4,,2024-04-17 20:11
6068,606804,25,2022,16,2,,,,,,,1,3,1,,,,4,,2024-04-17 20:11
6069,606902,25,2022,47,3,2,493,2014m9,4,875,2,2,11,1,300,,3,5,,2024-04-17 20:11
6069,606903,25,2022,18,2,,,,,,,1,11,1,,,,5,,2024-04-17 20:11
6070,607002,25,2022,49,6,1,651,1999m1,1,312,1,2,10,1,700,1,2,3,,2024-04-17 20:11
6070,607003,25,2022,19,4,,,,,,,1,10,2,,,,3,,2024-04-17 20:11
6070,607004,25,2022,18,2,,,,,,,1,10,2,,,,2,,2024-04-17 20:11
6071,607102,25,2022,43,3,2,561,2018m7,4,441,2,2,10,1,450,,3,4,,2024-04-17 20:11
6071,607103,25,2022,18,2,,,,,,,1,10,1,,,,4,,2024-04-17 20:11
6071,607104,25,2022,16,2,,,,,,,1,10,2,,,,4,,2024-04-17 20:11
6075,607502,25,2022,46,5,1,732,2004m3,1,273,1,2,15,2,390,1,2,4,,2024-04-17 20:11
6075,607503,25,2022,17,2,,,,,,,1,15,1,,,,4,,2024-04-17 20:11
6076,607602,25,2022,51,3,,,,,,,2,15,2,,,,5,,2024-04-17 20:11
6076,607603,25,2022,19,4,,,,,,,1,15,2,,,,4,,2024-04-17 20:11
6076,607604,25,2022,17,2,,,,,,,1,15,1,,,,4,,2024-04-17 20:11
6078,607804,25,2022,66,6,,,,,,,2,8,1,,,,3,,2024-04-17 20:11
6081,608102,25,2022,50,5,1,851,2021m9,2,,1,2,3,2,60,2,3,4,,2024-04-17 20:11
6081,608103,25,2022,18,2,,,,,,,1,3,2,,,,4,,2024-04-17 20:11
6083,608302,25,2022,51,6,1,862,2019m4,1,313,1,2,11,2,197,2,2,4,,2024-04-17 20:11
6084,608402,25,2022,49,3,,,,,,,2,4,2,,,,4,,2024-04-17 20:11
6084,608403,25,2022,18,2,,,,,,,1,4,2,,,,4,,2024-04-17 20:11
6086,608602,25,2022,49,6,1,222,2016m1,1,312,1,2,10,1,420,1,2,4,,2024-04-17 20:11
6086,608603,25,2022,18,2,,,,,,,1,10,1,,,,3,,2024-04-17 20:11
6089,608902,25,2022,49,5,2,521,2019m1,4,873,2,2,19,1,850,,2,4,,2024-04-17 20:11
6089,608903,25,2022,15,2,,,,,,,1,19,1,,,,3,,2024-04-17 20:11
6089,608904,25,2022,15,2,,,,,,,1,19,2,,,,3,,2024-04-17 20:11
6090,609002,25,2022,42,6,1,411,2013m8,1,312,1,2,4,1,400,1,3,5,,2024-04-17 20:11
6095,609502,25,2022,50,3,1,961,2005m3,1,422,1,2,3,2,180,1,2,5,,2024-04-17 20:11
6095,609504,25,2022,18,2,,,,,,,1,3,2,,,,5,,2024-04-17 20:11
9094,609603,25,2022,19,4,,,,,,,1,3,2,,,,4,,2024-04-17 20:11
6097,609702,25,2022,49,6,,,,,,,2,14,2,,,,4,,2024-04-17 20:11
6097,609703,25,2022,19,4,,,,,,,1,14,1,,,,3,,2024-04-17 20:11
6100,610003,25,2022,30,4,2,969,2022m2,4,429,2,1,14,1,160,,3,4,,2024-04-17 20:11
6104,610402,25,2022,48,6,2,562,2016m12,4,441,2,2,15,1,500,,2,4,,2024-04-17 20:11
6104,610403,25,2022,17,2,,,,,,,1,15,2,,,,3,,2024-04-17 20:11
6106,610602,25,2022,54,3,1,651,2020m6,1,510,1,2,15,1,250,1,3,4,,2024-04-17 20:11
6106,610603,25,2022,16,2,,,,,,,1,15,2,,,,4,,2024-04-17 20:11
6107,610702,25,2022,48,6,1,491,2005m3,1,752,1,2,15,1,400,1,2,4,,2024-04-17 20:11
6109,610902,25,2022,53,3,1,291,2022m1,1,851,1,2,2,1,500,1,3,4,,2024-04-17 20:11
6109,610903,25,2022,19,4,1,562,2022m6,2,441,1,1,2,1,80,2,2,5,,2024-04-17 20:11
6109,610904,25,2022,17,2,,,,,,,1,2,2,,,,5,,2024-04-17 20:11
6111,611102,25,2022,46,6,1,855,2020m1,2,254,1,2,7,2,150,2,3,6,,2024-04-17 20:11
6111,611103,25,2022,15,2,,,,,,,1,7,2,,,,6,,2024-04-17 20:11
6112,611202,25,2022,45,5,,,,,,,2,8,2,,,,3,,2024-04-17 20:11
6112,611203,25,2022,16,2,,,,,,,1,8,1,,,,3,,2024-04-17 20:11
6113,611302,25,2022,42,3,1,961,2015m12,1,422,1,2,13,1,250,1,2,4,,2024-04-17 20:11
6113,611303,25,2022,15,2,,,,,,,1,13,1,,,,3,,2024-04-17 20:11
6114,611402,25,2022,50,6,2,953,2020m1,4,761,2,2,3,1,430,,2,4,,2024-04-17 20:11
6114,611403,25,2022,18,2,,,,,,,1,3,1,,,,4,,2024-04-17 20:11
6117,611702,25,2022,51,5,2,465,2004m9,4,274,2,2,3,1,400,,3,4,,2024-04-17 20:11
6117,611703,25,2022,20,4,,,,,,,1,3,2,,,,4,,2024-04-17 20:11
6117,611704,25,2022,18,2,,,,,,,1,3,1,,,,3,,2024-04-17 20:11
6118,611802,25,2022,53,6,2,862,2011m1,4,241,2,2,12,1,1000,,2,4,,2024-04-17 20:11
6118,611803,25,2022,19,3,,,,,,,1,12,1,,,,4,,2024-04-17 20:11
6118,611804,25,2022,17,2,,,,,,,1,12,2,,,,4,,2024-04-17 20:11
6118,611805,25,2022,15,2,,,,,,,1,12,1,,,,4,,2024-04-17 20:11
6119,611902,25,2022,49,5,2,855,2001m10,4,254,2,2,12,2,100,,4,5,,2024-04-17 20:11
6119,611903,25,2022,19,4,,,,,,,1,12,1,,,,4,,2024-04-17 20:11
6119,611904,25,2022,17,2,,,,,,,1,12,2,,,,4,,2024-04-17 20:11
6124,612402,25,2022,43,6,1,471,2010m12,1,313,1,2,15,1,380,1,2,4,,2024-04-17 20:11
6125,612502,25,2022,41,5,1,861,2021m11,2,247,1,2,8,2,330,2,3,4,,2024-04-17 20:11
6127,612702,25,2022,66,3,1,412,2011m10,1,743,1,2,8,1,340,2,2,4,,2024-04-17 20:11
6127,612703,25,2022,62,3,,,,,,,2,8,2,,,,4,,2024-04-17 20:11
8969,612704,25,2022,36,4,1,339,2020m4,1,730,1,2,8,1,340,1,3,5,,2024-04-17 20:11
10386,612706,25,2022,34,3,3,476,2022m1,5,521,2,2,7,2,,,3,4,,2024-04-17 20:11
10386,612708,25,2022,46,4,2,476,2022m1,4,521,2,2,7,1,400,,3,4,,2024-04-17 20:11
6128,612803,25,2022,77,2,,,,,,,3,1,1,,,,5,,2024-04-17 20:11
6130,613002,25,2022,52,5,1,952,2012m3,1,752,1,2,2,1,325,1,3,4,,2024-04-17 20:11
6130,613003,25,2022,19,2,,,,,,,1,2,2,,,,4,,2024-04-17 20:11
6130,613004,25,2022,16,2,,,,,,,1,2,1,,,,4,,2024-04-17 20:11
6131,613102,25,2022,46,3,1,259,2020m1,1,851,1,2,4,1,325,1,2,4,,2024-04-17 20:11
6131,613103,25,2022,19,4,,,,,,,1,4,1,,,,4,,2024-04-17 20:11
6131,613104,25,2022,17,2,,,,,,,1,4,1,,,,4,,2024-04-17 20:11
6133,613302,25,2022,49,6,,,,,,,2,8,1,,,,6,,2024-04-17 20:11
6135,613502,25,2022,47,3,1,464,2015m5,1,312,1,2,14,1,380,1,3,4,,2024-04-17 20:11
6156,615602,25,2022,42,3,,,,,,,2,8,2,,,,4,,2024-04-17 20:11
6156,615603,25,2022,18,2,,,,,,,1,8,1,,,,4,,2024-04-17 20:11
6156,615604,25,2022,16,2,,,,,,,1,8,2,,,,5,,2024-04-17 20:11
6162,616202,25,2022,47,6,,,,,,,2,1,2,,,,4,,2024-04-17 20:11
6162,616203,25,2022,16,2,,,,,,,1,1,1,,,,4,,2024-04-17 20:11
6182,618202,25,2022,45,5,,,,,,,2,2,2,,,,4,,2024-04-17 20:11
6182,618203,25,2022,19,4,,,,,,,1,2,2,,,,4,,2024-04-17 20:11
6185,618502,25,2022,42,6,1,471,2021m2,2,254,1,2,19,2,70,2,3,3,,2024-04-17 20:11
6186,618602,25,2022,47,6,,,,,,,2,8,2,,,,3,,2024-04-17 20:11
6186,618603,25,2022,19,4,,,,,,,1,8,2,,,,3,,2024-04-17 20:11
6186,618604,25,2022,17,2,,,,,,,1,8,2,,,,3,,2024-04-17 20:11
6188,618802,25,2022,51,5,,,,,,,2,3,2,,,,4,,2024-04-17 20:11
6188,618803,25,2022,18,2,,,,,,,1,3,1,,,,4,,2024-04-17 20:11
6191,619102,25,2022,56,6,,,,,,,2,3,2,,,,3,,2024-04-17 20:11
6192,619202,25,2022,49,3,1,872,2020m3,2,,1,2,8,2,85,2,2,4,,2024-04-17 20:11
6192,619203,25,2022,19,4,,,,,,,1,8,2,,,,4,,2024-04-17 20:11
6192,619204,25,2022,15,2,,,,,,,1,8,2,,,,4,,2024-04-17 20:11
6197,619702,25,2022,52,6,1,411,2022m3,1,312,1,2,10,1,300,1,3,4,,2024-04-17 20:11
6197,619703,25,2022,17,2,,,,,,,1,10,2,,,,4,,2024-04-17 20:11
6205,620502,25,2022,49,6,1,259,2011m10,1,312,1,3,8,1,530,1,2,4,,2024-04-17 20:11
6206,620602,25,2022,42,6,,,,,,,2,8,2,,,,3,,2024-04-17 20:11
6209,620902,25,2022,43,6,,,,,,,2,11,2,,,,4,,2024-04-17 20:11
6211,621102,25,2022,46,6,2,467,2020m7,4,312,2,2,8,2,100,,3,3,,2024-04-17 20:11
6217,621702,25,2022,45,3,,,,,,,2,8,2,,,,3,,2024-04-17 20:11
6217,621703,25,2022,21,4,,,,,,,1,8,2,,,,4,,2024-04-17 20:11
6222,622202,25,2022,48,3,1,861,2021m8,1,246,1,2,1,2,200,1,3,5,,2024-04-17 20:11
6222,622203,25,2022,16,2,,,,,,,1,1,2,,,,5,,2024-04-17 20:11
6223,622303,25,2022,47,3,,,,,,,2,8,2,,,,5,,2024-04-17 20:11
6223,622304,25,2022,16,2,,,,,,,1,8,2,,,,5,,2024-04-17 20:11
6224,622402,25,2022,65,2,,,,,,,2,10,2,,,,4,,2024-04-17 20:11
10387,622605,25,2022,48,2,2,467,2020m4,4,941,2,2,11,1,100,,3,5,,2024-04-17 20:11
6226,622606,25,2022,78,2,2,11,1973m3,4,611,2,2,11,1,250,,3,4,,2024-04-17 20:11
6226,622607,25,2022,75,2,3,11,1973m3,5,611,2,2,11,2,,,3,4,,2024-04-17 20:11
6226,622609,25,2022,19,4,,,,,,,1,11,2,,,,5,,2024-04-17 20:11
6226,622612,25,2022,21,4,,,,,,,1,11,2,,,,4,,2024-04-17 20:11
4197,622702,25,2022,45,6,1,14,2003m3,1,311,1,2,8,2,480,1,2,4,,2024-04-17 20:11
4197,622703,25,2022,15,2,,,,,,,1,8,2,,,,3,,2024-04-17 20:11
6231,623102,25,2022,45,3,1,231,2008m10,1,312,1,2,8,1,480,1,2,4,,2024-04-17 20:11
6231,623103,25,2022,18,2,,,,,,,1,8,1,,,,5,,2024-04-17 20:11
6231,623104,25,2022,16,2,,,,,,,1,8,1,,,,5,,2024-04-17 20:11
6235,623503,25,2022,53,5,2,474,1998m6,4,521,2,2,8,1,400,,3,4,,2024-04-17 20:11
6235,623504,25,2022,15,2,,,,,,,1,8,1,,,,4,,2024-04-17 20:11
6239,623902,25,2022,44,6,1,851,2009m1,2,421,1,2,8,2,190,2,2,3,,2024-04-17 20:11
6239,623903,25,2022,19,3,,,,,,,1,8,2,,,,3,,2024-04-17 20:11
6240,624002,25,2022,39,3,1,969,2021m7,2,873,1,1,15,1,100,2,4,5,,2024-04-17 20:11
6243,624302,25,2022,58,3,1,107,2021m4,2,922,1,2,8,1,350,2,2,5,,2024-04-17 20:11
6246,624602,25,2022,48,3,2,11,2022m1,4,611,2,2,8,1,300,,3,4,,2024-04-17 20:11
6246,624603,25,2022,17,2,,,,,,,1,8,2,,,,4,,2024-04-17 20:11
6250,625002,25,2022,66,6,2,492,2000m2,4,875,2,2,4,1,200,,2,5,,2024-04-17 20:11
6251,625104,25,2022,47,3,2,424,2017m7,4,782,2,2,8,1,280,,3,5,,2024-04-17 20:11
6251,625105,25,2022,17,2,,,,,,,1,8,1,,,,5,,2024-04-17 20:11
6252,625202,25,2022,44,6,1,360,2015m6,1,141,1,2,8,1,385,1,2,4,,2024-04-17 20:11
6252,625203,25,2022,18,2,,,,,,,1,8,1,,,,5,,2024-04-17 20:11
6252,625204,25,2022,15,2,,,,,,,1,8,2,,,,4,,2024-04-17 20:11
6261,626104,25,2022,49,6,1,172,2012m6,1,892,1,2,12,1,238,1,3,4,,2024-04-17 20:11
6261,626106,25,2022,70,3,,,,,,,3,12,2,,,,5,,2024-04-17 20:11
6262,626202,25,2022,47,6,2,855,2004m12,4,254,2,2,5,1,600,,2,4,,2024-04-17 20:11
6262,626203,25,2022,19,4,,,,,,,1,5,1,,,,4,,2024-04-17 20:11
6262,626204,25,2022,16,2,,,,,,,1,5,1,,,,4,,2024-04-17 20:11
6263,626301,25,2022,46,5,1,741,2003m4,1,753,1,2,8,1,450,1,2,3,,2024-04-17 20:11
6263,626303,25,2022,16,2,,,,,,,1,8,2,,,,3,,2024-04-17 20:11
6264,626402,25,2022,45,5,1,855,2020m9,1,254,1,2,5,2,90,2,2,4,,2024-04-17 20:11
6264,626403,25,2022,15,2,,,,,,,1,5,1,,,,4,,2024-04-17 20:11
6266,626602,25,2022,41,3,,,,,,,2,8,2,,,,3,,2024-04-17 20:11
6267,626702,25,2022,50,5,1,841,2020m1,1,311,1,2,1,1,340,1,3,4,,2024-04-17 20:11
6267,626703,25,2022,18,2,,,,,,,1,1,2,,,,4,,2024-04-17 20:11
6267,626704,25,2022,15,2,,,,,,,1,1,2,,,,3,,2024-04-17 20:11
6268,626802,25,2022,48,3,2,493,2015m8,4,875,2,2,4,1,500,,2,4,,2024-04-17 20:11
6268,626803,25,2022,16,2,,,,,,,1,4,1,,,,4,,2024-04-17 20:11
6270,627002,25,2022,53,6,2,751,2019m1,4,271,2,2,2,1,200,,2,3,,2024-04-17 20:11
6270,627003,25,2022,24,6,,,,,,,1,2,1,,,,3,,2024-04-17 20:11
6270,627004,25,2022,21,4,,,,,,,1,2,2,,,,3,,2024-04-17 20:11
6270,627005,25,2022,17,2,,,,,,,1,2,1,,,,3,,2024-04-17 20:11
6271,627102,25,2022,47,5,1,872,2021m3,1,247,1,2,8,2,200,1,3,5,,2024-04-17 20:11
6273,627302,25,2022,42,6,1,902,2022m8,1,399,1,2,8,2,149,1,3,4,,2024-04-17 20:11
6274,627402,25,2022,49,6,1,852,2022m3,1,252,1,2,8,1,380,1,2,4,,2024-04-17 20:11
6274,627403,25,2022,16,2,,,,,,,1,8,2,,,,5,,2024-04-17 20:11
6276,627602,25,2022,43,3,1,11,2008m10,1,313,1,2,8,2,190,2,2,4,,2024-04-17 20:11
6276,627603,25,2022,22,4,,,,,,,1,8,2,,,,4,,2024-04-17 20:11
6279,627902,25,2022,44,3,1,179,2016m2,1,313,1,2,15,2,290,1,2,5,,2024-04-17 20:11
6279,627903,25,2022,18,2,,,,,,,1,15,1,,,,5,,2024-04-17 20:11
6280,628002,25,2022,49,3,,,,,,,2,2,2,,,,5,,2024-04-17 20:11
6280,628004,25,2022,18,2,,,,,,,1,2,1,,,,5,,2024-04-17 20:11
6282,628202,25,2022,47,3,,,,,,,2,8,2,,,,3,,2024-04-17 20:11
6282,628203,25,2022,16,2,,,,,,,1,8,2,,,,4,,2024-04-17 20:11
6285,628503,25,2022,37,6,,,,,,,2,8,2,,,,5,,2024-04-17 20:11
6289,628904,25,2022,20,4,1,471,2021m3,2,521,1,1,1,2,45,2,3,4,,2024-04-17 20:11
6293,629304,25,2022,15,2,,,,,,,1,8,2,,,,3,,2024-04-17 20:11
6294,629402,25,2022,43,6,2,872,2014m6,4,312,2,2,15,2,320,,2,5,,2024-04-17 20:11
6294,629403,25,2022,16,2,,,,,,,1,15,2,,,,5,,2024-04-17 20:11
6294,629404,25,2022,15,2,,,,,,,1,15,1,,,,5,,2024-04-17 20:11
10029,629502,25,2022,26,4,1,562,2021m7,1,441,1,1,2,1,200,1,2,4,,2024-04-17 20:11
636,629602,25,2022,47,6,,,,,,,2,8,2,,,,4,,2024-04-17 20:11
6299,629902,25,2022,51,6,1,641,1997m6,1,320,1,2,8,1,480,1,2,4,,2024-04-17 20:11
6299,629903,25,2022,18,2,,,,,,,1,8,1,,,,4,,2024-04-17 20:11
6299,629904,25,2022,16,2,,,,,,,1,8,2,,,,5,,2024-04-17 20:11
6302,630202,25,2022,44,3,1,292,2010m5,1,851,1,2,8,1,510,1,2,4,,2024-04-17 20:11
6302,630203,25,2022,18,2,,,,,,,1,8,2,,,,4,,2024-04-17 20:11
6306,630602,25,2022,43,3,1,712,2004m7,1,313,1,2,1,2,300,1,2,3,,2024-04-17 20:11
10192,630802,25,2022,50,5,1,422,2005m6,1,743,1,2,14,1,377,1,3,4,,2024-04-17 20:11
6310,631002,25,2022,54,2,1,871,2011m7,1,421,1,2,6,2,200,2,3,5,,2024-04-17 20:11
6310,631003,25,2022,22,4,,,,,,,1,6,2,,,,5,,2024-04-17 20:11
10389,631203,25,2022,22,4,,,,,,,1,15,2,,,,4,,2024-04-17 20:11
10389,631205,25,2022,16,2,,,,,,,1,15,1,,,,4,,2024-04-17 20:11
6313,631303,25,2022,47,6,,,,,,,2,2,2,,,,4,,2024-04-17 20:11
6314,631402,25,2022,45,6,,,,,,,2,2,2,,,,4,,2024-04-17 20:11
6314,631403,25,2022,16,2,,,,,,,1,2,2,,,,4,,2024-04-17 20:11
6317,631702,25,2022,50,6,1,702,2008m9,1,312,1,2,8,1,645,1,2,4,,2024-04-17 20:11
6317,631703,25,2022,17,2,,,,,,,1,8,1,,,,4,,2024-04-17 20:11
6319,631902,25,2022,46,6,1,872,2017m9,1,247,1,2,8,2,105,1,2,4,,2024-04-17 20:11
6319,631903,25,2022,15,2,,,,,,,1,8,2,,,,4,,2024-04-17 20:11
6320,632002,25,2022,44,3,2,452,2004m6,4,521,2,2,15,1,300,,2,4,,2024-04-17 20:11
6323,632301,25,2022,44,6,1,843,2001m4,1,980,1,2,11,1,600,1,2,4,,2024-04-17 20:11
6323,632303,25,2022,16,2,,,,,,,1,11,1,,,,3,,2024-04-17 20:11
6326,632601,25,2022,46,5,1,611,2014m7,1,922,1,2,9,1,250,1,2,3,,2024-04-17 20:11
6326,632603,25,2022,16,2,,,,,,,1,9,1,,,,3,,2024-04-17 20:11
6328,632802,25,2022,43,6,1,529,2019m8,1,234,1,2,9,1,380,1,2,3,,2024-04-17 20:11
6328,632803,25,2022,18,2,,,,,,,1,9,2,,,,3,,2024-04-17 20:11
6328,632804,25,2022,15,2,,,,,,,1,9,1,,,,3,,2024-04-17 20:11
6332,633202,25,2022,44,6,3,561,2020m5,5,442,2,2,11,2,,,2,3,,2024-04-17 20:11
6332,633203,25,2022,17,2,,,,,,,1,11,1,,,,3,,2024-04-17 20:11
6332,633204,25,2022,16,2,,,,,,,1,11,1,,,,3,,2024-04-17 20:11
6333,633302,25,2022,46,3,1,872,2022m6,2,441,1,2,4,2,58,2,3,4,,2024-04-17 20:11
6333,633303,25,2022,17,2,,,,,,,1,4,2,,,,3,,2024-04-17 20:11
6335,633502,25,2022,42,6,1,852,2010m9,1,311,1,2,1,2,320,1,2,4,,2024-04-17 20:11
6335,633503,25,2022,16,2,,,,,,,1,1,2,,,,4,,2024-04-17 20:11
8070,633802,25,2022,44,5,,,,,,,2,3,2,,,,3,,2024-04-17 20:11
6340,634002,25,2022,54,6,1,872,2021m3,1,247,1,2,4,2,260,1,2,4,,2024-04-17 20:11
6340,634003,25,2022,17,2,,,,,,,1,4,2,,,,4,,2024-04-17 20:11
10357,634303,25,2022,19,2,,,,,,,1,11,2,,,,5,,2024-04-17 20:11
6345,634502,25,2022,44,6,,,,,,,2,4,2,,,,4,,2024-04-17 20:11
6345,634503,25,2022,18,2,,,,,,,1,4,1,,,,4,,2024-04-17 20:11
6345,634504,25,2022,16,2,,,,,,,1,4,2,,,,4,,2024-04-17 20:11
6346,634602,25,2022,45,5,,,,,,,2,15,2,,,,4,,2024-04-17 20:11
6346,634603,25,2022,19,4,,,,,,,1,15,1,,,,4,,2024-04-17 20:11
6346,634604,25,2022,16,2,,,,,,,1,15,2,,,,4,,2024-04-17 20:11
6347,634703,25,2022,18,2,,,,,,,1,1,2,,,,5,,2024-04-17 20:11
6353,635302,25,2022,49,3,,,,,,,2,15,2,,,,5,,2024-04-17 20:11
6353,635303,25,2022,17,2,,,,,,,1,15,2,,,,4,,2024-04-17 20:11
9452,635503,25,2022,34,4,2,561,2020m10,4,442,2,1,4,1,600,,3,4,,2024-04-17 20:11
6356,635602,25,2022,47,3,1,463,2020m11,1,930,1,2,12,2,180,1,2,4,,2024-04-17 20:11
6356,635603,25,2022,17,2,,,,,,,1,12,2,,,,4,,2024-04-17 20:11
6356,635604,25,2022,16,2,,,,,,,1,12,2,,,,4,,2024-04-17 20:11
6361,636102,25,2022,40,6,,,,,,,2,8,2,,,,3,,2024-04-17 20:11
6363,636302,25,2022,45,6,1,851,2000m2,1,252,1,2,8,2,440,1,2,3,,2024-04-17 20:11
6364,636402,25,2022,50,5,2,759,2015m9,4,271,2,2,10,1,150,,3,4,,2024-04-17 20:11
6364,636403,25,2022,16,2,,,,,,,1,10,1,,,,4,,2024-04-17 20:11
6365,636502,25,2022,48,6,1,107,2021m10,1,274,1,2,8,1,600,1,2,3,,2024-04-17 20:11
6368,636803,25,2022,46,6,1,872,2002m3,1,312,1,2,19,1,238,1,2,4,,2024-04-17 20:11
6371,637102,25,2022,42,5,,,,,,,2,2,2,,,,5,,2024-04-17 20:11
6371,637103,25,2022,18,2,,,,,,,1,2,2,,,,3,,2024-04-17 20:11
6371,637104,25,2022,16,2,,,,,,,1,2,2,,,,4,,2024-04-17 20:11
6371,637105,25,2022,15,2,,,,,,,1,2,2,,,,4,,2024-04-17 20:11
6374,637402,25,2022,49,6,2,662,2014m3,4,510,2,2,1,1,350,,3,4,,2024-04-17 20:11
6374,637403,25,2022,20,4,,,,,,,1,1,2,,,,4,,2024-04-17 20:11
6374,637404,25,2022,19,4,,,,,,,1,1,1,,,,4,,2024-04-17 20:11
6379,637902,25,2022,47,5,1,311,2007m2,1,743,1,2,13,1,300,1,3,3,,2024-04-17 20:11
6379,637903,25,2022,18,2,,,,,,,1,13,1,,,,3,,2024-04-17 20:11
9157,638102,25,2022,50,5,1,351,1997m12,1,312,1,2,15,1,750,1,2,4,,2024-04-17 20:11
6382,638202,25,2022,48,5,3,11,2013m4,5,611,2,2,14,2,,,2,4,,2024-04-17 20:11
6385,638502,25,2022,52,6,2,551,2017m9,4,432,2,2,1,1,300,,3,5,,2024-04-17 20:11
6385,638504,25,2022,18,2,,,,,,,1,1,2,,,,5,,2024-04-17 20:11
6385,638505,25,2022,15,2,,,,,,,1,1,2,,,,5,,2024-04-17 20:11
6386,638602,25,2022,51,5,1,641,1998m3,1,320,1,2,1,1,800,1,2,3,,2024-04-17 20:11
6386,638603,25,2022,21,4,,,,,,,1,1,1,,,,4,,2024-04-17 20:11
6391,639102,25,2022,41,6,1,711,2008m5,1,313,1,2,8,2,330,1,2,5,,2024-04-17 20:11
6392,639202,25,2022,47,6,1,852,2016m10,2,252,1,2,2,2,250,2,3,5,,2024-04-17 20:11
6392,639203,25,2022,18,2,,,,,,,1,2,2,,,,4,,2024-04-17 20:11
6393,639303,25,2022,19,3,,,,,,,1,8,2,,,,3,,2024-04-17 20:11
6393,639304,25,2022,16,2,,,,,,,1,8,1,,,,3,,2024-04-17 20:11
6395,639502,25,2022,50,5,1,582,2009m2,1,223,1,2,11,1,583,1,4,3,,2024-04-17 20:11
6395,639503,25,2022,17,2,,,,,,,1,11,1,,,,4,,2024-04-17 20:11
6396,639602,25,2022,45,5,,,,,,,2,3,2,,,,4,,2024-04-17 20:11
6396,639603,25,2022,17,2,,,,,,,1,3,1,,,,3,,2024-04-17 20:11
6400,640002,25,2022,47,5,2,479,2021m8,4,531,2,2,1,1,,,4,5,,2024-04-17 20:11
6401,640102,25,2022,54,2,,,,,,,3,6,2,,,,6,,2024-04-17 20:11
6401,640105,25,2022,18,2,,,,,,,1,6,1,,,,5,,2024-04-17 20:11
6401,640106,25,2022,16,2,,,,,,,1,6,1,,,,5,,2024-04-17 20:11
6402,640201,25,2022,46,6,1,841,2013m1,1,313,1,2,13,1,480,1,3,3,,2024-04-17 20:11
6403,640302,25,2022,48,5,1,841,2005m2,1,311,1,2,11,2,485,1,2,3,,2024-04-17 20:11
6405,640502,25,2022,51,6,1,841,2021m1,1,613,1,2,11,2,246,2,2,4,,2024-04-17 20:11
6405,640503,25,2022,21,4,,,,,,,1,11,2,,,,4,,2024-04-17 20:11
6405,640504,25,2022,17,2,,,,,,,1,11,1,,,,4,,2024-04-17 20:11
6406,640601,25,2022,45,3,1,422,2021m10,1,792,1,2,2,1,360,1,3,5,,2024-04-17 20:11
6406,640603,25,2022,18,2,,,,,,,1,2,2,,,,5,,2024-04-17 20:11
6406,640604,25,2022,16,2,,,,,,,1,2,2,,,,5,,2024-04-17 20:11
6410,641002,25,2022,46,4,1,424,2002m4,1,285,1,2,1,2,800,1,2,4,,2024-04-17 20:11
6411,641102,25,2022,44,4,,,,,,,2,8,2,,,,4,,2024-04-17 20:11
6411,641103,25,2022,15,2,,,,,,,1,8,2,,,,4,,2024-04-17 20:11
6414,641405,25,2022,52,3,1,291,2009m1,1,312,1,2,2,1,300,1,3,5,,2024-04-17 20:11
6426,642602,25,2022,44,5,,,,,,,2,8,2,,,,5,,2024-04-17 20:11
6426,642603,25,2022,17,2,,,,,,,1,8,2,,,,4,,2024-04-17 20:11
6426,642604,25,2022,15,2,,,,,,,1,8,2,,,,4,,2024-04-17 20:11
6430,643002,25,2022,47,6,1,701,2003m7,1,235,1,2,8,1,800,1,3,4,,2024-04-17 20:11
6430,643003,25,2022,17,2,,,,,,,1,8,2,,,,3,,2024-04-17 20:11
6433,643302,25,2022,44,6,,,,,,,2,1,2,,,,5,,2024-04-17 20:11
6433,643303,25,2022,18,2,,,,,,,1,1,2,,,,4,,2024-04-17 20:11
6434,643402,25,2022,46,5,1,641,1996m3,1,320,1,2,1,2,570,1,2,4,,2024-04-17 20:11
6438,643802,25,2022,45,3,1,466,2007m9,1,521,1,2,1,1,320,1,2,5,,2024-04-17 20:11
6438,643803,25,2022,17,2,,,,,,,1,1,1,,,,4,,2024-04-17 20:11
6442,644202,25,2022,44,6,,,,,,,2,1,2,,,,5,,2024-04-17 20:11
6444,644402,25,2022,44,5,1,872,2018m4,1,247,1,2,8,2,220,1,2,4,,2024-04-17 20:11
6444,644403,25,2022,17,2,,,,,,,1,8,2,,,,4,,2024-04-17 20:11
6444,644404,25,2022,15,2,,,,,,,1,8,2,,,,4,,2024-04-17 20:11
6445,644502,25,2022,53,6,1,661,2021m11,2,224,1,2,1,1,380,2,3,4,,2024-04-17 20:11
6445,644503,25,2022,19,4,,,,,,,1,1,2,,,,4,,2024-04-17 20:11
6446,644602,25,2022,48,3,1,462,2004m1,1,521,1,2,1,1,450,1,2,4,,2024-04-17 20:11
6446,644603,25,2022,18,2,,,,,,,1,1,1,,,,4,,2024-04-17 20:11
6449,644902,25,2022,45,6,1,292,2002m7,1,223,1,2,11,1,595,1,2,3,,2024-04-17 20:11
6449,644903,25,2022,16,2,,,,,,,1,11,2,,,,3,,2024-04-17 20:11
6461,646102,25,2022,47,6,,,,,,,2,9,2,,,,4,,2024-04-17 20:11
6461,646103,25,2022,17,2,,,,,,,1,9,1,,,,3,,2024-04-17 20:11
6463,646302,25,2022,35,3,1,204,2021m12,1,313,1,2,8,2,240,1,3,5,,2024-04-17 20:11
6463,646303,25,2022,16,2,,,,,,,1,8,2,,,,4,,2024-04-17 20:11
6470,647002,25,2022,53,6,1,844,1996m10,1,411,1,2,3,1,400,1,3,4,,2024-04-17 20:11
6474,647402,25,2022,51,6,2,855,2015m10,4,254,2,2,8,1,900,,2,4,,2024-04-17 20:11
6475,647502,25,2022,44,3,2,759,2002m7,4,254,2,2,8,1,500,,2,3,,2024-04-17 20:11
6475,647503,25,2022,18,2,,,,,,,1,8,2,,,,3,,2024-04-17 20:11
6477,647703,25,2022,16,2,,,,,,,1,5,2,,,,4,,2024-04-17 20:11
6477,647704,25,2022,48,6,1,853,2017m3,1,312,1,2,5,2,344,2,3,4,,2024-04-17 20:11
6480,648002,25,2022,43,5,1,843,2001m7,1,980,1,2,8,1,500,1,2,4,,2024-04-17 20:11
6488,648802,25,2022,43,4,1,410,2016m8,3,910,1,2,10,1,240,2,3,5,,2024-04-17 20:11
6492,649202,25,2022,60,3,2,463,1999m2,4,521,2,2,3,1,350,,3,3,,2024-04-17 20:11
6493,649302,25,2022,54,5,1,421,2000m3,1,510,1,2,13,1,200,1,3,3,,2024-04-17 20:11
6493,649304,25,2022,17,2,,,,,,,1,13,2,,,,3,,2024-04-17 20:11
6494,649402,25,2022,41,6,,,,,,,2,1,2,,,,4,,2024-04-17 20:11
6496,649602,25,2022,39,6,1,474,2022m3,1,521,1,2,1,1,120,1,3,4,,2024-04-17 20:11
6498,649802,25,2022,51,3,1,872,2017m5,2,429,1,2,15,2,140,2,2,5,,2024-04-17 20:11
6498,649803,25,2022,18,2,,,,,,,1,15,1,,,,4,,2024-04-17 20:11
6498,649804,25,2022,15,2,,,,,,,1,15,1,,,,4,,2024-04-17 20:11
6499,649903,25,2022,18,2,,,,,,,1,15,1,,,,5,,2024-04-17 20:11
6499,649904,25,2022,16,2,,,,,,,1,15,2,,,,4,,2024-04-17 20:11
6504,650402,25,2022,41,6,1,620,2020m2,1,312,1,2,8,1,780,1,3,4,,2024-04-17 20:11
6506,650602,25,2022,45,6,1,712,2015m5,1,313,1,3,3,2,650,1,3,4,,2024-04-17 20:11
6506,650603,25,2022,17,2,,,,,,,1,3,1,,,,4,,2024-04-17 20:11
6508,650802,25,2022,51,6,1,681,2008m1,1,312,1,2,1,1,570,1,3,4,,2024-04-17 20:11
6510,651002,25,2022,41,6,,,,,,,2,1,2,,,,4,,2024-04-17 20:11
6510,651003,25,2022,15,2,,,,,,,1,1,1,,,,4,,2024-04-17 20:11
6512,651202,25,2022,50,6,2,682,2017m1,4,274,2,2,8,1,100,,3,5,,2024-04-17 20:11
6527,652703,25,2022,18,2,,,,,,,1,5,1,,,,4,,2024-04-17 20:11
6530,653001,25,2022,46,6,1,682,2013m8,1,762,1,2,9,1,290,2,2,3,,2024-04-17 20:11
6530,653003,25,2022,17,2,,,,,,,1,9,1,,,,3,,2024-04-17 20:11
6536,653602,25,2022,48,5,,,,,,,2,2,2,,,,4,,2024-04-17 20:11
6536,653603,25,2022,16,2,,,,,,,1,2,1,,,,3,,2024-04-17 20:11
6537,653702,25,2022,53,6,2,969,2012m12,4,,2,2,11,1,450,,2,4,,2024-04-17 20:11
6537,653703,25,2022,17,2,,,,,,,1,11,1,,,,4,,2024-04-17 20:11
6537,653704,25,2022,15,2,,,,,,,1,11,2,,,,4,,2024-04-17 20:11
4024,653803,25,2022,17,2,,,,,,,1,11,2,,,,4,,2024-04-17 20:11
6540,654002,25,2022,22,4,1,561,2022m3,3,442,1,1,2,2,70,2,3,5,,2024-04-17 20:11
6541,654102,25,2022,42,5,1,842,2014m1,1,286,1,2,6,2,180,1,2,3,,2024-04-17 20:11
6541,654103,25,2022,16,2,,,,,,,1,6,1,,,,3,,2024-04-17 20:11
6542,654201,25,2022,50,5,1,682,2021m1,1,862,1,2,6,1,300,2,3,4,,2024-04-17 20:11
6543,654302,25,2022,43,5,1,641,2005m11,1,320,1,2,8,1,470,1,3,4,,2024-04-17 20:11
6543,654303,25,2022,17,2,,,,,,,1,8,2,,,,5,,2024-04-17 20:11
6543,654304,25,2022,16,2,,,,,,,1,8,2,,,,5,,2024-04-17 20:11
6544,654402,25,2022,48,6,,,,,,,2,8,2,,,,3,,2024-04-17 20:11
6544,654403,25,2022,17,2,,,,,,,1,8,1,,,,3,,2024-04-17 20:11
6546,654602,25,2022,49,6,1,479,2010m6,1,312,1,2,1,1,410,1,2,4,,2024-04-17 20:11
6549,654902,25,2022,59,2,1,411,1988m10,3,782,1,2,8,1,225,2,3,5,,2024-04-17 20:11
6550,655004,25,2022,57,3,1,411,2021m2,1,141,1,2,11,1,750,1,2,3,,2024-04-17 20:11
9853,655006,25,2022,26,5,,,,,,,1,8,2,,,,5,,2024-04-17 20:11
6551,655102,25,2022,42,3,,,,,,,2,3,2,,,,3,,2024-04-17 20:11
6552,655202,25,2022,45,5,,,,,,,2,3,2,,,,5,,2024-04-17 20:11
6552,655203,25,2022,15,2,,,,,,,1,3,1,,,,5,,2024-04-17 20:11
6554,655401,25,2022,54,6,1,411,2012m5,1,312,1,2,6,1,270,1,3,5,,2024-04-17 20:11
6554,655403,25,2022,15,2,,,,,,,1,6,2,,,,4,,2024-04-17 20:11
6555,655502,25,2022,44,5,,,,,,,2,6,2,,,,4,,2024-04-17 20:11
6555,655503,25,2022,16,2,,,,,,,1,6,1,,,,5,,2024-04-17 20:11
6556,655602,25,2022,47,3,1,259,2019m1,2,314,1,2,6,2,100,2,2,5,,2024-04-17 20:11
6556,655603,25,2022,16,2,,,,,,,1,6,2,,,,5,,2024-04-17 20:11
6562,656202,25,2022,51,6,,,,,,,2,16,2,,,,4,,2024-04-17 20:11
6562,656203,25,2022,17,2,,,,,,,1,16,1,,,,3,,2024-04-17 20:11
6563,656302,25,2022,42,3,,,,,,,2,15,2,,,,5,,2024-04-17 20:11
6563,656303,25,2022,16,2,,,,,,,1,15,1,,,,5,,2024-04-17 20:11
6565,656502,25,2022,51,6,2,479,,4,531,2,2,8,1,1250,,2,3,,2024-04-17 20:11
6566,656602,25,2022,46,5,1,869,1999m10,1,243,1,2,1,2,400,1,2,3,,2024-04-17 20:11
6566,656603,25,2022,16,2,,,,,,,1,1,2,,,,3,,2024-04-17 20:11
6567,656702,25,2022,48,6,1,941,2004m3,1,312,1,2,19,1,780,1,2,2,,2024-04-17 20:11
6570,657002,25,2022,43,4,1,729,2020m9,1,231,1,2,1,1,200,1,4,5,,2024-04-17 20:11
6570,657003,25,2022,16,2,,,,,,,1,1,2,,,,4,,2024-04-17 20:11
6571,657102,25,2022,47,6,1,741,2019m11,1,783,1,2,1,1,280,1,3,5,,2024-04-17 20:11
6571,657103,25,2022,16,2,,,,,,,1,1,1,,,,4,,2024-04-17 20:11
6573,657302,25,2022,42,6,1,351,2004m5,1,235,1,2,9,1,500,1,2,3,,2024-04-17 20:11
6577,657702,25,2022,44,6,1,861,2016m1,1,246,1,2,2,2,200,1,3,4,,2024-04-17 20:11
6577,657703,25,2022,17,2,,,,,,,1,2,1,,,,4,,2024-04-17 20:11
6577,657704,25,2022,15,2,,,,,,,1,2,2,,,,4,,2024-04-17 20:11
6581,658102,25,2022,42,6,1,479,2005m12,1,283,1,2,1,2,500,1,2,4,,2024-04-17 20:11
6583,658302,25,2022,47,6,1,464,2014m7,1,521,1,2,1,1,450,1,3,4,,2024-04-17 20:11
6583,658303,25,2022,17,2,,,,,,,1,1,1,,,,4,,2024-04-17 20:11
6586,658601,25,2022,51,3,1,222,2010m5,1,832,1,2,13,1,400,1,3,4,,2024-04-17 20:11
6586,658603,25,2022,17,2,,,,,,,1,13,2,,,,4,,2024-04-17 20:11
6586,658606,25,2022,15,2,,,,,,,1,13,2,,,,4,,2024-04-17 20:11
6588,658802,25,2022,50,5,1,421,2019m8,1,312,1,2,6,1,350,1,2,4,,2024-04-17 20:11
6588,658803,25,2022,16,2,,,,,,,1,6,2,,,,4,,2024-04-17 20:11
6589,658902,25,2022,51,5,2,682,2003m11,4,274,2,2,3,1,500,,2,3,,2024-04-17 20:11
6589,658903,25,2022,16,2,,,,,,,1,3,1,,,,3,,2024-04-17 20:11
6591,659102,25,2022,40,3,1,303,2016m11,1,854,1,2,11,2,218,1,3,4,,2024-04-17 20:11
6591,659103,25,2022,18,2,,,,,,,1,11,2,,,,3,,2024-04-17 20:11
6593,659302,25,2022,45,6,1,851,2020m3,2,254,1,2,15,2,150,2,2,4,,2024-04-17 20:11
6593,659303,25,2022,15,2,,,,,,,1,15,2,,,,3,,2024-04-17 20:11
6594,659402,25,2022,44,5,1,303,2021m4,1,854,1,2,15,2,210,1,3,3,,2024-04-17 20:11
6595,659501,25,2022,48,6,1,742,2017m7,1,236,1,2,15,1,315,1,3,4,,2024-04-17 20:11
6595,659503,25,2022,17,2,,,,,,,1,15,1,,,,4,,2024-04-17 20:11
6595,659504,25,2022,16,2,,,,,,,1,15,2,,,,4,,2024-04-17 20:11
6596,659601,25,2022,47,6,1,262,2004m7,1,312,1,2,15,1,540,1,3,4,,2024-04-17 20:11
6596,659603,25,2022,18,2,,,,,,,1,15,1,,,,3,,2024-04-17 20:11
6598,659803,25,2022,17,2,,,,,,,1,8,2,,,,4,,2024-04-17 20:11
6598,659804,25,2022,15,2,,,,,,,1,8,1,,,,3,,2024-04-17 20:11
6599,659902,25,2022,43,6,1,841,2004m2,1,311,1,2,8,1,450,1,2,4,,2024-04-17 20:11
6599,659903,25,2022,15,2,,,,,,,1,8,1,,,,4,,2024-04-17 20:11
6600,660001,25,2022,44,6,1,841,2015m1,1,311,1,2,1,1,330,1,2,4,,2024-04-17 20:11
6600,660003,25,2022,17,2,,,,,,,1,1,1,,,,4,,2024-04-17 20:11
6600,660004,25,2022,15,2,,,,,,,1,1,1,,,,4,,2024-04-17 20:11
6604,660402,25,2022,44,6,1,851,2001m3,1,252,1,2,12,2,450,1,2,3,,2024-04-17 20:11
6604,660403,25,2022,16,2,,,,,,,1,12,2,,,,3,,2024-04-17 20:11
6606,660603,25,2022,39,5,1,262,2014m1,1,312,1,2,1,1,200,1,3,4,,2024-04-17 20:11
6608,660802,25,2022,42,5,1,862,2020m8,2,392,1,2,7,2,70,2,2,5,,2024-04-17 20:11
6612,661202,25,2022,47,6,1,620,2006m9,1,223,1,2,8,1,550,1,3,3,,2024-04-17 20:11
6612,661203,25,2022,17,2,,,,,,,1,8,1,,,,5,,2024-04-17 20:11
6612,661204,25,2022,15,2,,,,,,,1,8,2,,,,4,,2024-04-17 20:11
9454,662205,25,2022,42,6,,,,,,,2,1,2,,,,3,,2024-04-17 20:11
6626,662602,25,2022,44,5,1,291,2008m8,1,899,1,2,15,1,300,1,2,4,,2024-04-17 20:11
6626,662603,25,2022,18,2,,,,,,,1,15,2,,,,4,,2024-04-17 20:11
6626,662604,25,2022,15,2,,,,,,,1,15,2,,,,4,,2024-04-17 20:11
6627,662703,25,2022,44,5,1,422,2015m5,1,313,1,2,11,2,305,1,2,3,,2024-04-17 20:11
6627,662704,25,2022,16,2,,,,,,,1,11,1,,,,3,,2024-04-17 20:11
6631,663102,25,2022,47,6,,,,,,,2,11,2,,,,3,,2024-04-17 20:11
6634,663402,25,2022,45,3,,,,,,,2,8,2,,,,5,,2024-04-17 20:11
6634,663403,25,2022,16,2,,,,,,,1,8,2,,,,5,,2024-04-17 20:11
6637,663701,25,2022,45,3,2,11,2017m5,4,611,2,2,12,1,666,,2,5,,2024-04-17 20:11
6638,663802,25,2022,51,3,,,,,,,2,12,2,,,,5,,2024-04-17 20:11
6638,663803,25,2022,16,2,,,,,,,1,12,1,,,,4,,2024-04-17 20:11
6639,663901,25,2022,50,5,1,241,2014m9,1,235,1,2,13,1,615,1,2,4,,2024-04-17 20:11
6639,663903,25,2022,16,2,,,,,,,1,13,1,,,,4,,2024-04-17 20:11
6641,664102,25,2022,49,6,,,,,,,2,1,2,,,,4,,2024-04-17 20:11
6641,664103,25,2022,17,2,,,,,,,1,1,2,,,,4,,2024-04-17 20:11
6652,665202,25,2022,43,6,,,,,,,2,8,2,,,,4,,2024-04-17 20:11
6653,665301,25,2022,47,4,1,843,2001m5,1,980,1,2,10,1,550,1,2,3,,2024-04-17 20:11
6653,665303,25,2022,17,2,,,,,,,1,10,2,,,,3,,2024-04-17 20:11
6653,665304,25,2022,16,2,,,,,,,1,10,1,,,,3,,2024-04-17 20:11
6657,665702,25,2022,91,2,,,,,,,3,7,1,,,,5,,2024-04-17 20:11
6666,666601,25,2022,52,6,2,682,2019m5,4,274,2,2,15,1,250,,3,3,,2024-04-17 20:11
6666,666603,25,2022,16,2,,,,,,,1,15,2,,,,3,,2024-04-17 20:11
6666,666604,25,2022,80,1,,,,,,,3,15,2,,,,4,,2024-04-17 20:11
6666,666605,25,2022,15,2,,,,,,,1,15,1,,,,3,,2024-04-17 20:11
6667,666701,25,2022,45,6,1,107,2015m3,1,510,1,2,8,1,400,1,3,4,,2024-04-17 20:11
6668,666801,25,2022,47,5,2,529,2021m10,4,271,2,2,1,1,600,,2,4,,2024-04-17 20:11
6668,666803,25,2022,15,2,,,,,,,1,1,2,,,,4,,2024-04-17 20:11
6670,667004,25,2022,40,6,1,681,2015m7,1,312,1,2,8,1,660,2,2,4,,2024-04-17 20:11
6671,667102,25,2022,42,6,2,856,2019m12,4,254,2,2,15,2,300,,2,4,,2024-04-17 20:11
6671,667103,25,2022,15,2,,,,,,,1,15,1,,,,3,,2024-04-17 20:11
6673,667301,25,2022,47,3,2,561,2022m5,4,442,2,2,9,1,200,,2,4,,2024-04-17 20:11
6676,667601,25,2022,50,2,2,952,2016m12,4,751,2,2,1,1,700,,2,5,,2024-04-17 20:11
6678,667803,25,2022,42,5,2,855,2020m3,4,254,2,2,11,2,14,,3,3,,2024-04-17 20:11
6684,668402,25,2022,49,5,,,,,,,2,8,1,,,,6,,2024-04-17 20:11
6685,668502,25,2022,44,6,1,492,2004m8,1,871,1,2,2,1,530,1,2,5,,2024-04-17 20:11
6685,668503,25,2022,17,2,,,,,,,1,2,2,,,,5,,2024-04-17 20:11
6688,668802,25,2022,44,4,,,,,,,2,9,2,,,,3,,2024-04-17 20:11
6688,668803,25,2022,17,2,,,,,,,1,9,2,,,,3,,2024-04-17 20:11
6692,669202,25,2022,46,3,1,476,2017m7,1,521,1,3,8,2,250,1,2,5,,2024-04-17 20:11
6694,669402,25,2022,47,6,3,479,2009m7,5,953,2,2,8,2,,,3,4,,2024-04-17 20:11
6700,670002,25,2022,42,3,1,872,2017m3,2,313,1,2,1,2,100,2,2,5,,2024-04-17 20:11
6700,670003,25,2022,17,2,,,,,,,1,1,1,,,,5,,2024-04-17 20:11
6701,670102,25,2022,55,6,2,855,2014m10,4,254,2,2,8,2,150,,4,5,,2024-04-17 20:11
6701,670103,25,2022,16,2,,,,,,,1,8,1,,,,5,,2024-04-17 20:11
6702,670202,25,2022,44,3,,,,,,,2,5,2,,,,5,,2024-04-17 20:11
6702,670203,25,2022,17,2,,,,,,,1,5,2,,,,5,,2024-04-17 20:11
6702,670204,25,2022,15,2,,,,,,,1,5,2,,,,4,,2024-04-17 20:11
6705,670503,25,2022,16,2,,,,,,,1,1,2,,,,4,,2024-04-17 20:11
6706,670602,25,2022,48,6,2,582,2018m4,4,222,2,2,8,1,700,,2,5,,2024-04-17 20:11
6706,670603,25,2022,16,2,,,,,,,1,8,1,,,,4,,2024-04-17 20:11
6709,670902,25,2022,51,6,,,,,,,2,8,2,,,,4,,2024-04-17 20:11
6709,670903,25,2022,20,3,,,,,,,1,8,1,,,,4,,2024-04-17 20:11
6709,670904,25,2022,16,2,,,,,,,1,8,2,,,,4,,2024-04-17 20:11
6716,671602,25,2022,48,6,1,639,2002m1,1,223,1,2,8,1,350,1,2,3,,2024-04-17 20:11
6718,671802,25,2022,53,5,,,,,,,2,1,1,,,,4,,2024-04-17 20:11
6737,673702,25,2022,46,3,,,,,,,2,2,2,,,,5,,2024-04-17 20:11
6737,673703,25,2022,22,5,1,872,2022m3,1,247,1,1,2,2,210,1,3,4,,2024-04-17 20:11
6737,673704,25,2022,20,4,,,,,,,1,2,2,,,,4,,2024-04-17 20:11
6741,674103,25,2022,48,5,3,902,2018m12,5,312,2,2,2,2,,,3,3,,2024-04-17 20:11
6745,674502,25,2022,47,5,2,411,2013m2,4,141,2,2,3,1,1200,,2,3,,2024-04-17 20:11
6745,674503,25,2022,16,2,,,,,,,1,3,2,,,,3,,2024-04-17 20:11
6746,674602,25,2022,43,5,1,479,2012m10,1,312,1,2,2,2,320,1,2,4,,2024-04-17 20:11
6746,674603,25,2022,16,2,,,,,,,1,2,2,,,,4,,2024-04-17 20:11
6748,674802,25,2022,49,6,1,303,2000m1,1,312,1,2,5,1,640,1,2,4,,2024-04-17 20:11
6749,674902,25,2022,62,3,,,,,,,3,3,2,,,,4,,2024-04-17 20:11
6756,675602,25,2022,47,6,2,303,2008m2,4,274,2,2,8,1,1000,,2,3,,2024-04-17 20:11
6757,675702,25,2022,43,3,1,651,1998m12,1,312,1,2,5,2,373,1,3,3,,2024-04-17 20:11
6757,675703,25,2022,16,2,,,,,,,1,5,2,,,,3,,2024-04-17 20:11
6760,676002,25,2022,45,5,1,862,2013m1,1,243,1,2,6,2,200,1,3,5,,2024-04-17 20:11
6762,676204,25,2022,19,4,,,,,,,1,1,2,,,,4,,2024-04-17 20:11
6765,676502,25,2022,48,3,,,,,,,2,19,2,,,,4,,2024-04-17 20:11
6765,676503,25,2022,17,2,,,,,,,1,19,1,,,,4,,2024-04-17 20:11
6765,676504,25,2022,15,2,,,,,,,1,19,1,,,,4,,2024-04-17 20:11
6774,677405,25,2022,46,3,3,11,2020m5,5,611,2,2,12,1,,,3,4,,2024-04-17 20:11
6774,677406,25,2022,79,2,2,961,1968m3,4,422,2,2,12,1,150,,3,4,,2024-04-17 20:11
6774,677407,25,2022,80,2,,,,,,,2,12,2,,,,4,,2024-04-17 20:11
6779,677902,25,2022,41,6,1,422,2004m9,1,313,1,2,14,2,380,1,2,3,,2024-04-17 20:11
6780,678002,25,2022,48,6,,,,,,,2,1,2,,,,4,,2024-04-17 20:11
6781,678102,25,2022,45,3,,,,,,,2,9,2,,,,4,,2024-04-17 20:11
6784,678402,25,2022,45,6,2,855,2014m9,4,254,2,2,5,2,230,,3,4,,2024-04-17 20:11
6784,678403,25,2022,16,2,,,,,,,1,5,1,,,,5,,2024-04-17 20:11
6784,678404,25,2022,16,2,,,,,,,1,5,1,,,,4,,2024-04-17 20:11
6785,678503,25,2022,51,6,1,851,2022m3,2,,1,2,8,2,45,2,3,4,,2024-04-17 20:11
6787,678702,25,2022,44,3,1,473,2009m5,1,521,1,2,8,1,640,1,3,3,,2024-04-17 20:11
6787,678703,25,2022,15,2,,,,,,,1,8,1,,,,4,,2024-04-17 20:11
6788,678802,25,2022,45,6,1,941,2013m1,1,312,1,2,8,1,440,1,2,3,,2024-04-17 20:11
6794,679402,25,2022,83,1,,,,,,,2,14,1,,,,4,,2024-04-17 20:11
6794,679403,25,2022,79,1,,,,,,,2,14,2,,,,5,,2024-04-17 20:11
6796,679602,25,2022,47,5,1,721,2021m6,1,312,1,2,14,1,520,1,2,3,,2024-04-17 20:11
6796,679603,25,2022,16,2,,,,,,,1,14,1,,,,4,,2024-04-17 20:11
6802,680202,25,2022,47,5,3,561,2017m3,5,441,2,2,15,2,,,3,4,,2024-04-17 20:11
6806,680604,25,2022,46,6,1,241,2006m2,1,312,1,2,2,1,320,1,3,4,,2024-04-17 20:11
6807,680702,25,2022,65,2,2,912,2009m3,4,432,2,2,15,2,,,5,5,,2024-04-17 20:11
6815,681502,25,2022,41,3,,,,,,,2,2,2,,,,5,,2024-04-17 20:11
6817,681702,25,2022,53,4,1,841,1997m5,1,213,1,2,6,1,400,1,3,4,,2024-04-17 20:11
6817,681703,25,2022,16,2,,,,,,,1,6,1,,,,4,,2024-04-17 20:11
6820,682002,25,2022,48,3,1,478,2018m5,2,521,1,2,1,2,100,2,2,5,,2024-04-17 20:11
6821,682102,25,2022,39,3,,,,,,,2,8,2,,,,4,,2024-04-17 20:11
6824,682402,25,2022,44,3,,,,,,,2,15,2,,,,5,,2024-04-17 20:11
6824,682403,25,2022,15,2,,,,,,,1,15,1,,,,5,,2024-04-17 20:11
6826,682602,25,2022,41,3,1,191,2012m3,1,313,1,2,14,2,178,1,3,4,,2024-04-17 20:11
6826,682603,25,2022,15,2,,,,,,,1,14,1,,,,4,,2024-04-17 20:11
6827,682702,25,2022,39,5,,,,,,,2,14,2,,,,3,,2024-04-17 20:11
6828,682801,25,2022,43,5,1,463,2003m3,1,922,1,2,2,1,500,1,1,3,,2024-04-17 20:11
6828,682803,25,2022,16,2,,,,,,,1,2,2,,,,3,,2024-04-17 20:11
6830,683002,25,2022,40,3,,,,,,,2,10,2,,,,3,,2024-04-17 20:11
6832,683202,25,2022,48,6,1,464,2018m3,1,313,1,2,1,2,300,1,3,4,,2024-04-17 20:11
6834,683402,25,2022,43,6,1,841,2017m9,1,311,1,2,11,2,255,1,2,4,,2024-04-17 20:11
6834,683403,25,2022,16,2,,,,,,,1,11,1,,,,3,,2024-04-17 20:11
6838,683802,25,2022,47,6,,,,,,,2,5,2,,,,2,,2024-04-17 20:11
6838,683803,25,2022,16,2,,,,,,,1,5,2,,,,2,,2024-04-17 20:11
6839,683901,25,2022,51,3,2,471,2020m10,4,521,2,2,5,1,500,,3,5,,2024-04-17 20:11
6839,683903,25,2022,16,2,,,,,,,1,5,2,,,,5,,2024-04-17 20:11
6840,684003,25,2022,15,2,,,,,,,1,5,1,,,,3,,2024-04-17 20:11
6843,684302,25,2022,51,3,,,,,,,2,15,2,,,,4,,2024-04-17 20:11
6843,684303,25,2022,15,2,,,,,,,1,15,1,,,,4,,2024-04-17 20:11
6844,684401,25,2022,44,3,1,411,2011m1,1,312,1,2,1,1,150,1,3,4,,2024-04-17 20:11
6844,684403,25,2022,15,2,,,,,,,1,1,2,,,,4,,2024-04-17 20:11
6845,684502,25,2022,39,6,,,,,,,2,19,2,,,,2,,2024-04-17 20:11
6846,684602,25,2022,43,4,,,,,,,2,4,2,,,,5,,2024-04-17 20:11
6846,684603,25,2022,15,2,,,,,,,1,4,2,,,,4,,2024-04-17 20:11
6853,685302,25,2022,45,6,1,851,2022m4,1,421,1,2,1,2,200,2,3,5,,2024-04-17 20:11
6854,685402,25,2022,41,6,1,851,2014m1,1,252,1,2,6,2,300,1,2,4,,2024-04-17 20:11
6855,685502,25,2022,42,6,,,,,,,2,1,2,,,,5,,2024-04-17 20:11
6855,685503,25,2022,15,2,,,,,,,1,1,2,,,,5,,2024-04-17 20:11
6856,685601,25,2022,45,6,1,106,2005m5,1,312,1,2,2,1,400,1,3,3,,2024-04-17 20:11
6858,685802,25,2022,46,5,1,301,2002m3,1,743,1,2,8,1,380,1,3,5,,2024-04-17 20:11
6862,686202,25,2022,43,4,2,561,2017m10,4,441,2,2,11,1,500,,3,5,,2024-04-17 20:11
6864,686402,25,2022,40,6,1,855,2016m9,2,254,1,2,15,2,200,2,2,4,,2024-04-17 20:11
6864,686403,25,2022,15,2,,,,,,,1,15,1,,,,4,,2024-04-17 20:11
6865,686502,25,2022,45,3,,,,,,,2,8,2,,,,4,,2024-04-17 20:11
6865,686503,25,2022,16,2,,,,,,,1,8,1,,,,4,,2024-04-17 20:11
6865,686504,25,2022,15,2,,,,,,,1,8,1,,,,5,,2024-04-17 20:11
6867,686702,25,2022,45,3,1,763,2015m1,1,522,1,2,11,2,120,2,3,6,,2024-04-17 20:11
6868,686802,25,2022,44,5,1,478,2002m5,1,521,1,2,3,2,370,1,2,3,,2024-04-17 20:11
6868,686803,25,2022,16,2,,,,,,,1,3,1,,,,4,,2024-04-17 20:11
6870,687002,25,2022,40,3,,,,,,,2,19,2,,,,3,,2024-04-17 20:11
6873,687302,25,2022,43,5,1,181,2014m1,1,892,1,2,15,2,200,1,3,4,,2024-04-17 20:11
6873,687303,25,2022,15,2,,,,,,,1,15,1,,,,3,,2024-04-17 20:11
6874,687401,25,2022,47,6,1,701,2002m8,1,312,1,2,4,1,700,1,2,3,,2024-04-17 20:11
6876,687602,25,2022,43,6,1,464,2014m3,1,312,1,2,14,1,400,1,3,4,,2024-04-17 20:11
6878,687802,25,2022,47,6,2,151,2014m4,4,245,2,2,1,2,400,,3,2,,2024-04-17 20:11
6878,687803,25,2022,15,2,,,,,,,1,1,2,,,,2,,2024-04-17 20:11
6879,687901,25,2022,43,5,1,20,2007m7,1,312,1,2,4,1,700,1,2,3,,2024-04-17 20:11
6879,687903,25,2022,15,2,,,,,,,1,4,1,,,,3,,2024-04-17 20:11
6880,688002,25,2022,52,5,1,284,2015m1,1,312,1,2,8,1,380,1,3,4,,2024-04-17 20:11
6880,688003,25,2022,16,2,,,,,,,1,8,1,,,,4,,2024-04-17 20:11
6881,688102,25,2022,47,6,1,581,2011m11,1,281,1,2,8,1,310,1,4,4,,2024-04-17 20:11
6882,688202,25,2022,47,6,1,261,2003m3,1,753,1,2,8,1,480,1,2,4,,2024-04-17 20:11
6882,688203,25,2022,15,2,,,,,,,1,8,2,,,,4,,2024-04-17 20:11
6885,688503,25,2022,16,2,,,,,,,1,10,1,,,,4,,2024-04-17 20:11
6885,688504,25,2022,15,2,,,,,,,1,10,1,,,,4,,2024-04-17 20:11
6885,688506,25,2022,44,3,1,561,2019m3,1,441,1,2,10,1,400,1,3,5,,2024-04-17 20:11
9343,688602,25,2022,40,3,1,561,2016m8,1,441,1,3,15,2,263,1,3,5,,2024-04-17 20:11
4928,688604,25,2022,16,2,,,,,,,1,15,2,,,,5,,2024-04-17 20:11
6890,689002,25,2022,51,6,2,661,2015m3,4,272,2,2,1,1,500,,2,4,,2024-04-17 20:11
6890,689003,25,2022,15,2,,,,,,,1,1,2,,,,4,,2024-04-17 20:11
6891,689102,25,2022,47,3,2,869,2016m3,4,243,2,2,1,2,200,,3,4,,2024-04-17 20:11
6892,689202,25,2022,47,5,1,212,1995m8,1,314,1,2,1,2,550,1,2,4,,2024-04-17 20:11
6892,689203,25,2022,16,2,,,,,,,1,1,1,,,,4,,2024-04-17 20:11
6893,689302,25,2022,48,3,,,,,,,2,1,2,,,,4,,2024-04-17 20:11
6895,689501,25,2022,45,3,1,711,2006m4,1,330,1,2,8,1,450,2,2,3,,2024-04-17 20:11
6897,689702,25,2022,42,4,1,521,2000m5,1,312,1,2,7,2,350,1,3,4,,2024-04-17 20:11
6898,689801,25,2022,42,5,1,423,2018m6,1,762,1,2,15,1,330,1,2,4,,2024-04-17 20:11
6898,689803,25,2022,16,2,,,,,,,1,15,2,,,,3,,2024-04-17 20:11
6899,689902,25,2022,49,6,,,,,,,2,1,2,,,,4,,2024-04-17 20:11
6899,689903,25,2022,15,2,,,,,,,1,1,1,,,,5,,2024-04-17 20:11
6900,690002,25,2022,47,5,1,845,2015m10,1,247,1,2,1,2,210,1,3,4,,2024-04-17 20:11
6900,690003,25,2022,18,2,,,,,,,1,1,1,,,,4,,2024-04-17 20:11
6900,690004,25,2022,15,2,,,,,,,1,1,2,,,,3,,2024-04-17 20:11
6900,690005,25,2022,75,2,,,,,,,3,1,2,,,,4,,2024-04-17 20:11
6901,690102,25,2022,44,6,1,651,2019m10,1,320,1,2,1,1,1100,1,2,3,,2024-04-17 20:11
6903,690302,25,2022,50,6,1,842,1991m3,1,311,1,2,8,1,580,1,2,3,,2024-04-17 20:11
6907,690702,25,2022,43,3,,,,,,,2,8,2,,,,4,,2024-04-17 20:11
6907,690703,25,2022,16,2,,,,,,,1,8,2,,,,4,,2024-04-17 20:11
6908,690802,25,2022,46,6,1,863,2003m4,1,243,1,2,4,2,340,2,2,3,,2024-04-17 20:11
6910,691001,25,2022,46,6,1,851,2004m3,1,252,1,2,10,1,470,1,2,3,,2024-04-17 20:11
6910,691003,25,2022,16,2,,,,,,,1,10,1,,,,3,,2024-04-17 20:11
6911,691102,25,2022,37,6,1,479,2021m8,1,531,1,2,8,2,200,1,3,4,,2024-04-17 20:11
6917,691702,25,2022,49,6,2,721,2011m3,4,235,2,2,8,1,500,,2,3,,2024-04-17 20:11
6919,691901,25,2022,44,6,1,841,2005m1,1,311,1,2,6,1,550,1,2,4,,2024-04-17 20:11
6919,691904,25,2022,15,2,,,,,,,1,6,1,,,,4,,2024-04-17 20:11
6920,692001,25,2022,44,4,1,465,2006m7,1,771,1,2,13,1,320,1,3,5,,2024-04-17 20:11
6920,692003,25,2022,17,2,,,,,,,1,13,2,,,,4,,2024-04-17 20:11
6921,692102,25,2022,41,6,1,856,2022m3,2,254,1,2,2,2,100,2,3,4,,2024-04-17 20:11
6922,692202,25,2022,39,3,1,264,2002m3,1,312,1,2,14,1,730,1,2,3,,2024-04-17 20:11
6925,692501,25,2022,51,3,1,301,2016m5,1,854,1,2,7,1,700,1,2,4,,2024-04-17 20:11
6925,692503,25,2022,16,2,,,,,,,1,7,1,,,,5,,2024-04-17 20:11
6925,692504,25,2022,15,2,,,,,,,1,7,1,,,,4,,2024-04-17 20:11
10391,693001,25,2022,44,3,1,412,2021m9,1,873,1,3,11,1,330,1,2,4,,2024-04-17 20:11
6931,693102,25,2022,50,6,,,,,,,2,4,2,,,,4,,2024-04-17 20:11
6932,693202,25,2022,51,5,,,,,,,2,8,2,,,,5,,2024-04-17 20:11
6932,693203,25,2022,18,2,,,,,,,1,8,1,,,,5,,2024-04-17 20:11
6934,693402,25,2022,43,3,1,222,2021m2,1,832,1,2,4,1,305,1,4,5,,2024-04-17 20:11
6934,693403,25,2022,16,2,,,,,,,1,4,1,,,,5,,2024-04-17 20:11
6937,693702,25,2022,43,5,,,,,,,2,3,2,,,,4,,2024-04-17 20:11
6937,693703,25,2022,16,2,,,,,,,1,3,1,,,,5,,2024-04-17 20:11
6942,694206,25,2022,42,6,1,152,2004m10,1,320,1,2,8,1,400,1,2,3,,2024-04-17 20:11
6948,694802,25,2022,42,3,,,,,,,2,13,2,,,,4,,2024-04-17 20:11
10392,694803,25,2022,23,5,1,478,2022m6,1,246,1,1,1,1,190,1,2,4,,2024-04-17 20:11
6948,694804,25,2022,16,2,,,,,,,1,13,2,,,,4,,2024-04-17 20:11
6949,694902,25,2022,42,3,1,969,2017m4,2,,1,2,13,2,150,2,3,4,,2024-04-17 20:11
6952,695202,25,2022,47,6,1,844,2009m12,1,261,1,2,3,1,833,1,1,2,,2024-04-17 20:11
6952,695203,25,2022,15,2,,,,,,,1,3,2,,,,2,,2024-04-17 20:11
6953,695302,25,2022,40,5,1,843,2001m3,1,752,1,2,13,1,600,1,2,3,,2024-04-17 20:11
6954,695402,25,2022,48,3,,,,,,,2,3,2,,,,5,,2024-04-17 20:11
6954,695403,25,2022,16,2,,,,,,,1,3,2,,,,4,,2024-04-17 20:11
6954,695404,25,2022,15,2,,,,,,,1,3,1,,,,4,,2024-04-17 20:11
6955,695502,25,2022,48,5,1,241,2001m10,1,753,1,2,14,1,460,1,2,3,,2024-04-17 20:11
6955,695503,25,2022,15,2,,,,,,,1,14,2,,,,4,,2024-04-17 20:11
6958,695802,25,2022,39,6,1,351,2015m4,1,223,1,2,14,1,420,1,2,4,,2024-04-17 20:11
6960,696002,25,2022,48,6,2,12,2015m6,4,613,2,2,14,1,500,,2,4,,2024-04-17 20:11
6960,696003,25,2022,18,2,,,,,,,1,14,1,,,,4,,2024-04-17 20:11
6966,696602,25,2022,42,3,,,,,,,2,11,2,,,,4,,2024-04-17 20:11
6970,697002,25,2022,50,6,2,493,2022m4,4,922,2,2,1,1,450,,3,4,,2024-04-17 20:11
6970,697003,25,2022,21,4,,,,,,,1,1,2,,,,3,,2024-04-17 20:11
6971,697102,25,2022,49,6,1,721,2019m7,1,231,1,2,8,1,630,1,2,4,,2024-04-17 20:11
6971,697103,25,2022,17,2,,,,,,,1,8,2,,,,4,,2024-04-17 20:11
6978,697802,25,2022,42,5,1,861,2012m1,1,243,1,2,1,2,600,1,2,4,,2024-04-17 20:11
6978,697803,25,2022,16,2,,,,,,,1,1,1,,,,3,,2024-04-17 20:11
6978,697804,25,2022,15,2,,,,,,,1,1,2,,,,3,,2024-04-17 20:11
6979,697902,25,2022,47,6,1,841,1999m3,1,262,1,2,1,1,570,1,2,4,,2024-04-17 20:11
6979,697903,25,2022,16,2,,,,,,,1,1,1,,,,4,,2024-04-17 20:11
6980,698002,25,2022,50,6,1,620,2000m3,1,224,1,2,1,1,750,1,2,4,,2024-04-17 20:11
6980,698003,25,2022,19,4,,,,,,,1,1,2,,,,4,,2024-04-17 20:11
6982,698202,25,2022,48,6,1,141,2013m7,1,273,1,2,1,1,650,1,2,4,,2024-04-17 20:11
6982,698203,25,2022,16,2,,,,,,,1,1,1,,,,4,,2024-04-17 20:11
6982,698204,25,2022,16,2,,,,,,,1,1,1,,,,4,,2024-04-17 20:11
6987,698703,25,2022,15,2,,,,,,,1,8,2,,,,4,,2024-04-17 20:11
6989,698902,25,2022,46,6,1,872,2020m10,1,247,1,2,1,2,430,1,2,3,,2024-04-17 20:11
6989,698903,25,2022,19,3,,,,,,,1,1,2,,,,4,,2024-04-17 20:11
6989,698904,25,2022,16,2,,,,,,,1,1,2,,,,4,,2024-04-17 20:11
6994,699402,25,2022,48,6,1,529,2015m2,1,992,1,2,1,1,250,1,3,4,,2024-04-17 20:11
6994,699403,25,2022,16,2,,,,,,,1,1,1,,,,4,,2024-04-17 20:11
6999,699902,25,2022,39,3,1,872,2018m3,1,247,1,2,1,2,200,1,3,5,,2024-04-17 20:11
7002,700202,25,2022,44,5,1,911,1998m2,1,312,1,2,1,1,360,1,3,4,,2024-04-17 20:11
7008,700802,25,2022,42,3,,,,,,,2,14,2,,,,4,,2024-04-17 20:11
7008,700803,25,2022,15,2,,,,,,,1,14,1,,,,4,,2024-04-17 20:11
7011,701102,25,2022,42,5,,,,,,,2,2,2,,,,4,,2024-04-17 20:11
7011,701103,25,2022,17,2,,,,,,,1,2,2,,,,4,,2024-04-17 20:11
7011,701104,25,2022,15,2,,,,,,,1,2,2,,,,4,,2024-04-17 20:11
7013,701302,25,2022,50,6,3,949,2016m5,5,248,2,2,4,2,,,2,4,,2024-04-17 20:11
7019,701902,25,2022,58,6,1,872,2020m11,1,133,1,2,14,1,750,1,2,3,,2024-04-17 20:11
7022,702203,25,2022,67,3,2,472,2020m6,4,710,2,3,14,2,40,,4,5,,2024-04-17 20:11
7027,702702,25,2022,51,5,2,259,2011m4,4,312,2,2,3,1,400,,2,4,,2024-04-17 20:11
7027,702703,25,2022,16,2,,,,,,,1,3,1,,,,4,,2024-04-17 20:11
7034,703405,25,2022,39,6,1,851,2008m3,1,253,1,2,9,2,200,1,2,3,,2024-04-17 20:11
7035,703502,25,2022,44,5,,,,,,,2,19,2,,,,4,,2024-04-17 20:11
7035,703503,25,2022,16,2,,,,,,,1,19,2,,,,3,,2024-04-17 20:11
7036,703602,25,2022,52,6,,,,,,,2,14,2,,,,4,,2024-04-17 20:11
7036,703603,25,2022,57,6,1,841,1992m1,1,311,1,2,14,1,638,1,2,4,,2024-04-17 20:11
7036,703604,25,2022,21,4,,,,,,,1,14,1,,,,4,,2024-04-17 20:11
7037,703702,25,2022,44,5,1,862,2010m11,1,243,1,2,1,2,240,1,2,3,,2024-04-17 20:11
7039,703902,25,2022,49,6,1,492,2000m8,1,862,1,2,1,1,500,1,2,4,,2024-04-17 20:11
7040,704002,25,2022,44,5,,,,,,,2,7,2,,,,4,,2024-04-17 20:11
7043,704302,25,2022,43,3,1,751,2022m1,1,312,1,2,5,2,187,2,2,4,,2024-04-17 20:11
7044,704402,25,2022,40,6,,,,,,,2,5,2,,,,3,,2024-04-17 20:11
7045,704502,25,2022,45,3,1,529,2002m10,1,312,1,2,5,1,580,1,2,4,,2024-04-17 20:11
7045,704503,25,2022,16,2,,,,,,,1,5,1,,,,3,,2024-04-17 20:11
9062,705002,25,2022,79,2,1,902,2015m3,2,432,1,3,1,2,27,2,3,5,,2024-04-17 20:11
7052,705202,25,2022,46,6,1,851,1999m3,1,252,1,2,8,2,400,1,2,3,,2024-04-17 20:11
7052,705203,25,2022,16,2,,,,,,,1,8,2,,,,3,,2024-04-17 20:11
7058,705802,25,2022,44,5,1,855,2005m1,1,862,1,2,8,1,300,1,2,4,,2024-04-17 20:11
7058,705803,25,2022,15,2,,,,,,,1,8,1,,,,3,,2024-04-17 20:11
7063,706302,25,2022,45,3,2,961,2019m5,4,422,2,2,8,1,400,,4,4,,2024-04-17 20:11
7063,706303,25,2022,15,2,,,,,,,1,8,1,,,,4,,2024-04-17 20:11
7068,706802,25,2022,42,3,3,561,2012m4,5,442,2,2,8,2,,,2,4,,2024-04-17 20:11
7068,706803,25,2022,15,2,,,,,,,1,8,1,,,,3,,2024-04-17 20:11
7069,706902,25,2022,44,3,2,651,2020m1,4,510,2,2,8,2,170,,3,5,,2024-04-17 20:11
7069,706903,25,2022,16,2,,,,,,,1,8,2,,,,5,,2024-04-17 20:11
7083,708302,25,2022,41,6,,,,,,,2,8,2,,,,3,,2024-04-17 20:11
7108,710803,25,2022,15,2,,,,,,,1,15,2,,,,5,,2024-04-17 20:11
7109,710902,25,2022,37,5,3,479,2020m2,5,531,2,2,15,2,,,2,3,,2024-04-17 20:11
7118,711802,25,2022,43,3,1,701,2009m11,1,235,1,2,8,1,750,2,2,3,,2024-04-17 20:11
7118,711803,25,2022,16,2,,,,,,,1,8,1,,,,3,,2024-04-17 20:11
7121,712102,25,2022,50,6,1,732,2004m1,1,285,1,2,1,1,400,1,3,4,,2024-04-17 20:11
7122,712202,25,2022,42,3,1,872,2022m4,2,421,1,2,4,2,100,2,3,4,,2024-04-17 20:11
7125,712502,25,2022,41,5,,,,,,,2,3,2,,,,4,,2024-04-17 20:11
7128,712802,25,2022,22,4,,,,,,,1,1,1,,,,4,,2024-04-17 20:11
7132,713204,25,2022,50,3,1,452,2006m6,1,312,1,2,15,1,470,1,2,4,,2024-04-17 20:11
7134,713401,25,2022,45,6,1,204,2011m2,1,232,1,2,8,1,490,1,3,5,,2024-04-17 20:11
7137,713701,25,2022,42,3,1,641,2004m4,1,320,1,2,8,1,370,1,3,4,,2024-04-17 20:11
7137,713703,25,2022,15,2,,,,,,,1,8,2,,,,4,,2024-04-17 20:11
7138,713802,25,2022,45,6,1,852,2012m8,2,252,1,2,2,2,300,2,2,5,,2024-04-17 20:11
7138,713803,25,2022,15,2,,,,,,,1,2,1,,,,5,,2024-04-17 20:11
7139,713901,25,2022,48,6,1,112,2000m1,1,312,1,2,8,1,400,1,3,3,,2024-04-17 20:11
7140,714001,25,2022,39,5,1,529,2006m9,1,521,1,2,5,1,460,1,2,4,,2024-04-17 20:11
7140,714002,25,2022,16,2,,,,,,,1,5,2,,,,3,,2024-04-17 20:11
7142,714202,25,2022,44,3,1,463,2012m6,1,521,1,2,8,1,310,1,3,4,,2024-04-17 20:11
7142,714203,25,2022,15,2,,,,,,,1,8,1,,,,5,,2024-04-17 20:11
7144,714402,25,2022,39,3,1,862,2019m2,1,246,1,2,1,2,210,1,3,5,,2024-04-17 20:11
7145,714502,25,2022,47,6,1,464,1998m5,1,521,1,2,1,1,400,1,3,5,,2024-04-17 20:11
7146,714602,25,2022,41,2,2,651,2017m1,4,510,2,2,12,2,400,,2,4,,2024-04-17 20:11
7147,714702,25,2022,75,3,,,,,,,3,8,2,,,,4,,2024-04-17 20:11
7148,714802,25,2022,51,6,,,,,,,2,8,2,,,,4,,2024-04-17 20:11
7150,715002,25,2022,42,3,3,561,2019m9,5,442,2,2,15,2,,,3,5,,2024-04-17 20:11
7151,715102,25,2022,27,6,,,,,,,2,15,2,,,,5,,2024-04-17 20:11
7152,715202,25,2022,41,3,,,,,,,2,12,2,,,,4,,2024-04-17 20:11
7153,715302,25,2022,39,6,1,872,2022m3,1,247,1,2,15,2,220,1,3,4,,2024-04-17 20:11
7155,715502,25,2022,36,6,2,732,2019m8,4,285,2,2,11,2,150,,2,4,,2024-04-17 20:11
7161,716101,25,2022,54,3,1,32,2022m2,1,630,1,2,15,1,300,1,3,4,,2024-04-17 20:11
7161,716103,25,2022,15,2,,,,,,,1,15,2,,,,4,,2024-04-17 20:11
7162,716202,25,2022,40,5,1,855,2018m10,1,254,1,2,7,2,250,2,3,4,,2024-04-17 20:11
7163,716302,25,2022,42,6,,,,,,,2,8,2,,,,4,,2024-04-17 20:11
7165,716502,25,2022,42,6,,,,,,,2,8,2,,,,3,,2024-04-17 20:11
7166,716602,25,2022,43,5,1,872,2020m2,1,247,1,2,13,2,270,1,2,3,,2024-04-17 20:11
7168,716802,25,2022,42,6,1,852,2019m3,2,252,1,2,8,2,290,2,2,3,,2024-04-17 20:11
7168,716803,25,2022,15,2,,,,,,,1,8,2,,,,3,,2024-04-17 20:11
7169,716902,25,2022,39,6,1,856,2019m4,2,314,1,2,6,2,40,2,2,3,,2024-04-17 20:11
7171,717103,25,2022,47,6,,,,,,,2,1,2,,,,3,,2024-04-17 20:11
7172,717202,25,2022,40,5,1,611,2016m9,1,311,1,2,7,1,300,1,2,4,,2024-04-17 20:11
7173,717302,25,2022,43,6,1,872,2018m7,1,421,1,2,4,2,118,1,4,4,,2024-04-17 20:11
7174,717402,25,2022,42,6,,,,,,,2,8,2,,,,4,,2024-04-17 20:11
7176,717601,25,2022,49,3,2,493,2021m12,4,922,2,2,13,1,600,,3,4,,2024-04-17 20:11
7176,717604,25,2022,19,3,1,912,2022m3,1,392,1,1,13,2,180,1,3,4,,2024-04-17 20:11
7176,717606,25,2022,15,2,,,,,,,1,13,2,,,,4,,2024-04-17 20:11
7177,717702,25,2022,48,6,1,581,2007m3,1,281,1,2,1,1,541,1,3,4,,2024-04-17 20:11
7178,717802,25,2022,41,4,,,,,,,2,1,2,,,,4,,2024-04-17 20:11
7179,717902,25,2022,45,6,,,,,,,2,16,2,,,,4,,2024-04-17 20:11
7180,718002,25,2022,46,3,1,953,2014m1,1,771,1,2,5,1,350,1,2,4,,2024-04-17 20:11
7180,718003,25,2022,15,2,,,,,,,1,5,2,,,,4,,2024-04-17 20:11
7186,718603,25,2022,16,2,,,,,,,1,8,1,,,,4,,2024-04-17 20:11
7187,718702,25,2022,44,6,2,651,2022m1,4,510,2,3,14,2,200,,2,5,,2024-04-17 20:11
7188,718801,25,2022,42,5,1,463,2005m3,1,510,1,2,1,1,430,1,3,4,,2024-04-17 20:11
7188,718803,25,2022,15,2,,,,,,,1,1,2,,,,4,,2024-04-17 20:11
7190,719002,25,2022,50,6,2,107,2012m11,4,710,2,2,8,1,600,,2,4,,2024-04-17 20:11
7191,719102,25,2022,43,5,,,,,,,2,8,2,,,,5,,2024-04-17 20:11
7192,719202,25,2022,43,6,1,853,2007m3,1,312,1,2,9,2,250,1,2,3,,2024-04-17 20:11
7194,719402,25,2022,44,3,1,271,2017m6,1,854,1,2,4,1,370,1,3,4,,2024-04-17 20:11
7194,719403,25,2022,15,2,,,,,,,1,4,1,,,,4,,2024-04-17 20:11
7200,720001,25,2022,48,5,2,561,2002m5,4,441,2,2,12,1,400,,2,5,,2024-04-17 20:11
7200,720003,25,2022,18,2,,,,,,,1,12,1,,,,5,,2024-04-17 20:11
7200,720004,25,2022,16,2,,,,,,,1,12,1,,,,5,,2024-04-17 20:11
7200,720006,25,2022,75,2,3,561,2002m5,5,441,2,3,12,2,,,2,5,,2024-04-17 20:11
7202,720202,25,2022,40,6,1,759,2015m10,1,399,1,2,1,2,300,1,2,4,,2024-04-17 20:11
7203,720302,25,2022,56,3,2,651,2016m11,4,510,2,2,9,2,150,,2,4,,2024-04-17 20:11
7207,720702,25,2022,47,5,1,241,2005m5,1,233,1,2,14,1,450,1,2,4,,2024-04-17 20:11
7209,720902,25,2022,47,6,1,264,2011m9,1,235,1,2,1,1,700,1,2,4,,2024-04-17 20:11
7210,721002,25,2022,41,5,,,,,,,2,13,2,,,,4,,2024-04-17 20:11
7212,721202,25,2022,52,3,1,303,1996m5,1,841,1,2,3,1,700,1,1,3,,2024-04-17 20:11
7213,721301,25,2022,43,6,1,844,2005m11,1,246,1,2,6,1,480,1,3,4,,2024-04-17 20:11
7214,721402,25,2022,43,6,,,,,,,2,11,2,,,,3,,2024-04-17 20:11
7216,721603,25,2022,15,2,,,,,,,1,8,1,,,,5,,2024-04-17 20:11
7220,722002,25,2022,38,5,2,562,2017m8,4,441,2,2,12,1,500,,2,4,,2024-04-17 20:11
10031,722201,25,2022,66,2,1,751,2016m2,2,941,1,2,6,2,140,2,2,5,,2024-04-17 20:11
10031,722202,25,2022,78,3,1,841,2020m3,2,941,1,2,6,1,27,2,2,5,,2024-04-17 20:11
10032,722204,25,2022,37,6,1,844,2016m1,1,411,1,2,6,1,260,1,2,5,,2024-04-17 20:11
7222,722205,25,2022,35,6,,,,,,,2,13,2,,,,5,,2024-04-17 20:11
7223,722302,25,2022,44,6,,,,,,,2,4,2,,,,3,,2024-04-17 20:11
7224,722402,25,2022,46,3,1,382,2022m4,1,941,1,2,15,2,190,1,3,4,,2024-04-17 20:11
7224,722403,25,2022,26,3,,,,,,,1,15,1,,,,4,,2024-04-17 20:11
7229,722902,25,2022,39,6,,,,,,,2,8,2,,,,3,,2024-04-17 20:11
7230,723002,25,2022,45,3,1,953,2021m8,1,312,1,2,3,2,500,1,2,3,,2024-04-17 20:11
7232,723202,25,2022,43,3,1,961,2022m1,1,942,1,2,11,2,197,1,3,5,,2024-04-17 20:11
7232,723203,25,2022,15,2,,,,,,,1,11,2,,,,4,,2024-04-17 20:11
7233,723302,25,2022,47,2,1,303,2017m3,1,832,1,2,11,2,227,1,3,4,,2024-04-17 20:11
7233,723304,25,2022,78,2,,,,,,,3,11,2,,,,6,,2024-04-17 20:11
7238,723803,25,2022,15,2,,,,,,,1,15,1,,,,5,,2024-04-17 20:11
7238,723805,25,2022,28,3,3,561,2018m5,5,442,2,2,15,2,,,2,5,,2024-04-17 20:11
7241,724102,25,2022,46,3,1,872,2019m10,1,247,1,2,11,2,185,2,2,5,,2024-04-17 20:11
7241,724103,25,2022,19,4,,,,,,,1,11,1,,,,3,,2024-04-17 20:11
7241,724104,25,2022,15,2,,,,,,,1,11,1,,,,4,,2024-04-17 20:11
7242,724201,25,2022,44,3,2,493,2017m9,4,873,2,2,7,1,450,,3,5,,2024-04-17 20:11
7248,724802,25,2022,47,2,1,424,2013m10,3,783,1,2,12,1,580,2,3,4,,2024-04-17 20:11
7248,724803,25,2022,15,2,,,,,,,1,12,1,,,,4,,2024-04-17 20:11
7251,725102,25,2022,40,5,1,682,2020m5,1,274,1,2,7,2,200,1,2,4,,2024-04-17 20:11
7252,725202,25,2022,46,6,1,264,2005m8,1,221,1,2,3,1,1250,1,2,3,,2024-04-17 20:11
7255,725502,25,2022,38,6,1,729,2014m5,1,236,1,2,8,1,390,1,3,4,,2024-04-17 20:11
7264,726402,25,2022,39,6,1,851,2012m3,1,252,1,2,11,2,290,1,2,3,,2024-04-17 20:11
7267,726701,25,2022,48,6,1,292,2012m9,1,225,1,2,2,1,500,1,2,4,,2024-04-17 20:11
7268,726802,25,2022,43,6,1,464,2006m7,1,313,1,2,3,2,350,1,2,4,,2024-04-17 20:11
7268,726803,25,2022,15,2,,,,,,,1,3,1,,,,4,,2024-04-17 20:11
7270,727002,25,2022,42,5,1,292,2018m4,1,239,1,2,14,1,345,1,3,3,,2024-04-17 20:11
7275,727502,25,2022,46,3,1,424,2011m11,1,312,1,2,19,2,260,1,3,4,,2024-04-17 20:11
7279,727902,25,2022,45,6,1,464,2012m6,1,312,1,2,1,1,450,1,3,5,,2024-04-17 20:11
7281,728102,25,2022,41,6,1,411,2003m12,1,312,1,2,1,2,630,1,2,4,,2024-04-17 20:11
7282,728202,25,2022,44,3,1,466,2001m1,1,510,1,2,1,1,450,1,2,3,,2024-04-17 20:11
7284,728402,25,2022,50,3,1,682,2020m10,1,762,1,2,1,1,300,1,3,4,,2024-04-17 20:11
7284,728403,25,2022,15,2,,,,,,,1,1,1,,,,4,,2024-04-17 20:11
7285,728502,25,2022,43,3,,,,,,,2,8,2,,,,4,,2024-04-17 20:11
7287,728702,25,2022,40,5,1,851,2020m2,1,253,1,2,8,2,300,1,3,4,,2024-04-17 20:11
7300,730002,25,2022,47,6,1,843,2003m3,1,980,1,2,11,1,570,1,2,4,,2024-04-17 20:11
7300,730003,25,2022,18,2,,,,,,,1,11,1,,,,4,,2024-04-17 20:11
7300,730004,25,2022,16,2,,,,,,,1,11,2,,,,4,,2024-04-17 20:11
7302,730202,25,2022,41,5,,,,,,,2,1,2,,,,4,,2024-04-17 20:11
7302,730203,25,2022,16,2,,,,,,,1,1,1,,,,4,,2024-04-17 20:11
6134,730502,25,2022,49,6,1,732,2021m9,1,134,1,2,8,1,500,1,3,4,,2024-04-17 20:11
6134,730503,25,2022,17,2,,,,,,,1,8,1,,,,3,,2024-04-17 20:11
7308,730802,25,2022,26,6,,,,,,,2,1,2,,,,4,,2024-04-17 20:11
7309,730902,25,2022,44,5,,,,,,,2,1,2,,,,4,,2024-04-17 20:11
7317,731702,25,2022,44,3,,,,,,,2,8,2,,,,5,,2024-04-17 20:11
7320,732002,25,2022,48,6,1,285,2010m7,1,235,1,2,8,1,700,1,2,4,,2024-04-17 20:11
7320,732003,25,2022,19,4,,,,,,,1,8,1,,,,4,,2024-04-17 20:11
7320,732004,25,2022,19,4,,,,,,,1,8,1,,,,4,,2024-04-17 20:11
7321,732102,25,2022,46,3,1,653,2018m7,1,862,1,2,2,1,235,1,3,6,,2024-04-17 20:11
7329,732902,25,2022,45,6,2,,,4,312,2,3,15,1,400,,3,3,,2024-04-17 20:11
7329,732906,25,2022,67,2,,,,,,,2,15,2,,,,3,,2024-04-17 20:11
7331,733102,25,2022,49,6,1,841,2003m5,1,311,1,2,1,1,475,1,2,4,,2024-04-17 20:11
7335,733502,25,2022,47,5,1,411,2016m3,3,875,1,1,14,1,180,2,3,5,,2024-04-17 20:11
7339,733902,25,2022,51,5,,,,,,,2,14,2,,,,4,,2024-04-17 20:11
7340,734002,25,2022,47,3,,,,,,,2,5,1,,,,4,,2024-04-17 20:11
7340,734003,25,2022,22,4,,,,,,,1,5,1,,,,4,,2024-04-17 20:11
7342,734202,25,2022,44,6,2,856,2021m6,4,254,2,2,5,2,200,,2,4,,2024-04-17 20:11
7345,734502,25,2022,45,6,,,,,,,2,1,2,,,,4,,2024-04-17 20:11
7349,734902,25,2022,43,3,1,952,2019m12,1,751,1,2,5,1,450,1,3,5,,2024-04-17 20:11
7349,734903,25,2022,15,2,,,,,,,1,5,1,,,,5,,2024-04-17 20:11
7353,735302,25,2022,26,3,1,912,2018m12,1,521,1,1,6,1,250,2,4,5,,2024-04-17 20:11
7353,735303,25,2022,23,4,,,,,,,1,6,1,,,,5,,2024-04-17 20:11
7359,735902,25,2022,45,3,2,561,2022m2,4,441,2,2,7,1,400,,3,6,,2024-04-17 20:11
7362,736202,25,2022,63,2,1,682,2018m10,2,941,1,2,8,1,205,2,3,5,,2024-04-17 20:11
7364,736402,25,2022,47,6,1,701,2002m2,1,235,1,2,8,1,900,1,2,2,,2024-04-17 20:11
7364,736403,25,2022,16,2,,,,,,,1,8,2,,,,3,,2024-04-17 20:11
7367,736702,25,2022,47,5,2,855,2003m12,4,254,2,2,8,1,500,,2,3,,2024-04-17 20:11
7368,736802,25,2022,48,6,1,661,2015m10,1,312,1,2,1,1,500,1,2,3,,2024-04-17 20:11
7375,737502,25,2022,42,6,,,,,,,2,8,2,,,,3,,2024-04-17 20:11
7375,737503,25,2022,15,2,,,,,,,1,8,2,,,,3,,2024-04-17 20:11
7378,737803,25,2022,43,3,1,251,2003m3,1,783,1,2,10,1,500,1,3,4,,2024-04-17 20:11
7382,738203,25,2022,41,6,2,479,2017m10,4,521,2,2,1,2,100,,2,4,,2024-04-17 20:11
7383,738302,25,2022,39,6,1,620,2015m5,1,223,1,2,8,2,245,1,3,5,,2024-04-17 20:11
7387,738702,25,2022,42,3,1,751,2021m11,1,862,1,2,1,1,300,1,2,4,,2024-04-17 20:11
7388,738802,25,2022,45,6,1,851,2002m3,1,252,1,2,12,2,390,1,2,4,,2024-04-17 20:11
7390,739002,25,2022,48,6,2,284,2000m3,4,521,2,2,1,1,3500,,2,3,,2024-04-17 20:11
7393,739302,25,2022,40,6,1,651,2011m1,1,320,1,2,14,2,550,1,2,3,,2024-04-17 20:11
7397,739702,25,2022,38,6,,,,,,,2,4,2,,,,4,,2024-04-17 20:11
7401,740102,25,2022,45,6,1,464,2013m1,1,274,1,2,15,1,580,1,2,4,,2024-04-17 20:11
7401,740103,25,2022,15,2,,,,,,,1,15,2,,,,3,,2024-04-17 20:11
7404,740403,25,2022,15,2,,,,,,,1,15,1,,,,6,,2024-04-17 20:11
7405,740502,25,2022,47,6,,,,,,,2,9,2,,,,3,,2024-04-17 20:11
7406,740602,25,2022,49,6,1,721,2009m3,1,231,1,2,1,1,520,1,3,4,,2024-04-17 20:11
7422,742202,25,2022,46,6,1,620,2006m3,1,223,1,2,1,1,520,1,3,3,,2024-04-17 20:11
7423,742302,25,2022,41,6,2,651,2007m3,4,510,2,2,1,1,200,,3,4,,2024-04-17 20:11
7424,742402,25,2022,47,3,,,,,,,2,1,1,,,,5,,2024-04-17 20:11
7427,742702,25,2022,45,6,2,911,2016m9,4,286,2,2,1,1,100,,4,4,,2024-04-17 20:11
7431,743103,25,2022,15,2,,,,,,,1,1,2,,,,6,,2024-04-17 20:11
7432,743202,25,2022,51,6,,,,,,,2,1,2,,,,4,,2024-04-17 20:11
7436,743602,25,2022,42,5,1,259,2017m1,1,312,1,2,5,1,450,1,3,5,,2024-04-17 20:11
7437,743702,25,2022,37,5,,,,,,,2,1,2,,,,4,,2024-04-17 20:11
7438,743802,25,2022,43,3,1,479,2017m5,1,531,1,2,1,1,300,1,3,5,,2024-04-17 20:11
7438,743803,25,2022,15,2,,,,,,,1,1,1,,,,5,,2024-04-17 20:11
7444,744402,25,2022,51,6,1,101,2021m1,1,710,1,2,1,1,250,1,3,4,,2024-04-17 20:11
7445,744502,25,2022,49,5,1,952,2021m1,1,751,1,2,2,1,350,1,3,4,,2024-04-17 20:11
7447,744702,25,2022,36,5,1,472,2010m3,1,710,1,2,2,1,250,1,3,5,,2024-04-17 20:11
7448,744802,25,2022,37,6,,,,,,,2,8,2,,,,3,,2024-04-17 20:11
7449,744902,25,2022,42,6,1,463,2008m3,1,281,1,2,2,1,280,1,3,5,,2024-04-17 20:11
7450,745002,25,2022,45,6,1,11,2017m10,1,611,1,2,5,1,250,1,2,4,,2024-04-17 20:11
7451,745102,25,2022,44,6,1,844,2006m4,1,411,1,2,2,1,400,1,2,4,,2024-04-17 20:11
7454,745402,25,2022,43,6,1,262,2011m3,1,312,1,2,1,1,600,1,3,3,,2024-04-17 20:11
7456,745602,25,2022,42,6,,,,,,,2,7,2,,,,3,,2024-04-17 20:11
7462,746202,25,2022,40,6,1,467,2019m10,1,312,1,2,1,2,500,1,2,3,,2024-04-17 20:11
7469,746902,25,2022,43,6,1,841,2002m7,1,311,1,2,4,2,370,1,2,3,,2024-04-17 20:11
7470,747002,25,2022,39,2,,,,,,,2,8,2,,,,4,,2024-04-17 20:11
7475,747502,25,2022,48,6,1,582,2013m1,1,223,1,2,1,1,560,1,3,4,,2024-04-17 20:11
7477,747702,25,2022,50,6,1,411,2011m4,1,312,1,2,1,1,300,1,3,4,,2024-04-17 20:11
7478,747802,25,2022,39,5,,,,,,,2,8,2,,,,3,,2024-04-17 20:11
7479,747902,25,2022,39,3,1,872,2016m8,1,247,1,2,8,2,225,1,2,5,,2024-04-17 20:11
7481,748102,25,2022,40,6,2,474,2013m2,4,521,2,2,8,1,400,,2,5,,2024-04-17 20:11
7492,749202,25,2022,40,6,3,952,2018m5,5,313,2,2,11,2,,,3,4,,2024-04-17 20:11
7496,749602,25,2022,44,6,,,,,,,2,13,2,,,,1,,2024-04-17 20:11
7501,750102,25,2022,43,3,3,561,2020m2,5,952,2,2,15,2,,,2,4,,2024-04-17 20:11
7502,750202,25,2022,47,3,2,961,2020m1,4,422,2,2,15,2,250,,2,4,,2024-04-17 20:11
7504,750402,25,2022,39,3,1,106,2009m1,1,312,1,2,2,2,310,1,2,4,,2024-04-17 20:11
7505,750502,25,2022,39,3,,,,,,,2,15,2,,,,4,,2024-04-17 20:11
7506,750602,25,2022,42,5,1,681,2021m3,1,312,1,2,15,2,240,1,3,4,,2024-04-17 20:11
7507,750702,25,2022,43,3,1,259,2014m5,1,855,1,2,15,2,160,1,3,4,,2024-04-17 20:11
7507,750703,25,2022,15,2,,,,,,,1,15,1,,,,4,,2024-04-17 20:11
7508,750802,25,2022,44,6,2,551,2017m9,4,432,2,2,8,1,400,,2,3,,2024-04-17 20:11
7510,751002,25,2022,43,5,,,,,,,2,15,2,,,,5,,2024-04-17 20:11
7515,751503,25,2022,40,3,,,,,,,2,8,2,,,,3,,2024-04-17 20:11
7523,752302,25,2022,48,6,1,601,2003m5,1,283,1,2,8,2,300,1,3,5,,2024-04-17 20:11
7526,752602,25,2022,44,6,1,852,2007m3,1,252,1,2,1,1,300,1,2,5,,2024-04-17 20:11
7527,752702,25,2022,48,6,1,862,2015m12,1,261,1,2,1,1,400,1,2,3,,2024-04-17 20:11
7529,752902,25,2022,44,5,1,872,2022m3,2,421,1,2,1,2,120,2,3,5,,2024-04-17 20:11
7532,753202,25,2022,28,3,1,862,2012m3,1,246,1,2,1,2,240,1,3,4,,2024-04-17 20:11
7533,753302,25,2022,48,6,,,,,,,2,8,2,,,,5,,2024-04-17 20:11
7544,754403,25,2022,80,2,,,,,,,3,1,2,,,,4,,2024-04-17 20:11
7545,754502,25,2022,46,5,,,,,,,2,8,2,,,,5,,2024-04-17 20:11
553,754603,25,2022,41,6,1,551,2010m1,1,312,1,2,1,1,250,1,3,4,,2024-04-17 20:11
7548,754802,25,2022,38,6,,,,,,,2,1,1,,,,4,,2024-04-17 20:11
7550,755002,25,2022,40,6,1,701,2008m3,1,211,1,2,1,2,250,1,3,5,,2024-04-17 20:11
7566,756602,25,2022,42,6,1,649,2004m1,1,313,1,2,8,2,340,1,4,4,,2024-04-17 20:11
7572,757202,25,2022,48,5,,,,,,,2,1,1,,,,4,,2024-04-17 20:11
7574,757402,25,2022,43,6,,,,,,,2,8,2,,,,5,,2024-04-17 20:11
7575,757502,25,2022,45,6,,,,,,,2,1,2,,,,4,,2024-04-17 20:11
7575,757503,25,2022,15,2,,,,,,,1,1,1,,,,4,,2024-04-17 20:11
7576,757602,25,2022,48,6,1,473,2005m2,1,521,1,2,1,1,400,1,3,4,,2024-04-17 20:11
7576,757603,25,2022,15,2,,,,,,,1,1,1,,,,4,,2024-04-17 20:11
7584,758402,25,2022,48,5,,,,,,,2,8,2,,,,3,,2024-04-17 20:11
7588,758802,25,2022,30,6,,,,,,,2,2,2,,,,5,,2024-04-17 20:11
7591,759102,25,2022,34,6,,,,,,,2,8,2,,,,4,,2024-04-17 20:11
7594,759402,25,2022,40,6,1,851,2007m2,1,252,1,2,15,2,500,1,2,4,,2024-04-17 20:11
7600,760002,25,2022,42,5,1,872,2019m11,1,247,1,2,15,2,160,1,3,4,,2024-04-17 20:11
7601,760102,25,2022,36,5,,,,,,,2,2,2,,,,5,,2024-04-17 20:11
7602,760202,25,2022,62,2,1,872,2019m11,1,,1,2,14,1,140,2,3,6,,2024-04-17 20:11
7604,760402,25,2022,53,6,1,291,2009m1,1,312,1,2,2,1,350,1,2,5,,2024-04-17 20:11
7613,761302,25,2022,47,5,,,,,,,2,14,2,,,,3,,2024-04-17 20:11
7617,761702,25,2022,44,3,1,742,2020m10,3,941,1,2,14,1,340,2,3,5,,2024-04-17 20:11
7624,762402,25,2022,39,4,1,721,2018m7,1,235,1,2,3,1,270,1,3,5,,2024-04-17 20:11
7626,762602,25,2022,42,6,1,851,2022m3,1,421,1,2,3,2,128,2,3,3,,2024-04-17 20:11
7627,762702,25,2022,45,6,1,990,2002m2,1,312,1,2,3,1,550,1,2,3,,2024-04-17 20:11
7630,763002,25,2022,45,6,,,,,,,2,19,2,,,,4,,2024-04-17 20:11
7631,763102,25,2022,41,6,,,,,,,2,3,2,,,,4,,2024-04-17 20:11
7636,763602,25,2022,48,3,1,872,2022m4,1,421,1,2,14,2,100,1,2,4,,2024-04-17 20:11
7636,763603,25,2022,18,2,,,,,,,1,14,1,,,,4,,2024-04-17 20:11
7643,764302,25,2022,41,6,1,842,2008m1,1,311,1,2,8,2,280,1,2,3,,2024-04-17 20:11
7644,764402,25,2022,47,3,1,872,2021m8,1,247,1,2,5,2,192,2,2,5,,2024-04-17 20:11
7646,764603,25,2022,36,5,1,422,2017m8,1,761,1,2,5,1,277,1,3,5,,2024-04-17 20:11
7650,765003,25,2022,46,6,,,,,,,2,1,2,,,,5,,2024-04-17 20:11
7652,765202,25,2022,39,6,1,844,2005m11,1,311,1,2,5,1,478,1,3,5,,2024-04-17 20:11
10099,765205,25,2022,63,3,,,,,,,3,5,2,,,,4,,2024-04-17 20:11
7653,765302,25,2022,47,6,1,649,2002m7,1,313,1,2,1,1,600,1,3,4,,2024-04-17 20:11
7660,766002,25,2022,44,4,,,,,,,2,5,2,,,,5,,2024-04-17 20:11
7662,766202,25,2022,56,6,2,902,2021m10,4,282,2,3,13,1,100,,2,5,,2024-04-17 20:11
7663,766302,25,2022,41,5,1,241,2006m5,1,762,1,2,13,1,523,1,3,4,,2024-04-17 20:11
7667,766702,25,2022,47,6,2,464,2009m11,4,510,2,3,1,1,500,,3,4,,2024-04-17 20:11
7670,767002,25,2022,42,6,2,855,2018m11,4,254,2,2,7,2,500,,3,5,,2024-04-17 20:11
7674,767402,25,2022,44,5,1,464,2016m4,1,510,1,2,8,1,270,1,3,4,,2024-04-17 20:11
7674,767405,25,2022,81,2,,,,,,,3,8,1,,,,4,,2024-04-17 20:11
7677,767702,25,2022,42,5,,,,,,,2,7,2,,,,5,,2024-04-17 20:11
7678,767802,25,2022,43,6,1,259,2019m10,1,285,1,2,8,1,480,1,2,4,,2024-04-17 20:11
7679,767902,25,2022,44,3,2,953,2013m1,4,761,2,2,5,1,300,,3,5,,2024-04-17 20:11
7679,767903,25,2022,15,2,,,,,,,1,5,2,,,,5,,2024-04-17 20:11
7688,768802,25,2022,41,5,,,,,,,2,8,2,,,,3,,2024-04-17 20:11
7691,769102,25,2022,41,3,1,902,2019m1,1,412,1,2,8,1,230,2,3,5,,2024-04-17 20:11
7697,769702,25,2022,46,5,,,,,,,2,8,2,,,,4,,2024-04-17 20:11
7701,770102,25,2022,41,5,2,471,2021m9,4,521,2,2,8,2,200,,2,3,,2024-04-17 20:11
7702,770202,25,2022,53,6,1,620,1998m3,1,222,1,2,1,1,600,1,2,4,,2024-04-17 20:11
7707,770702,25,2022,45,4,1,412,2015m2,1,743,1,2,8,1,465,1,3,4,,2024-04-17 20:11
7709,770902,25,2022,49,3,2,423,2021m1,4,761,2,2,8,1,250,,3,5,,2024-04-17 20:11
7725,772502,25,2022,36,5,,,,,,,2,8,2,,,,3,,2024-04-17 20:11
7731,773102,25,2022,41,5,1,861,2005m3,1,312,1,2,8,1,300,1,3,5,,2024-04-17 20:11
7737,773702,25,2022,41,6,1,465,2021m1,1,313,1,2,5,2,245,1,2,4,,2024-04-17 20:11
7738,773802,25,2022,40,3,,,,,,,2,12,2,,,,4,,2024-04-17 20:11
7740,774002,25,2022,42,3,,,,,,,2,8,2,,,,5,,2024-04-17 20:11
7746,774602,25,2022,38,5,1,872,2021m3,1,247,1,2,13,2,100,2,3,4,,2024-04-17 20:11
7748,774802,25,2022,40,5,1,272,2011m6,1,235,1,2,8,1,470,1,3,5,,2024-04-17 20:11
7757,775702,25,2022,46,5,2,855,2013m3,4,254,2,2,14,2,300,,2,3,,2024-04-17 20:11
7759,775903,25,2022,45,6,1,242,2017m10,1,312,1,2,15,1,313,1,3,4,,2024-04-17 20:11
7760,776002,25,2022,48,6,1,421,2005m1,1,784,1,2,15,1,420,1,3,5,,2024-04-17 20:11
7762,776202,25,2022,44,6,1,852,2002m3,1,252,1,2,15,2,390,1,2,4,,2024-04-17 20:11
10394,776502,25,2022,46,5,1,863,2007m1,1,243,1,3,15,2,320,1,2,5,,2024-04-17 20:11
7765,776503,25,2022,18,2,,,,,,,1,15,2,,,,6,,2024-04-17 20:11
7765,776504,25,2022,16,2,,,,,,,1,15,2,,,,6,,2024-04-17 20:11
7767,776702,25,2022,46,6,1,494,2019m10,1,320,1,2,8,1,600,1,2,2,,2024-04-17 20:11
7768,776802,25,2022,40,6,1,861,2004m3,1,245,1,2,7,2,500,1,2,4,,2024-04-17 20:11
7771,777102,25,2022,41,5,1,259,2016m1,1,841,1,2,2,1,400,1,3,4,,2024-04-17 20:11
7772,777202,25,2022,40,4,2,561,2017m7,4,441,2,2,3,2,500,,3,4,,2024-04-17 20:11
7781,778102,25,2022,39,3,,,,,,,2,1,2,,,,3,,2024-04-17 20:11
7785,778502,25,2022,42,5,1,292,2020m1,1,312,1,2,5,1,390,1,3,4,,2024-04-17 20:11
7789,778902,25,2022,42,6,1,852,2013m3,1,252,1,2,1,1,350,1,2,3,,2024-04-17 20:11
7791,779102,25,2022,44,5,,,,,,,2,1,2,,,,4,,2024-04-17 20:11
7792,779202,25,2022,41,5,1,863,2006m3,1,244,1,2,5,2,320,1,2,4,,2024-04-17 20:11
7793,779302,25,2022,45,5,,,,,,,2,8,2,,,,3,,2024-04-17 20:11
7795,779502,25,2022,38,6,,,,,,,2,8,2,,,,2,,2024-04-17 20:11
7797,779702,25,2022,48,3,1,492,2021m5,1,873,1,2,8,1,390,1,2,3,,2024-04-17 20:11
7797,779703,25,2022,20,4,,,,,,,1,8,2,,,,4,,2024-04-17 20:11
7797,779704,25,2022,15,2,,,,,,,1,8,1,,,,5,,2024-04-17 20:11
7798,779802,25,2022,51,6,1,466,2013m3,1,510,1,2,8,1,450,1,3,4,,2024-04-17 20:11
7798,779803,25,2022,20,4,,,,,,,1,8,1,,,,4,,2024-04-17 20:11
7799,779902,25,2022,47,6,2,463,2009m12,4,521,2,2,8,1,500,,3,4,,2024-04-17 20:11
7799,779903,25,2022,19,4,1,471,2022m1,2,521,1,1,8,1,52,2,3,4,,2024-04-17 20:11
7799,779904,25,2022,15,2,,,,,,,1,8,1,,,,4,,2024-04-17 20:11
7800,780002,25,2022,44,4,2,951,2018m6,4,771,2,2,5,1,250,,3,5,,2024-04-17 20:11
7801,780102,25,2022,48,5,1,479,2018m3,1,531,1,2,5,1,300,1,3,5,,2024-04-17 20:11
7802,780202,25,2022,45,6,1,301,2006m3,1,235,1,2,1,1,450,1,3,3,,2024-04-17 20:11
7805,780502,25,2022,44,4,2,466,2020m3,4,510,2,2,5,1,1000,,3,4,,2024-04-17 20:11
7808,780802,25,2022,48,6,1,529,2000m5,1,771,1,2,5,1,413,1,2,4,,2024-04-17 20:11
7809,780902,25,2022,41,4,1,479,2017m8,1,312,1,2,8,2,150,1,3,5,,2024-04-17 20:11
7811,781102,25,2022,46,4,,,,,,,2,1,1,,,,4,,2024-04-17 20:11
7815,781502,25,2022,54,6,1,853,2009m3,1,251,1,2,1,2,400,1,4,3,,2024-04-17 20:11
7816,781602,25,2022,42,6,1,529,2021m6,1,274,1,2,7,1,510,1,2,4,,2024-04-17 20:11
7817,781702,25,2022,42,5,1,751,2018m11,2,312,1,2,2,2,150,2,3,4,,2024-04-17 20:11
7820,782002,25,2022,40,5,1,852,2006m7,1,311,1,2,1,1,290,1,3,5,,2024-04-17 20:11
7821,782102,25,2022,41,5,,,,,,,2,8,2,,,,4,,2024-04-17 20:11
7822,782203,25,2022,41,5,1,424,2017m3,1,141,1,2,15,1,400,1,3,4,,2024-04-17 20:11
7823,782302,25,2022,45,6,2,551,2016m10,4,432,2,2,16,1,250,,3,3,,2024-04-17 20:11
7824,782402,25,2022,46,3,,,,,,,2,2,2,,,,4,,2024-04-17 20:11
7826,782602,25,2022,40,6,1,641,2007m8,1,312,1,2,1,1,800,1,2,3,,2024-04-17 20:11
7829,782902,25,2022,36,5,,,,,,,2,7,2,,,,4,,2024-04-17 20:11
7830,783002,25,2022,41,6,1,311,2011m8,1,235,1,2,15,1,450,1,2,4,,2024-04-17 20:11
7831,783102,25,2022,45,6,2,463,2007m3,4,521,2,2,2,1,700,,2,3,,2024-04-17 20:11
7832,783202,25,2022,44,3,1,424,2019m1,3,782,1,3,2,1,400,2,2,4,,2024-04-17 20:11
7833,783302,25,2022,39,3,,,,,,,2,15,2,,,,5,,2024-04-17 20:11
7837,783702,25,2022,43,5,,,,,,,2,3,2,,,,5,,2024-04-17 20:11
7843,784302,25,2022,36,6,,,,,,,2,5,2,,,,5,,2024-04-17 20:11
7844,784402,25,2022,46,6,2,855,,4,254,2,2,8,1,500,,2,3,,2024-04-17 20:11
7847,784702,25,2022,44,5,,,,,,,2,5,2,,,,4,,2024-04-17 20:11
7849,784903,25,2022,35,3,1,303,2016m3,1,312,1,1,6,1,170,1,3,5,,2024-04-17 20:11
7853,785302,25,2022,42,6,1,852,2003m3,1,252,1,2,4,2,404,1,3,4,,2024-04-17 20:11
7855,785502,25,2022,36,5,1,729,2016m1,1,236,1,2,7,1,370,2,3,5,,2024-04-17 20:11
7856,785602,25,2022,43,6,1,493,2006m3,1,312,1,2,7,1,350,1,3,5,,2024-04-17 20:11
7857,785702,25,2022,40,6,1,861,2009m2,1,245,1,2,8,2,330,1,2,3,,2024-04-17 20:11
7858,785802,25,2022,39,5,,,,,,,2,8,2,,,,5,,2024-04-17 20:11
7859,785902,25,2022,43,5,1,412,2014m1,1,313,1,2,14,2,236,1,2,3,,2024-04-17 20:11
7860,786002,25,2022,53,5,1,211,1996m3,1,232,1,2,8,1,680,1,2,3,,2024-04-17 20:11
7862,786202,25,2022,34,3,,,,,,,2,1,2,,,,4,,2024-04-17 20:11
7863,786303,25,2022,43,5,1,581,2022m2,1,285,1,2,8,2,200,1,2,3,,2024-04-17 20:11
7864,786402,25,2022,29,4,1,262,2022m1,1,312,1,2,8,2,200,1,2,3,,2024-04-17 20:11
7865,786502,25,2022,48,6,2,682,2015m6,4,274,2,2,8,1,400,,2,3,,2024-04-17 20:11
7870,787002,25,2022,37,6,,,,,,,2,8,2,,,,5,,2024-04-17 20:11
7871,787102,25,2022,40,3,,,,,,,2,9,2,,,,4,,2024-04-17 20:11
7874,787402,25,2022,37,6,1,351,2012m10,1,311,1,2,10,1,420,1,2,4,,2024-04-17 20:11
7876,787602,25,2022,44,6,1,842,2006m5,1,259,1,2,10,2,320,1,2,3,,2024-04-17 20:11
7876,787603,25,2022,18,2,,,,,,,1,10,2,,,,3,,2024-04-17 20:11
7876,787604,25,2022,15,2,,,,,,,1,10,2,,,,3,,2024-04-17 20:11
7881,788102,25,2022,40,3,,,,,,,2,11,2,,,,4,,2024-04-17 20:11
7882,788202,25,2022,45,6,1,701,2015m3,1,233,1,2,12,1,420,1,2,4,,2024-04-17 20:11
7883,788302,25,2022,39,3,,,,,,,2,11,2,,,,3,,2024-04-17 20:11
7884,788402,25,2022,48,6,1,422,2006m1,1,312,1,2,8,1,435,1,3,4,,2024-04-17 20:11
7884,788403,25,2022,17,2,,,,,,,1,8,2,,,,4,,2024-04-17 20:11
7884,788404,25,2022,15,2,,,,,,,1,8,2,,,,4,,2024-04-17 20:11
7886,788602,25,2022,44,6,1,649,2014m3,1,412,1,2,12,1,583,1,2,4,,2024-04-17 20:11
7888,788802,25,2022,37,6,1,902,2022m3,2,312,1,2,19,2,90,2,2,4,,2024-04-17 20:11
7892,789202,25,2022,37,3,,,,,,,2,13,2,,,,4,,2024-04-17 20:11
7892,789206,25,2022,71,2,1,872,2020m3,1,612,1,3,13,2,110,2,3,4,,2024-04-17 20:11
7894,789402,25,2022,41,5,,,,,,,2,14,2,,,,4,,2024-04-17 20:11
7895,789502,25,2022,38,6,,,,,,,2,8,2,,,,3,,2024-04-17 20:11
7897,789702,25,2022,42,6,1,411,2014m5,1,312,1,2,14,1,450,1,1,3,,2024-04-17 20:11
7898,789802,25,2022,45,5,3,752,2013m2,5,392,2,2,14,1,,,2,5,,2024-04-17 20:11
7899,789902,25,2022,42,4,1,521,2016m3,1,312,1,2,8,1,450,1,2,3,,2024-04-17 20:11
7900,790002,25,2022,37,6,1,303,2015m1,1,236,1,2,14,1,390,1,2,4,,2024-04-17 20:11
7905,790502,25,2022,51,6,1,463,1997m3,1,312,1,2,15,1,430,1,2,3,,2024-04-17 20:11
7906,790602,25,2022,42,6,,,,,,,2,2,2,,,,4,,2024-04-17 20:11
7908,790802,25,2022,41,4,1,843,2003m3,1,980,1,2,8,1,536,1,3,5,,2024-04-17 20:11
7910,791002,25,2022,46,6,1,641,2002m3,1,320,1,2,1,1,750,1,3,4,,2024-04-17 20:11
7911,791102,25,2022,37,3,1,303,2013m2,1,930,1,2,11,2,111,2,3,4,,2024-04-17 20:11
7914,791402,25,2022,47,6,1,211,2016m9,1,312,1,2,1,2,600,1,3,3,,2024-04-17 20:11
7917,791702,25,2022,43,5,1,264,2015m3,1,235,1,2,1,1,350,1,2,4,,2024-04-17 20:11
7918,791802,25,2022,42,6,1,702,2010m3,1,212,1,2,8,1,400,1,2,4,,2024-04-17 20:11
7928,792802,25,2022,78,2,,,,,,,2,11,2,,,,4,,2024-04-17 20:11
7946,794603,25,2022,38,3,,,,,,,2,14,2,,,,4,,2024-04-17 20:11
7949,794902,25,2022,37,4,,,,,,,2,7,2,,,,4,,2024-04-17 20:11
7952,795202,25,2022,41,5,,,,,,,2,9,2,,,,5,,2024-04-17 20:11
7955,795502,25,2022,41,3,,,,,,,2,8,2,,,,5,,2024-04-17 20:11
7957,795702,25,2022,35,5,,,,,,,2,8,2,,,,4,,2024-04-17 20:11
7962,796202,25,2022,44,6,1,850,2019m3,1,312,1,2,8,2,290,1,3,4,,2024-04-17 20:11
7975,797502,25,2022,41,5,1,271,2005m9,1,235,1,2,8,1,450,1,2,4,,2024-04-17 20:11
7983,798302,25,2022,38,3,1,411,2020m11,2,313,1,2,8,2,240,2,3,5,,2024-04-17 20:11
7990,799002,25,2022,44,3,,,,,,,2,8,2,,,,5,,2024-04-17 20:11
7993,799302,25,2022,37,6,,,,,,,2,3,2,,,,3,,2024-04-17 20:11
7994,799402,25,2022,39,3,,,,,,,2,10,2,,,,4,,2024-04-17 20:11
7995,799502,25,2022,35,6,1,641,2014m1,1,312,1,2,10,1,400,1,2,4,,2024-04-17 20:11
8002,800202,25,2022,31,5,1,872,2013m2,1,247,1,2,8,2,245,1,3,4,,2024-04-17 20:11
8004,800402,25,2022,42,6,1,479,2015m1,1,399,1,2,8,2,145,2,3,5,,2024-04-17 20:11
8005,800504,25,2022,29,5,1,241,2016m1,1,841,1,2,14,1,500,1,3,4,,2024-04-17 20:11
8013,801302,25,2022,33,5,,,,,,,2,15,2,,,,4,,2024-04-17 20:11
8014,801402,25,2022,41,5,1,311,2008m8,1,743,1,2,15,1,500,1,2,5,,2024-04-17 20:11
8018,801802,25,2022,38,4,2,912,2021m10,4,521,2,2,11,1,30,,3,4,,2024-04-17 20:11
8021,802102,25,2022,40,6,,,,,,,2,8,2,,,,5,,2024-04-17 20:11
8022,802202,25,2022,42,5,1,841,2021m6,1,311,1,2,1,2,180,1,2,4,,2024-04-17 20:11
8029,802902,25,2022,40,6,,,,,,,2,1,2,,,,4,,2024-04-17 20:11
8030,803002,25,2022,39,5,,,,,,,2,8,2,,,,4,,2024-04-17 20:11
8032,803202,25,2022,39,6,1,612,2011m1,1,221,1,2,5,1,400,1,2,5,,2024-04-17 20:11
8035,803502,25,2022,41,6,,,,,,,2,1,2,,,,6,,2024-04-17 20:11
8037,803702,25,2022,44,6,1,261,2005m3,1,235,1,2,1,1,800,1,2,4,,2024-04-17 20:11
8038,803802,25,2022,34,6,,,,,,,2,1,2,,,,4,,2024-04-17 20:11
8039,803902,25,2022,41,5,3,961,2008m6,5,422,2,2,1,2,,,2,6,,2024-04-17 20:11
8040,804002,25,2022,35,5,,,,,,,2,1,2,,,,4,,2024-04-17 20:11
8041,804102,25,2022,51,3,1,339,2017m7,1,313,1,2,8,2,245,2,2,5,,2024-04-17 20:11
8045,804502,25,2022,40,6,1,411,2007m12,1,312,1,2,8,1,650,1,2,3,,2024-04-17 20:11
8046,804602,25,2022,42,5,,,,,,,2,1,2,,,,5,,2024-04-17 20:11
8050,805002,25,2022,37,4,2,961,2020m10,4,422,2,2,2,2,300,,2,4,,2024-04-17 20:11
8053,805302,25,2022,43,6,1,529,2009m5,1,312,1,2,2,1,320,1,3,4,,2024-04-17 20:11
8054,805402,25,2022,39,5,2,241,2009m1,4,510,2,2,2,1,450,,2,4,,2024-04-17 20:11
8058,805802,25,2022,27,3,,,,,,,2,15,2,,,,5,,2024-04-17 20:11
8059,805902,25,2022,31,2,,,,,,,2,2,2,,,,3,,2024-04-17 20:11
8062,806202,25,2022,40,6,1,912,2006m5,1,432,1,2,1,2,100,1,2,4,,2024-04-17 20:11
8064,806402,25,2022,38,6,1,451,2002m3,1,314,1,2,2,2,500,1,2,3,,2024-04-17 20:11
8065,806502,25,2022,41,6,,,,,,,2,8,2,,,,5,,2024-04-17 20:11
8066,806602,25,2022,40,3,,,,,,,2,14,2,,,,4,,2024-04-17 20:11
8067,806702,25,2022,46,5,2,493,2009m2,4,921,2,2,2,1,300,,3,4,,2024-04-17 20:11
8069,806902,25,2022,44,6,1,852,2004m3,1,259,1,2,14,1,630,1,2,3,,2024-04-17 20:11
8071,807102,25,2022,43,5,1,561,2021m12,2,952,1,2,3,2,100,2,2,3,,2024-04-17 20:11
8072,807202,25,2022,42,6,,,,,,,2,14,2,,,,4,,2024-04-17 20:11
8075,807502,25,2022,47,5,1,473,1996m3,1,151,1,2,3,1,500,1,3,4,,2024-04-17 20:11
8077,807702,25,2022,36,3,,,,,,,2,5,2,,,,5,,2024-04-17 20:11
8078,807802,25,2022,40,4,2,951,2007m11,4,521,2,2,5,1,300,,3,5,,2024-04-17 20:11
8081,808102,25,2022,56,3,1,466,2014m3,1,875,1,2,15,1,250,1,2,4,,2024-04-17 20:11
8083,808302,25,2022,42,5,2,424,2017m3,4,782,2,2,5,1,500,,2,3,,2024-04-17 20:11
8085,808502,25,2022,40,3,,,,,,,2,5,2,,,,5,,2024-04-17 20:11
8086,808602,25,2022,43,4,,,,,,,2,6,2,,,,4,,2024-04-17 20:11
8087,808702,25,2022,44,6,1,641,2004m4,1,312,1,2,8,1,330,1,3,3,,2024-04-17 20:11
8097,809702,25,2022,45,6,1,611,2005m3,1,922,1,2,4,1,420,1,2,4,,2024-04-17 20:11
8099,809902,25,2022,48,6,1,351,2000m3,1,862,1,2,7,1,800,1,2,4,,2024-04-17 20:11
8100,810002,25,2022,40,6,,,,,,,2,7,2,,,,3,,2024-04-17 20:11
8101,810102,25,2022,38,6,1,841,2019m8,1,311,1,2,8,2,200,2,3,4,,2024-04-17 20:11
8102,810202,25,2022,41,5,,,,,,,2,8,2,,,,4,,2024-04-17 20:11
8107,810702,25,2022,42,6,,,,,,,2,8,2,,,,4,,2024-04-17 20:11
8108,810802,25,2022,44,6,1,172,2004m7,1,312,1,2,5,1,650,1,3,3,,2024-04-17 20:11
8111,811102,25,2022,64,3,,,,,,,2,1,2,,,,3,,2024-04-17 20:11
8113,811302,25,2022,44,3,2,493,2020m6,4,873,2,2,8,1,500,,3,3,,2024-04-17 20:11
8114,811402,25,2022,34,3,1,281,2020m7,1,312,1,2,8,1,400,1,2,3,,2024-04-17 20:11
8115,811502,25,2022,40,3,,,,,,,2,15,2,,,,5,,2024-04-17 20:11
8116,811602,25,2022,37,5,1,753,2012m12,1,412,1,2,8,1,500,1,3,4,,2024-04-17 20:11
8117,811702,25,2022,75,3,,,,,,,2,8,1,,,,5,,2024-04-17 20:11
8121,812102,25,2022,46,3,1,410,2018m9,3,910,1,2,8,1,260,2,3,5,,2024-04-17 20:11
10007,812302,25,2022,36,3,1,259,2020m7,1,312,1,2,8,2,215,1,2,5,,2024-04-17 20:11
8124,812402,25,2022,37,6,1,741,2013m4,1,753,1,2,8,1,340,1,2,5,,2024-04-17 20:11
8126,812602,25,2022,41,6,1,872,2015m3,2,247,1,2,9,2,300,2,3,5,,2024-04-17 20:11
8129,812902,25,2022,34,6,,,,,,,2,4,2,,,,4,,2024-04-17 20:11
8131,813102,25,2022,39,6,,,,,,,2,8,2,,,,3,,2024-04-17 20:11
8132,813202,25,2022,37,3,2,561,2008m3,4,521,2,2,10,1,800,,3,4,,2024-04-17 20:11
8134,813402,25,2022,44,5,1,241,2012m2,1,312,1,2,11,1,450,1,2,4,,2024-04-17 20:11
8136,813602,25,2022,49,3,1,351,2022m2,2,312,1,2,11,1,377,2,4,5,,2024-04-17 20:11
8140,814002,25,2022,50,5,1,340,2019m4,1,753,1,2,5,1,770,2,2,3,,2024-04-17 20:11
8143,814302,25,2022,37,5,1,475,2022m3,1,521,1,2,13,2,200,1,3,4,,2024-04-17 20:11
8151,815102,25,2022,43,6,1,351,2007m4,1,861,1,2,15,1,800,1,2,3,,2024-04-17 20:11
8152,815202,25,2022,39,3,,,,,,,2,19,2,,,,3,,2024-04-17 20:11
8153,815302,25,2022,39,6,1,872,2017m3,1,247,1,2,15,2,200,1,2,4,,2024-04-17 20:11
8155,815502,25,2022,39,5,,,,,,,2,15,2,,,,4,,2024-04-17 20:11
8158,815802,25,2022,27,3,1,473,2020m1,1,761,1,2,13,1,350,1,3,4,,2024-04-17 20:11
8160,816002,25,2022,46,6,,,,,,,2,5,1,,,,5,,2024-04-17 20:11
8165,816502,25,2022,37,6,,,,,,,2,10,2,,,,3,,2024-04-17 20:11
8173,817302,25,2022,41,6,,,,,,,2,1,2,,,,4,,2024-04-17 20:11
8185,818502,25,2022,49,6,2,856,2018m3,4,254,2,2,8,1,1000,,2,4,,2024-04-17 20:11
8187,818702,25,2022,46,6,1,949,2010m2,1,248,1,2,1,1,200,1,2,5,,2024-04-17 20:11
8196,819602,25,2022,79,3,,,,,,,2,9,1,,,,4,,2024-04-17 20:11
8199,819902,25,2022,47,6,,,,,,,2,8,2,,,,4,,2024-04-17 20:11
8208,820802,25,2022,40,5,,,,,,,2,15,2,,,,6,,2024-04-17 20:11
8218,821804,25,2022,47,6,1,561,2020m7,1,441,1,2,5,1,295,1,3,4,,2024-04-17 20:11
8225,822502,25,2022,42,6,2,729,2021m9,4,239,2,2,8,1,240,,3,5,,2024-04-17 20:11
8235,823503,25,2022,43,3,1,753,2002m3,1,412,1,2,8,1,260,1,3,4,,2024-04-17 20:11
8236,823602,25,2022,40,6,2,911,2021m7,4,286,2,2,8,1,400,,2,5,,2024-04-17 20:11
8243,824302,25,2022,48,6,1,853,2018m3,1,251,1,2,8,1,400,2,3,3,,2024-04-17 20:11
8244,824402,25,2022,39,6,2,561,2019m9,4,312,2,2,1,1,500,,3,3,,2024-04-17 20:11
8244,824403,25,2022,68,6,1,721,2016m3,1,231,1,2,1,1,700,1,3,3,,2024-04-17 20:11
8244,824404,25,2022,68,3,,,,,,,2,1,2,,,,3,,2024-04-17 20:11
8247,824702,25,2022,39,6,1,852,2017m3,1,252,1,2,15,2,320,1,2,3,,2024-04-17 20:11
8255,825502,25,2022,39,6,2,855,2020m4,4,254,2,2,8,2,400,,2,4,,2024-04-17 20:11
8263,826302,25,2022,42,6,1,473,2015m11,1,521,1,2,8,1,480,1,3,3,,2024-04-17 20:11
8264,826402,25,2022,40,6,1,641,2021m9,2,392,1,2,8,2,290,2,3,5,,2024-04-17 20:11
8266,826602,25,2022,45,6,1,303,2015m1,1,312,1,2,9,1,360,1,2,3,,2024-04-17 20:11
8269,826902,25,2022,45,6,1,461,2022m4,1,274,1,2,8,2,250,2,2,4,,2024-04-17 20:11
8273,827302,25,2022,41,6,1,201,2008m3,1,753,1,2,12,1,350,1,2,4,,2024-04-17 20:11
8278,827802,25,2022,40,6,1,107,2013m7,1,811,1,2,11,1,400,1,2,3,,2024-04-17 20:11
8285,828502,25,2022,48,5,2,474,2020m10,4,521,2,2,14,2,250,,2,4,,2024-04-17 20:11
8286,828602,25,2022,37,6,1,291,2018m8,1,314,1,2,8,2,290,2,3,3,,2024-04-17 20:11
8289,828902,25,2022,42,6,,,,,,,2,8,2,,,,4,,2024-04-17 20:11
8292,829203,25,2022,52,5,1,464,2020m1,3,910,1,2,5,2,96,2,3,5,,2024-04-17 20:11
8294,829402,25,2022,44,3,1,303,2003m3,1,854,1,2,15,1,375,2,2,4,,2024-04-17 20:11
8295,829502,25,2022,48,3,3,464,2015m4,5,521,2,2,1,2,,,4,5,,2024-04-17 20:11
8298,829802,25,2022,41,6,1,841,2005m3,1,311,1,2,8,2,300,1,2,3,,2024-04-17 20:11
8300,830002,25,2022,48,6,1,107,2002m8,1,922,1,2,8,1,430,1,2,3,,2024-04-17 20:11
8305,830503,25,2022,38,6,1,259,2020m9,1,851,1,2,12,1,363,1,3,4,,2024-04-17 20:11
8307,830702,25,2022,39,3,,,,,,,2,1,2,,,,5,,2024-04-17 20:11
8308,830802,25,2022,43,3,1,474,2018m1,1,312,1,2,1,2,300,1,3,4,,2024-04-17 20:11
8312,831202,25,2022,37,6,,,,,,,2,1,2,,,,5,,2024-04-17 20:11
962,831302,25,2022,44,6,1,949,2018m2,1,248,1,2,1,1,100,1,3,4,,2024-04-17 20:11
10126,831502,25,2022,37,6,,,,,,,2,1,2,,,,4,,2024-04-17 20:11
8316,831602,25,2022,43,6,1,582,2010m3,1,222,1,2,1,1,400,1,3,4,,2024-04-17 20:11
8325,832502,25,2022,42,5,1,301,2018m4,1,854,1,2,2,1,630,1,3,4,,2024-04-17 20:11
8326,832602,25,2022,39,6,1,872,2022m3,2,247,1,2,2,2,96,2,3,4,,2024-04-17 20:11
8327,832702,25,2022,40,3,,,,,,,2,15,2,,,,5,,2024-04-17 20:11
8329,832902,25,2022,33,5,,,,,,,2,2,2,,,,4,,2024-04-17 20:11
8330,833002,25,2022,42,6,1,259,2015m9,1,236,1,2,2,1,420,1,2,4,,2024-04-17 20:11
8331,833102,25,2022,38,3,1,424,2016m3,3,783,1,2,2,1,400,2,3,5,,2024-04-17 20:11
8332,833202,25,2022,42,5,1,303,2016m6,1,312,1,2,15,1,,1,3,4,,2024-04-17 20:11
8333,833302,25,2022,41,4,1,291,2009m4,1,274,1,2,2,1,350,1,3,4,,2024-04-17 20:11
8335,833502,25,2022,40,3,1,961,2009m3,1,422,1,2,2,2,250,1,2,6,,2024-04-17 20:11
8336,833602,25,2022,45,3,1,161,2007m3,1,891,1,2,2,1,400,1,2,4,,2024-04-17 20:11
8337,833702,25,2022,36,3,,,,,,,2,3,2,,,,4,,2024-04-17 20:11
8338,833802,25,2022,46,6,2,303,2019m11,4,842,2,2,14,1,1000,,2,3,,2024-04-17 20:11
8339,833902,25,2022,43,6,1,311,2003m12,1,235,1,2,15,1,650,1,3,4,,2024-04-17 20:11
8340,834002,25,2022,49,3,1,682,2015m2,1,274,1,2,3,1,200,2,2,5,,2024-04-17 20:11
8344,834402,25,2022,44,6,1,291,2007m4,1,235,1,2,3,1,700,1,2,3,,2024-04-17 20:11
8345,834502,25,2022,44,6,2,472,2019m11,4,521,2,2,3,1,800,,2,4,,2024-04-17 20:11
8348,834802,25,2022,37,5,1,424,2015m11,1,313,1,2,5,2,330,1,2,3,,2024-04-17 20:11
8351,835102,25,2022,42,5,2,529,2020m10,4,271,2,2,5,2,200,,3,4,,2024-04-17 20:11
8352,835202,25,2022,40,5,1,463,2014m3,1,312,1,2,8,1,306,2,3,5,,2024-04-17 20:11
8353,835302,25,2022,40,5,,,,,,,2,8,2,,,,3,,2024-04-17 20:11
8356,835602,25,2022,33,4,1,259,2018m1,1,841,1,2,2,1,270,1,3,5,,2024-04-17 20:11
8357,835702,25,2022,39,6,1,311,2009m3,1,235,1,2,7,1,530,1,2,4,,2024-04-17 20:11
8358,835802,25,2022,41,6,1,872,2022m4,1,247,1,2,1,2,95,2,2,4,,2024-04-17 20:11
8360,836002,25,2022,37,6,2,493,2022m4,4,873,2,2,10,1,700,,2,4,,2024-04-17 20:11
8362,836202,25,2022,43,5,1,872,2022m3,3,254,1,2,8,2,120,2,3,4,,2024-04-17 20:11
8363,836302,25,2022,39,5,1,340,2019m7,1,762,1,2,8,1,300,1,3,5,,2024-04-17 20:11
8365,836502,25,2022,32,3,1,303,2022m3,1,854,1,2,8,2,235,2,3,4,,2024-04-17 20:11
8366,836602,25,2022,39,3,,,,,,,2,8,2,,,,5,,2024-04-17 20:11
8368,836802,25,2022,38,6,1,701,2011m1,1,234,1,2,8,1,800,1,2,4,,2024-04-17 20:11
8369,836902,25,2022,39,6,1,861,2008m4,1,245,1,2,8,2,270,1,3,3,,2024-04-17 20:11
8371,837102,25,2022,41,4,2,561,2021m7,4,441,2,2,8,1,200,,5,5,,2024-04-17 20:11
8372,837202,25,2022,41,5,1,641,2004m4,1,312,1,2,8,1,400,1,2,5,,2024-04-17 20:11
8373,837302,25,2022,39,5,,,,,,,2,8,2,,,,3,,2024-04-17 20:11
8374,837402,25,2022,42,5,,,,,,,2,8,2,,,,5,,2024-04-17 20:11
8376,837602,25,2022,37,5,1,942,2017m1,1,313,1,2,11,2,250,1,2,4,,2024-04-17 20:11
8378,837802,25,2022,43,3,,,,,,,2,12,1,,,,4,,2024-04-17 20:11
8379,837902,25,2022,38,3,1,264,2003m3,1,864,1,2,11,1,455,1,3,3,,2024-04-17 20:11
8381,838102,25,2022,40,6,1,351,2011m5,1,861,1,2,12,1,450,1,2,4,,2024-04-17 20:11
8383,838302,25,2022,42,3,,,,,,,2,12,2,,,,4,,2024-04-17 20:11
8385,838502,25,2022,48,4,1,422,1999m11,1,762,1,2,11,1,622,1,2,4,,2024-04-17 20:11
8386,838602,25,2022,43,5,1,241,2007m10,1,743,1,2,11,1,445,1,2,3,,2024-04-17 20:11
8386,838603,25,2022,16,2,,,,,,,1,11,1,,,,3,,2024-04-17 20:11
8387,838702,25,2022,37,4,1,204,2012m7,1,753,1,2,12,1,542,1,3,4,,2024-04-17 20:11
8388,838802,25,2022,38,6,1,204,2017m6,1,237,1,2,19,1,570,1,2,4,,2024-04-17 20:11
8389,838902,25,2022,41,5,1,872,2022m4,1,421,1,2,14,2,100,2,3,3,,2024-04-17 20:11
8390,839002,25,2022,38,6,,,,,,,2,14,2,,,,4,,2024-04-17 20:11
8391,839102,25,2022,44,6,2,12,2021m12,4,613,2,2,14,1,,,3,4,,2024-04-17 20:11
8804,839202,25,2022,41,5,1,753,2005m1,1,312,1,2,14,1,520,1,2,3,,2024-04-17 20:11
8396,839602,25,2022,41,6,,,,,,,2,15,2,,,,4,,2024-04-17 20:11
8397,839702,25,2022,40,6,1,949,2006m5,1,312,1,2,15,2,335,1,2,4,,2024-04-17 20:11
8398,839802,25,2022,43,6,1,872,2011m1,1,313,1,2,15,1,320,1,3,5,,2024-04-17 20:11
8399,839902,25,2022,44,3,1,262,2007m3,1,313,1,2,15,1,500,1,3,5,,2024-04-17 20:11
8402,840202,25,2022,31,6,,,,,,,2,1,2,,,,4,,2024-04-17 20:11
8403,840302,25,2022,28,6,2,732,2017m3,4,285,2,2,8,2,300,,2,3,,2024-04-17 20:11
8406,840602,25,2022,42,3,1,471,2018m10,1,521,1,2,14,2,170,2,3,4,,2024-04-17 20:11
8412,841202,25,2022,36,3,1,862,2018m1,1,243,1,2,8,2,890,2,2,4,,2024-04-17 20:11
8415,841502,25,2022,43,5,1,492,2014m3,1,312,1,2,1,1,260,1,3,4,,2024-04-17 20:11
8418,841802,25,2022,46,6,1,332,2007m5,1,312,1,2,1,1,250,1,3,4,,2024-04-17 20:11
8433,843302,25,2022,43,3,1,465,2015m2,1,312,1,2,2,2,220,1,2,4,,2024-04-17 20:11
8439,843902,25,2022,38,6,1,712,2019m3,1,313,1,2,2,1,300,1,2,5,,2024-04-17 20:11
8443,844302,25,2022,34,3,,,,,,,2,5,2,,,,4,,2024-04-17 20:11
8450,845002,25,2022,30,5,1,581,2019m1,1,313,1,2,5,2,225,1,3,5,,2024-04-17 20:11
8463,846302,25,2022,40,5,3,562,2020m9,5,441,2,2,8,2,,,2,4,,2024-04-17 20:11
8465,846502,25,2022,54,3,,,,,,,2,1,1,,,,4,,2024-04-17 20:11
8472,847202,25,2022,39,3,2,591,2021m3,4,283,2,2,1,2,100,,2,5,,2024-04-17 20:11
8478,847802,25,2022,38,6,1,171,2021m9,1,891,1,2,8,1,350,1,2,3,,2024-04-17 20:11
8479,847902,25,2022,39,3,1,303,2014m3,1,312,1,2,11,1,396,1,3,4,,2024-04-17 20:11
8481,848102,25,2022,33,5,1,262,2013m5,1,753,1,2,11,1,404,1,3,5,,2024-04-17 20:11
8486,848602,25,2022,34,6,1,493,2021m10,1,922,1,2,8,1,300,1,3,5,,2024-04-17 20:11
8488,848802,25,2022,41,6,1,303,2000m3,1,312,1,2,14,1,370,1,3,4,,2024-04-17 20:11
8492,849202,25,2022,46,5,2,713,2010m2,4,510,2,2,8,1,400,,2,3,,2024-04-17 20:11
8496,849602,25,2022,41,3,,,,,,,2,5,2,,,,5,,2024-04-17 20:11
8498,849802,25,2022,35,6,1,852,2011m3,1,252,1,2,3,1,250,1,2,4,,2024-04-17 20:11
8499,849902,25,2022,46,6,1,853,2014m2,1,251,1,2,7,1,550,1,2,4,,2024-04-17 20:11
8503,850302,25,2022,38,6,1,464,2016m3,1,314,1,2,1,2,270,1,2,4,,2024-04-17 20:11
8504,850402,25,2022,42,4,1,521,2013m8,1,312,1,3,11,1,290,1,3,5,,2024-04-17 20:11
8507,850702,25,2022,43,6,1,949,2015m1,1,248,1,2,8,1,280,2,2,3,,2024-04-17 20:11
8509,850902,25,2022,42,5,1,582,2019m2,1,222,1,2,8,1,600,1,3,3,,2024-04-17 20:11
8510,851002,25,2022,43,3,1,291,2022m5,1,312,1,2,2,1,470,1,2,5,,2024-04-17 20:11
8511,851102,25,2022,39,6,2,561,2021m10,4,441,2,2,2,2,250,,3,4,,2024-04-17 20:11
8512,851202,25,2022,37,6,1,857,2019m5,1,254,1,2,15,2,100,2,3,4,,2024-04-17 20:11
8513,851302,25,2022,38,6,1,855,2017m7,1,254,1,2,15,2,200,2,2,4,,2024-04-17 20:11
8514,851402,25,2022,38,6,1,861,2016m3,1,241,1,2,2,1,800,1,3,3,,2024-04-17 20:11
8515,851502,25,2022,47,6,1,529,1992m11,1,312,1,2,2,2,500,1,2,4,,2024-04-17 20:11
8520,852002,25,2022,43,6,1,221,2006m1,1,832,1,2,15,1,400,1,3,5,,2024-04-17 20:11
8521,852102,25,2022,36,5,1,463,2022m4,1,312,1,2,8,2,265,1,2,3,,2024-04-17 20:11
8523,852302,25,2022,41,5,1,301,2010m8,1,854,1,2,7,1,320,1,2,4,,2024-04-17 20:11
8524,852402,25,2022,41,6,1,582,2008m4,1,223,1,2,15,2,250,1,3,4,,2024-04-17 20:11
8525,852502,25,2022,47,6,1,259,2013m4,1,313,1,2,7,2,300,1,3,4,,2024-04-17 20:11
8526,852602,25,2022,33,5,,,,,,,2,11,2,,,,3,,2024-04-17 20:11
8527,852702,25,2022,43,6,1,259,2007m3,1,239,1,2,2,1,340,1,3,5,,2024-04-17 20:11
8528,852802,25,2022,39,5,1,861,2020m1,1,243,1,2,7,2,340,1,3,4,,2024-04-17 20:11
8529,852902,25,2022,33,6,1,303,2021m1,1,312,1,2,7,1,280,1,3,5,,2024-04-17 20:11
8533,853302,25,2022,40,5,2,493,2021m2,4,873,2,2,8,1,900,,2,4,,2024-04-17 20:11
8534,853402,25,2022,38,6,1,479,2015m9,1,284,1,2,8,1,280,1,3,5,,2024-04-17 20:11
8538,853802,25,2022,41,5,1,292,2021m4,1,235,1,2,8,1,380,1,3,3,,2024-04-17 20:11
8540,854002,25,2022,43,6,1,411,2015m5,1,312,1,2,9,1,300,1,2,3,,2024-04-17 20:11
8542,854202,25,2022,46,6,,,,,,,2,10,1,,,,4,,2024-04-17 20:11
8544,854402,25,2022,43,3,1,204,2010m5,1,832,1,2,11,1,400,1,2,4,,2024-04-17 20:11
8545,854502,25,2022,40,4,3,961,2021m4,5,422,2,2,4,2,,,3,4,,2024-04-17 20:11
8546,854602,25,2022,44,3,2,662,2012m3,4,510,2,2,12,1,600,,2,3,,2024-04-17 20:11
8547,854702,25,2022,42,6,1,841,2021m3,1,311,1,2,12,1,600,1,2,4,,2024-04-17 20:11
8548,854802,25,2022,33,6,1,252,2018m12,1,312,1,2,12,1,200,1,2,4,,2024-04-17 20:11
8552,855202,25,2022,41,6,,,,,,,2,7,2,,,,4,,2024-04-17 20:11
8553,855302,25,2022,43,5,1,282,2004m10,1,854,1,2,14,1,645,1,2,4,,2024-04-17 20:11
8555,855502,25,2022,38,6,1,852,2010m1,1,252,1,2,7,1,300,1,2,5,,2024-04-17 20:11
8556,855602,25,2022,46,6,1,303,2017m6,1,235,1,2,2,1,600,1,2,3,,2024-04-17 20:11
8558,855802,25,2022,52,3,1,411,1992m2,3,782,1,2,15,1,250,2,3,5,,2024-04-17 20:11
8559,855902,25,2022,41,5,1,292,2019m6,1,235,1,2,15,1,380,1,3,4,,2024-04-17 20:11
8561,856102,25,2022,41,6,1,463,2017m7,1,922,1,2,2,1,260,1,3,4,,2024-04-17 20:11
8562,856202,25,2022,36,6,1,141,2021m11,1,285,1,2,1,2,380,1,2,4,,2024-04-17 20:11
8563,856302,25,2022,35,4,,,,,,,2,8,2,,,,5,,2024-04-17 20:11
8565,856502,25,2022,41,6,,,,,,,2,1,2,,,,4,,2024-04-17 20:11
8566,856602,25,2022,41,5,1,271,2017m9,1,224,1,2,1,1,700,1,2,4,,2024-04-17 20:11
8570,857002,25,2022,42,6,2,862,2013m6,4,241,2,2,1,1,800,,2,4,,2024-04-17 20:11
8572,857202,25,2022,46,6,1,264,2005m3,1,312,1,2,1,1,1000,1,2,3,,2024-04-17 20:11
8573,857302,25,2022,42,5,,,,,,,2,8,2,,,,5,,2024-04-17 20:11
8574,857402,25,2022,41,6,1,493,2017m6,2,873,1,2,6,1,450,2,3,3,,2024-04-17 20:11
8577,857702,25,2022,35,6,,,,,,,2,8,2,,,,3,,2024-04-17 20:11
8579,857902,25,2022,41,5,2,475,2012m5,4,762,2,2,10,1,1000,,2,3,,2024-04-17 20:11
8580,858002,25,2022,38,6,1,292,2010m5,1,234,1,2,8,2,400,1,3,3,,2024-04-17 20:11
8581,858102,25,2022,37,3,1,331,2017m11,1,285,1,2,1,1,310,1,3,5,,2024-04-17 20:11
8584,858402,25,2022,44,5,1,649,2021m11,1,531,1,2,1,2,150,1,3,4,,2024-04-17 20:11
8586,858602,25,2022,40,6,2,493,2018m1,4,873,2,2,11,1,1000,,2,2,,2024-04-17 20:11
8588,858802,25,2022,38,4,1,262,2005m4,1,863,1,2,8,1,480,1,3,4,,2024-04-17 20:11
8589,858902,25,2022,42,6,1,471,2006m3,1,862,1,2,5,1,285,1,3,5,,2024-04-17 20:11
8591,859102,25,2022,50,6,1,468,2000m3,1,330,1,2,5,1,800,1,2,3,,2024-04-17 20:11
8591,859103,25,2022,15,2,,,,,,,1,5,2,,,,3,,2024-04-17 20:11
8592,859202,25,2022,43,6,1,841,2010m1,1,313,1,2,5,1,370,1,2,4,,2024-04-17 20:11
8597,859702,25,2022,40,6,,,,,,,2,1,2,,,,4,,2024-04-17 20:11
8598,859802,25,2022,49,5,1,291,2002m3,1,753,1,2,1,1,450,1,3,5,,2024-04-17 20:11
8603,860302,25,2022,41,4,3,561,2021m3,5,441,2,2,1,1,,,3,6,,2024-04-17 20:11
8606,860602,25,2022,47,6,3,11,2018m3,5,611,2,2,15,2,,,2,4,,2024-04-17 20:11
8607,860702,25,2022,40,6,1,661,2009m1,1,272,1,2,1,1,700,1,3,3,,2024-04-17 20:11
8610,861002,25,2022,36,5,1,712,2022m1,2,314,1,2,1,2,200,2,2,4,,2024-04-17 20:11
8611,861102,25,2022,39,6,,,,,,,2,15,2,,,,4,,2024-04-17 20:11
8612,861202,25,2022,39,6,1,411,2011m4,1,312,1,2,1,1,250,1,3,4,,2024-04-17 20:11
8614,861402,25,2022,39,6,1,855,2012m3,1,254,1,2,1,1,200,1,3,4,,2024-04-17 20:11
8630,863002,25,2022,44,5,1,281,2021m11,1,234,1,2,2,1,300,1,3,4,,2024-04-17 20:11
8631,863102,25,2022,40,5,1,423,2020m1,1,313,1,2,2,2,220,1,3,5,,2024-04-17 20:11
8632,863202,25,2022,38,6,1,262,2014m4,1,312,1,2,8,1,300,1,2,4,,2024-04-17 20:11
8636,863602,25,2022,36,6,1,841,2014m9,1,311,1,2,2,2,360,1,2,4,,2024-04-17 20:11
8646,864602,25,2022,42,6,1,753,2008m2,1,121,1,2,3,1,350,1,3,4,,2024-04-17 20:11
8652,865202,25,2022,31,6,1,351,2015m2,1,314,1,2,5,2,400,1,2,4,,2024-04-17 20:11
8662,866203,25,2022,39,6,1,711,2012m11,1,330,1,2,1,1,700,1,3,3,,2024-04-17 20:11
8663,866302,25,2022,40,4,1,301,2003m4,1,854,1,2,7,1,570,1,2,4,,2024-04-17 20:11
8664,866402,25,2022,42,6,1,421,2020m1,1,792,1,2,14,1,450,1,2,3,,2024-04-17 20:11
8671,867102,25,2022,46,3,1,423,2010m2,1,772,1,2,8,1,250,2,2,4,,2024-04-17 20:11
8686,868602,25,2022,39,6,1,521,2008m9,1,312,1,2,8,1,480,1,3,4,,2024-04-17 20:11
8687,868702,25,2022,40,5,1,762,2021m6,1,532,1,2,9,2,208,1,3,3,,2024-04-17 20:11
8690,869002,25,2022,44,5,1,620,2014m3,1,223,1,2,11,1,320,1,3,4,,2024-04-17 20:11
8692,869202,25,2022,34,6,1,651,2013m8,1,320,1,2,19,2,150,1,2,4,,2024-04-17 20:11
8694,869402,25,2022,36,5,1,107,2022m5,1,899,1,2,8,1,280,1,3,5,,2024-04-17 20:11
8699,869902,25,2022,34,6,1,844,2014m11,1,411,1,2,19,2,258,1,2,4,,2024-04-17 20:11
8702,870202,25,2022,33,5,1,861,2015m4,1,243,1,2,3,2,,1,2,5,,2024-04-17 20:11
8703,870302,25,2022,34,5,1,242,2018m11,1,841,1,2,14,1,290,2,2,3,,2024-04-17 20:11
8705,870502,25,2022,32,3,1,862,2018m2,1,246,1,2,14,2,250,1,3,4,,2024-04-17 20:11
8707,870702,25,2022,45,6,1,949,2004m2,1,312,1,2,2,1,350,1,2,4,,2024-04-17 20:11
8711,871102,25,2022,34,5,1,662,2020m5,3,510,1,2,1,1,700,2,2,4,,2024-04-17 20:11
8721,872102,25,2022,33,3,1,222,2012m2,1,930,1,3,12,1,495,1,2,4,,2024-04-17 20:11
8722,872202,25,2022,40,4,2,713,2018m1,4,285,2,2,16,1,240,,3,4,,2024-04-17 20:11
8723,872302,25,2022,40,6,3,562,2018m4,5,441,2,2,8,1,,,3,5,,2024-04-17 20:11
8726,872602,25,2022,40,6,,,,,,,2,1,2,,,,3,,2024-04-17 20:11
8729,872902,25,2022,40,6,3,856,2018m10,5,312,2,2,8,2,,,3,4,,2024-04-17 20:11
8730,873002,25,2022,35,6,1,475,2021m8,1,313,1,2,8,2,198,1,3,5,,2024-04-17 20:11
8731,873104,25,2022,59,3,2,493,2000m3,4,873,2,2,1,1,1500,,3,3,,2024-04-17 20:11
8732,873202,25,2022,42,6,2,581,2021m11,4,281,2,2,1,1,200,,3,3,,2024-04-17 20:11
8734,873402,25,2022,41,6,1,844,2012m5,1,411,1,2,1,1,350,1,3,4,,2024-04-17 20:11
8736,873602,25,2022,40,3,,,,,,,2,1,2,,,,5,,2024-04-17 20:11
8739,873902,25,2022,32,6,1,901,2018m8,1,284,1,2,1,2,450,2,2,4,,2024-04-17 20:11
8742,874202,25,2022,43,5,,,,,,,2,19,2,,,,4,,2024-04-17 20:11
8743,874302,25,2022,38,6,,,,,,,2,8,2,,,,3,,2024-04-17 20:11
8745,874502,25,2022,43,6,1,463,2006m5,1,312,1,2,2,1,370,1,3,4,,2024-04-17 20:11
8747,874703,25,2022,36,6,1,851,2013m9,1,252,1,2,3,1,350,1,2,3,,2024-04-17 20:11
8749,874902,25,2022,33,5,1,134,2021m10,1,821,1,2,2,2,190,1,2,5,,2024-04-17 20:11
8753,875302,25,2022,39,6,,,,,,,2,3,2,,,,4,,2024-04-17 20:11
8757,875702,25,2022,37,6,1,872,2021m6,1,247,1,2,5,2,234,1,2,4,,2024-04-17 20:11
8758,875802,25,2022,43,3,1,222,2022m1,2,930,1,2,5,2,51,2,2,4,,2024-04-17 20:11
8759,875902,25,2022,43,3,,,,,,,2,5,2,,,,5,,2024-04-17 20:11
8760,876002,25,2022,41,3,2,494,2022m6,4,922,2,2,5,1,400,,3,5,,2024-04-17 20:11
8761,876102,25,2022,39,6,1,701,2013m7,1,235,1,2,5,1,680,1,2,2,,2024-04-17 20:11
8762,876202,25,2022,41,6,1,902,2007m3,1,311,1,2,6,2,345,1,2,3,,2024-04-17 20:11
8765,876502,25,2022,42,6,1,451,2018m11,1,510,1,2,4,1,250,1,3,4,,2024-04-17 20:11
8768,876802,25,2022,37,5,,,,,,,2,7,2,,,,4,,2024-04-17 20:11
8769,876902,25,2022,37,5,,,,,,,2,7,2,,,,4,,2024-04-17 20:11
8770,877002,25,2022,40,6,1,311,2009m1,1,235,1,2,7,1,500,1,2,4,,2024-04-17 20:11
8771,877102,25,2022,43,5,2,759,2011m10,4,531,2,2,8,1,300,,3,4,,2024-04-17 20:11
8772,877202,25,2022,34,4,1,712,2019m6,1,313,1,2,5,2,210,1,3,5,,2024-04-17 20:11
8773,877302,25,2022,33,5,,,,,,,2,8,2,,,,5,,2024-04-17 20:11
8774,877402,25,2022,36,6,,,,,,,2,8,2,,,,3,,2024-04-17 20:11
8777,877702,25,2022,41,6,2,422,2016m12,4,753,2,2,5,1,1000,,3,5,,2024-04-17 20:11
8778,877802,25,2022,37,6,1,303,2019m12,1,312,1,2,8,1,380,1,2,3,,2024-04-17 20:11
8779,877902,25,2022,39,6,,,,,,,2,1,2,,,,4,,2024-04-17 20:11
8781,878102,25,2022,41,6,2,681,2019m9,4,312,2,2,8,2,300,,3,5,,2024-04-17 20:11
8788,878802,25,2022,31,5,,,,,,,2,11,2,,,,4,,2024-04-17 20:11
8793,879302,25,2022,39,6,,,,,,,2,11,2,,,,4,,2024-04-17 20:11
8794,879402,25,2022,37,5,,,,,,,2,12,2,,,,4,,2024-04-17 20:11
8798,879802,25,2022,40,6,1,844,2010m3,1,311,1,2,13,1,450,1,2,3,,2024-04-17 20:11
8800,880002,25,2022,40,5,1,856,2018m1,2,254,1,2,8,2,30,2,3,4,,2024-04-17 20:11
8801,880102,25,2022,41,6,2,742,2019m11,4,799,2,2,8,1,600,,2,3,,2024-04-17 20:11
8802,880202,25,2022,46,5,1,952,2012m2,1,751,1,2,14,1,340,1,3,4,,2024-04-17 20:11
8805,880502,25,2022,37,6,,,,,,,2,14,2,,,,3,,2024-04-17 20:11
8806,880602,25,2022,41,5,,,,,,,2,15,2,,,,5,,2024-04-17 20:11
8809,880902,25,2022,48,3,2,521,2014m11,4,922,2,2,15,1,300,,3,4,,2024-04-17 20:11
8812,881202,25,2022,35,6,,,,,,,2,7,2,,,,4,,2024-04-17 20:11
8813,881302,25,2022,38,6,1,841,2014m3,1,311,1,2,1,2,200,1,5,4,,2024-04-17 20:11
8814,881402,25,2022,41,6,1,291,2016m7,1,510,1,2,8,1,550,1,2,3,,2024-04-17 20:11
8815,881502,25,2022,44,6,1,856,2022m1,2,254,1,2,5,2,150,2,3,5,,2024-04-17 20:11
8815,881503,25,2022,22,4,,,,,,,1,5,1,,,,5,,2024-04-17 20:11
8816,881602,25,2022,39,6,1,241,2012m5,1,761,1,2,1,1,300,1,3,4,,2024-04-17 20:11
8829,882902,25,2022,45,6,2,284,2011m2,4,864,2,2,8,1,300,,3,5,,2024-04-17 20:11
8837,883702,25,2022,39,6,1,492,2007m1,1,312,1,2,1,2,270,1,3,4,,2024-04-17 20:11
8841,884102,25,2022,41,6,1,471,2022m4,1,922,1,2,2,1,250,1,3,4,,2024-04-17 20:11
8845,884502,25,2022,43,6,1,411,2013m5,1,312,1,2,7,1,320,1,4,3,,2024-04-17 20:11
8847,884702,25,2022,43,6,1,424,2013m1,1,312,1,2,2,1,600,1,3,4,,2024-04-17 20:11
8849,884902,25,2022,43,6,,,,,,,2,3,2,,,,4,,2024-04-17 20:11
8854,885402,25,2022,40,6,1,852,2008m3,1,252,1,2,3,2,350,1,2,3,,2024-04-17 20:11
8855,885502,25,2022,54,6,1,474,2016m8,1,521,1,2,8,2,300,2,2,3,,2024-04-17 20:11
8856,885602,25,2022,43,3,,,,,,,2,3,2,,,,4,,2024-04-17 20:11
8864,886402,25,2022,48,5,1,562,2022m5,1,441,1,2,6,2,100,2,2,4,,2024-04-17 20:11
8866,886602,25,2022,41,6,1,423,2010m3,1,141,1,2,13,1,500,1,2,3,,2024-04-17 20:11
8867,886702,25,2022,37,5,1,311,2014m8,1,238,1,2,7,1,450,1,3,4,,2024-04-17 20:11
8873,887302,25,2022,42,3,,,,,,,2,8,2,,,,5,,2024-04-17 20:11
8877,887702,25,2022,39,5,,,,,,,2,8,2,,,,4,,2024-04-17 20:11
8878,887802,25,2022,40,6,1,465,2020m2,1,312,1,2,1,1,440,1,2,4,,2024-04-17 20:11
8885,888502,25,2022,34,5,1,232,2016m7,1,312,1,2,8,1,390,1,2,5,,2024-04-17 20:11
8895,889502,25,2022,37,4,1,841,2011m5,1,311,1,2,14,1,350,1,2,4,,2024-04-17 20:11
8897,889702,25,2022,23,2,,,,,,,2,14,2,,,,5,,2024-04-17 20:11
8909,890902,25,2022,38,5,,,,,,,2,1,2,,,,3,,2024-04-17 20:11
8911,891102,25,2022,31,5,1,681,2021m9,1,312,1,2,1,2,500,1,2,4,,2024-04-17 20:11
8912,891202,25,2022,37,4,,,,,,,2,8,2,,,,4,,2024-04-17 20:11
8914,891402,25,2022,41,6,2,494,2017m10,4,922,2,2,8,1,300,,3,5,,2024-04-17 20:11
8918,891802,25,2022,48,6,1,620,2008m3,1,223,1,2,1,1,490,1,2,3,,2024-04-17 20:11
8919,891902,25,2022,39,3,1,761,2019m4,1,522,1,2,5,2,291,1,2,4,,2024-04-17 20:11
8920,892002,25,2022,33,6,,,,,,,2,7,2,,,,4,,2024-04-17 20:11
8921,892102,25,2022,29,3,1,494,2020m1,2,922,1,2,15,1,250,2,3,5,,2024-04-17 20:11
8923,892302,25,2022,39,6,,,,,,,2,3,2,,,,4,,2024-04-17 20:11
8925,892502,25,2022,44,5,,,,,,,2,5,2,,,,5,,2024-04-17 20:11
8927,892702,25,2022,44,6,2,424,2019m1,4,782,2,2,8,1,350,,3,5,,2024-04-17 20:11
8928,892802,25,2022,38,6,,,,,,,2,8,2,,,,5,,2024-04-17 20:11
8932,893202,25,2022,47,6,1,752,2003m3,1,312,1,2,4,1,500,1,3,4,,2024-04-17 20:11
8933,893302,25,2022,40,6,2,204,2016m3,4,832,2,2,11,2,250,,2,4,,2024-04-17 20:11
8934,893402,25,2022,41,6,1,291,2008m1,1,235,1,2,15,1,450,1,3,4,,2024-04-17 20:11
8935,893502,25,2022,33,6,,,,,,,2,7,2,,,,4,,2024-04-17 20:11
8936,893602,25,2022,74,2,,,,,,,2,10,2,,,,4,,2024-04-17 20:11
8938,893802,25,2022,40,6,1,262,2010m5,1,274,1,2,8,1,500,1,2,3,,2024-04-17 20:11
8940,894002,25,2022,36,6,1,222,2019m5,1,312,1,2,8,2,260,1,3,4,,2024-04-17 20:11
8941,894102,25,2022,42,5,1,452,2010m4,1,312,1,2,8,1,320,1,3,3,,2024-04-17 20:11
8942,894202,25,2022,45,5,1,472,2022m1,1,521,1,2,8,2,225,1,2,5,,2024-04-17 20:11
8943,894302,25,2022,34,6,1,204,2019m3,1,312,1,2,8,1,260,1,2,4,,2024-04-17 20:11
8945,894502,25,2022,38,3,1,181,2008m2,1,892,1,2,1,1,290,1,2,5,,2024-04-17 20:11
8946,894602,25,2022,37,6,,,,,,,2,8,2,,,,4,,2024-04-17 20:11
8948,894802,25,2022,42,6,1,682,2020m3,1,274,1,2,1,1,400,1,2,4,,2024-04-17 20:11
8949,894902,25,2022,42,6,1,651,2009m12,1,312,1,2,1,1,600,1,2,4,,2024-04-17 20:11
8950,895002,25,2022,39,3,1,562,2014m7,1,441,1,2,8,2,200,2,3,5,,2024-04-17 20:11
8951,895102,25,2022,34,6,1,211,2014m5,1,831,1,2,8,1,500,1,3,5,,2024-04-17 20:11
8956,895602,25,2022,34,6,,,,,,,2,15,2,,,,4,,2024-04-17 20:11
8959,895902,25,2022,36,3,,,,,,,2,14,2,,,,3,,2024-04-17 20:11
8961,896102,25,2022,36,6,,,,,,,2,14,2,,,,4,,2024-04-17 20:11
8969,896902,25,2022,29,3,1,961,2015m10,2,422,1,2,8,2,98,2,4,5,,2024-04-17 20:11
8972,897202,25,2022,33,4,1,411,2021m10,3,910,1,2,14,2,225,2,3,5,,2024-04-17 20:11
8973,897302,25,2022,37,6,1,701,2019m6,1,211,1,2,4,1,520,1,2,4,,2024-04-17 20:11
8975,897502,25,2022,36,6,1,729,2013m3,1,311,1,2,8,2,,1,2,4,,2024-04-17 20:11
8991,899102,25,2022,41,5,2,474,2015m10,4,521,2,2,8,2,300,,2,4,,2024-04-17 20:11
8992,899202,25,2022,38,6,2,561,2021m1,4,441,2,2,1,2,200,,3,4,,2024-04-17 20:11
9001,900102,25,2022,45,6,,,,,,,2,8,2,,,,5,,2024-04-17 20:11
9001,900104,25,2022,82,2,,,,,,,3,8,2,,,,5,,2024-04-17 20:11
9003,900302,25,2022,38,5,1,753,2013m4,1,392,1,2,2,1,250,1,3,5,,2024-04-17 20:11
9007,900702,25,2022,27,3,1,303,2018m3,1,854,1,1,2,1,200,1,3,6,,2024-04-17 20:11
9016,901602,25,2022,36,5,,,,,,,2,3,2,,,,3,,2024-04-17 20:11
9017,901702,25,2022,37,6,,,,,,,2,8,2,,,,5,,2024-04-17 20:11
9018,901802,25,2022,39,3,1,320,2013m3,1,730,1,2,5,1,249,1,3,5,,2024-04-17 20:11
9036,903602,25,2022,37,6,1,851,2012m3,1,252,1,2,1,2,,1,2,3,,2024-04-17 20:11
9038,903802,25,2022,37,6,1,465,2018m1,1,510,1,2,5,1,260,1,3,5,,2024-04-17 20:11
9039,903902,25,2022,33,6,1,841,2016m10,1,941,1,2,8,1,290,2,3,5,,2024-04-17 20:11
9041,904102,25,2022,50,6,1,949,2014m12,1,248,1,2,12,1,320,1,2,5,,2024-04-17 20:11
9043,904302,25,2022,44,5,1,139,2020m3,1,873,1,2,11,1,346,1,4,4,,2024-04-17 20:11
9045,904502,25,2022,40,5,2,662,2012m3,4,510,2,2,1,1,300,,3,4,,2024-04-17 20:11
9048,904802,25,2022,42,6,1,951,2012m5,1,771,1,2,6,1,360,1,3,4,,2024-04-17 20:11
9051,905102,25,2022,40,5,,,,,,,2,15,2,,,,4,,2024-04-17 20:11
9053,905302,25,2022,38,6,1,471,2013m3,1,953,1,2,15,1,350,1,2,5,,2024-04-17 20:11
9054,905402,25,2022,30,4,,,,,,,2,15,2,,,,5,,2024-04-17 20:11
9060,906002,25,2022,40,6,1,861,2007m3,1,241,1,2,1,1,650,1,2,2,,2024-04-17 20:11
9069,906902,25,2022,42,3,2,969,2013m1,4,823,2,2,1,1,350,,3,4,,2024-04-17 20:11
9071,907102,25,2022,40,6,1,272,2016m7,1,312,1,2,1,1,600,1,2,2,,2024-04-17 20:11
9072,907202,25,2022,45,6,1,411,2019m1,1,312,1,2,8,1,550,1,2,3,,2024-04-17 20:11
9074,907402,25,2022,36,6,1,949,2018m9,2,286,1,2,1,2,200,2,2,4,,2024-04-17 20:11
9075,907502,25,2022,42,6,1,911,2012m3,1,313,1,2,1,1,400,1,2,3,,2024-04-17 20:11
9076,907602,25,2022,38,5,1,721,2015m11,1,236,1,2,1,1,345,1,4,3,,2024-04-17 20:11
9077,907702,25,2022,41,6,1,702,2012m1,1,212,1,2,8,1,1000,1,2,3,,2024-04-17 20:11
9078,907802,25,2022,35,4,,,,,,,2,8,2,,,,4,,2024-04-17 20:11
9080,908002,25,2022,39,3,,,,,,,2,8,1,,,,2,,2024-04-17 20:11
9081,908102,25,2022,40,5,1,582,2021m3,1,222,1,2,1,1,430,1,3,4,,2024-04-17 20:11
9085,908502,25,2022,35,6,1,303,2022m1,1,313,1,2,1,1,800,1,2,3,,2024-04-17 20:11
9087,908702,25,2022,42,5,,,,,,,2,2,2,,,,4,,2024-04-17 20:11
9090,909002,25,2022,42,3,,,,,,,2,15,2,,,,6,,2024-04-17 20:11
9091,909102,25,2022,35,5,1,474,2010m1,1,521,1,2,2,2,220,1,2,5,,2024-04-17 20:11
9094,909403,25,2022,49,5,1,529,2019m6,1,921,1,2,3,1,200,1,3,4,,2024-04-17 20:11
9095,909502,25,2022,38,4,,,,,,,2,3,2,,,,4,,2024-04-17 20:11
9096,909602,25,2022,36,6,1,649,2013m1,1,320,1,2,1,2,400,1,2,3,,2024-04-17 20:11
9097,909702,25,2022,50,6,2,855,2000m2,4,286,2,2,3,1,,,4,4,,2024-04-17 20:11
9098,909802,25,2022,38,3,,,,,,,2,14,2,,,,4,,2024-04-17 20:11
9099,909902,25,2022,36,6,,,,,,,2,3,2,,,,4,,2024-04-17 20:11
9101,910102,25,2022,37,4,1,759,2021m1,1,531,1,2,5,2,198,1,3,5,,2024-04-17 20:11
9104,910402,25,2022,48,3,1,383,2015m2,1,751,1,2,5,1,280,1,3,5,,2024-04-17 20:11
9107,910702,25,2022,37,4,1,352,2009m3,1,312,1,2,5,1,412,1,2,4,,2024-04-17 20:11
9109,910902,25,2022,39,6,1,203,2008m4,1,312,1,2,13,1,616,1,3,3,,2024-04-17 20:11
9110,911002,25,2022,29,3,,,,,,,2,6,2,,,,4,,2024-04-17 20:11
9112,911202,25,2022,34,5,1,861,2010m1,1,243,1,2,6,2,290,1,2,4,,2024-04-17 20:11
9113,911302,25,2022,38,6,1,841,2011m9,1,313,1,2,11,2,380,1,2,3,,2024-04-17 20:11
9114,911402,25,2022,40,6,,,,,,,2,19,2,,,,4,,2024-04-17 20:11
9115,911502,25,2022,37,6,1,107,,1,819,1,2,4,1,450,1,2,4,,2024-04-17 20:11
9116,911602,25,2022,38,6,1,320,2021m7,1,312,1,2,8,2,120,2,3,4,,2024-04-17 20:11
9119,911902,25,2022,36,3,,,,,,,2,7,2,,,,5,,2024-04-17 20:11
9121,912102,25,2022,39,5,2,493,2021m8,4,873,2,2,11,1,320,,2,4,,2024-04-17 20:11
9123,912302,25,2022,36,4,2,562,2020m4,4,441,2,2,5,1,200,,3,5,,2024-04-17 20:11
9125,912502,25,2022,39,4,1,844,2010m3,1,311,1,2,8,1,550,1,2,4,,2024-04-17 20:11
9126,912602,25,2022,39,6,1,861,2018m10,1,243,1,2,8,2,310,1,2,4,,2024-04-17 20:11
9129,912902,25,2022,42,5,1,741,2012m9,1,236,1,2,8,1,330,1,2,5,,2024-04-17 20:11
9131,913102,25,2022,33,6,,,,,,,2,8,2,,,,4,,2024-04-17 20:11
9132,913202,25,2022,41,3,2,476,2018m1,4,521,2,2,8,1,300,,3,4,,2024-04-17 20:11
9133,913302,25,2022,40,3,2,493,2022m8,4,922,2,2,8,1,300,,3,5,,2024-04-17 20:11
9135,913502,25,2022,42,6,1,701,2022m6,1,211,1,2,10,1,1000,1,2,3,,2024-04-17 20:11
9147,914702,25,2022,40,5,1,862,2020m3,1,245,1,2,13,2,250,1,3,4,,2024-04-17 20:11
9148,914802,25,2022,39,6,1,852,2015m3,1,252,1,2,13,1,550,1,2,3,,2024-04-17 20:11
9149,914902,25,2022,41,3,1,424,2018m5,3,783,1,2,13,1,350,2,3,5,,2024-04-17 20:11
9150,915002,25,2022,36,3,1,241,2008m3,1,841,1,2,14,1,300,1,2,4,,2024-04-17 20:11
9154,915402,25,2022,35,6,1,582,2015m3,1,222,1,2,8,1,700,1,2,4,,2024-04-17 20:11
9161,916102,25,2022,31,5,1,611,2014m4,1,922,1,2,8,1,300,1,2,3,,2024-04-17 20:11
9163,916302,25,2022,59,3,,,,,,,2,14,1,,,,4,,2024-04-17 20:11
9163,916303,25,2022,59,3,,,,,,,2,14,2,,,,5,,2024-04-17 20:11
9164,916402,25,2022,41,6,1,464,2015m3,1,274,1,2,1,1,400,1,2,4,,2024-04-17 20:11
9167,916702,25,2022,33,6,1,461,2021m9,1,312,1,2,8,2,105,2,3,5,,2024-04-17 20:11
9169,916902,25,2022,41,6,1,841,2006m2,1,262,1,2,1,1,500,1,2,4,,2024-04-17 20:11
9175,917502,25,2022,38,5,1,842,2018m6,1,224,1,2,8,1,300,1,3,4,,2024-04-17 20:11
9176,917602,25,2022,33,6,1,631,2017m3,1,222,1,2,1,2,300,1,2,4,,2024-04-17 20:11
9177,917702,25,2022,40,6,1,582,2014m3,1,223,1,2,8,1,480,1,3,4,,2024-04-17 20:11
9183,918302,25,2022,37,6,1,872,2012m6,1,247,1,2,1,1,450,1,2,4,,2024-04-17 20:11
9197,919702,25,2022,39,6,1,452,2012m6,1,312,1,2,2,1,350,1,2,4,,2024-04-17 20:11
9198,919802,25,2022,30,6,1,464,2019m10,1,312,1,2,2,2,190,1,2,5,,2024-04-17 20:11
9201,920102,25,2022,47,3,1,303,2021m5,1,854,1,2,15,1,390,1,2,4,,2024-04-17 20:11
9212,921202,25,2022,40,5,,,,,,,2,11,2,,,,3,,2024-04-17 20:11
9214,921402,25,2022,38,6,1,861,2011m2,1,243,1,2,5,2,320,1,3,5,,2024-04-17 20:11
9215,921502,25,2022,40,6,1,851,2008m3,1,252,1,2,5,1,388,1,2,4,,2024-04-17 20:11
9217,921702,25,2022,41,3,2,466,2002m5,4,521,2,2,6,1,250,,2,5,,2024-04-17 20:11
9218,921802,25,2022,42,4,,,,,,,2,11,2,,,,5,,2024-04-17 20:11
9225,922502,25,2022,31,5,1,872,2013m3,1,247,1,2,8,2,200,1,3,5,,2024-04-17 20:11
9230,923002,25,2022,41,6,2,479,2020m5,4,531,2,2,19,1,200,,3,2,,2024-04-17 20:11
9236,923602,25,2022,33,3,,,,,,,2,8,2,,,,4,,2024-04-17 20:11
9238,923802,25,2022,30,3,2,463,2021m6,4,521,2,2,1,1,200,,4,5,,2024-04-17 20:11
9240,924002,25,2022,37,6,1,641,2021m1,1,320,1,2,8,2,250,1,2,3,,2024-04-17 20:11
9245,924502,25,2022,32,6,,,,,,,2,8,2,,,,5,,2024-04-17 20:11
9248,924802,25,2022,51,3,,,,,,,2,10,2,,,,4,,2024-04-17 20:11
9262,926202,25,2022,41,5,1,101,2019m4,1,710,1,2,10,1,400,1,2,4,,2024-04-17 20:11
9268,926802,25,2022,38,3,,,,,,,2,1,2,,,,4,,2024-04-17 20:11
9270,927002,25,2022,45,6,1,465,2010m2,1,312,1,2,1,1,250,1,3,4,,2024-04-17 20:11
9271,927102,25,2022,40,3,1,283,2015m3,1,312,1,2,1,1,250,1,3,4,,2024-04-17 20:11
9272,927202,25,2022,34,6,,,,,,,2,11,2,,,,4,,2024-04-17 20:11
9274,927402,25,2022,46,5,1,641,2000m3,1,320,1,2,8,2,750,1,2,4,,2024-04-17 20:11
9275,927502,25,2022,37,6,1,141,2017m11,1,312,1,2,8,1,230,1,3,3,,2024-04-17 20:11
9277,927702,25,2022,33,6,1,851,2015m3,1,252,1,2,8,2,320,1,2,5,,2024-04-17 20:11
9281,928102,25,2022,29,6,1,479,2021m3,1,531,1,2,2,2,100,1,3,4,,2024-04-17 20:11
9285,928502,25,2022,42,5,2,961,2016m8,4,286,2,2,3,2,80,,3,3,,2024-04-17 20:11
9287,928702,25,2022,35,6,2,107,2021m7,4,710,2,2,3,2,100,,2,4,,2024-04-17 20:11
9290,929002,25,2022,25,3,,,,,,,2,14,2,,,,5,,2024-04-17 20:11
9292,929202,25,2022,38,6,1,851,2012m3,1,252,1,2,5,1,365,1,2,4,,2024-04-17 20:11
9294,929402,25,2022,27,5,,,,,,,2,8,2,,,,4,,2024-04-17 20:11
9296,929602,25,2022,40,6,1,281,2008m3,1,235,1,2,7,1,330,1,3,4,,2024-04-17 20:11
9297,929702,25,2022,34,6,1,852,2017m3,1,252,1,2,7,2,375,1,2,5,,2024-04-17 20:11
9300,930002,25,2022,44,5,1,284,2019m3,1,274,1,2,8,1,400,1,3,4,,2024-04-17 20:11
9301,930102,25,2022,34,6,1,461,2014m3,1,271,1,2,1,1,800,1,2,3,,2024-04-17 20:11
9303,930302,25,2022,37,5,1,464,2015m1,1,312,1,2,5,1,258,1,3,6,,2024-04-17 20:11
9304,930402,25,2022,39,6,,,,,,,2,8,2,,,,3,,2024-04-17 20:11
9305,930502,25,2022,34,4,,,,,,,2,8,2,,,,4,,2024-04-17 20:11
9307,930702,25,2022,34,5,1,271,2017m2,1,874,1,2,10,1,300,1,2,4,,2024-04-17 20:11
9310,931002,25,2022,36,3,1,843,2006m4,1,980,1,2,15,1,300,1,2,5,,2024-04-17 20:11
9317,931702,25,2022,44,3,,,,,,,2,12,2,,,,4,,2024-04-17 20:11
9318,931802,25,2022,30,6,,,,,,,2,12,2,,,,4,,2024-04-17 20:11
9322,932202,25,2022,33,6,1,852,2018m3,1,252,1,2,13,1,390,1,2,3,,2024-04-17 20:11
9323,932302,25,2022,34,6,1,241,2014m3,1,312,1,2,12,1,550,1,2,3,,2024-04-17 20:11
9324,932402,25,2022,34,6,1,478,2019m3,2,242,1,2,13,2,200,2,2,4,,2024-04-17 20:11
9327,932702,25,2022,33,6,,,,,,,2,14,2,,,,4,,2024-04-17 20:11
9329,932902,25,2022,40,6,1,103,2017m1,1,811,1,2,14,1,270,1,3,4,,2024-04-17 20:11
9332,933202,25,2022,37,6,1,292,2018m1,1,312,1,2,8,1,420,1,3,5,,2024-04-17 20:11
9333,933302,25,2022,34,5,1,861,2018m1,1,245,1,2,8,1,420,1,2,3,,2024-04-17 20:11
9334,933402,25,2022,35,5,1,259,2022m6,1,851,1,2,2,1,230,2,3,4,,2024-04-17 20:11
9336,933602,25,2022,38,6,1,221,2009m3,1,312,1,2,2,1,300,1,3,5,,2024-04-17 20:11
9347,934702,25,2022,34,6,2,303,2020m3,4,510,2,2,3,1,500,,3,4,,2024-04-17 20:11
9367,936702,25,2022,38,6,1,641,2011m3,1,320,1,2,1,1,400,1,2,4,,2024-04-17 20:11
9371,937102,25,2022,30,5,,,,,,,2,1,2,,,,4,,2024-04-17 20:11
9372,937202,25,2022,35,6,1,221,2018m1,1,312,1,2,1,1,300,1,3,4,,2024-04-17 20:11
9380,938002,25,2022,38,6,,,,,,,2,15,2,,,,4,,2024-04-17 20:11
9399,939902,25,2022,37,6,1,101,2021m6,1,811,1,2,6,1,250,1,3,4,,2024-04-17 20:11
9414,941402,25,2022,33,5,,,,,,,2,8,2,,,,5,,2024-04-17 20:11
9431,943102,25,2022,40,5,1,424,2018m7,1,783,1,2,14,1,400,1,2,4,,2024-04-17 20:11
9434,943402,25,2022,47,5,1,303,2016m12,1,851,1,2,14,1,561,1,2,4,,2024-04-17 20:11
9435,943502,25,2022,36,6,1,412,2013m7,1,236,1,2,1,1,695,1,3,4,,2024-04-17 20:11
9436,943602,25,2022,30,4,2,901,2016m3,4,281,2,2,5,1,300,,3,4,,2024-04-17 20:11
9438,943802,25,2022,40,4,,,,,,,2,15,2,,,,4,,2024-04-17 20:11
9443,944302,25,2022,41,4,1,423,2020m1,1,312,1,2,11,1,347,1,3,4,,2024-04-17 20:11
9449,944902,25,2022,36,5,1,851,2008m3,1,252,1,2,1,2,250,2,2,4,,2024-04-17 20:11
9455,945502,25,2022,40,6,1,494,2021m3,2,922,1,2,9,1,280,2,3,4,,2024-04-17 20:11
9460,946002,25,2022,37,6,1,855,2014m3,1,254,1,2,1,1,330,1,2,4,,2024-04-17 20:11
9462,946202,25,2022,39,6,,,,,,,2,16,2,,,,3,,2024-04-17 20:11
9463,946302,25,2022,39,6,1,861,2014m3,1,241,1,2,1,1,400,1,3,4,,2024-04-17 20:11
9466,946602,25,2022,25,5,1,712,2019m3,1,313,1,2,1,2,180,1,3,4,,2024-04-17 20:11
9468,946802,25,2022,36,6,,,,,,,2,1,2,,,,4,,2024-04-17 20:11
9471,947102,25,2022,27,3,1,479,2018m11,2,930,1,2,2,2,180,2,2,5,,2024-04-17 20:11
9472,947202,25,2022,36,6,1,421,2022m4,1,236,1,2,2,1,450,1,3,5,,2024-04-17 20:11
9474,947402,25,2022,38,5,2,494,2015m10,4,922,2,2,2,1,400,,3,4,,2024-04-17 20:11
9475,947503,25,2022,35,5,1,862,2022m4,1,246,1,2,3,2,200,1,2,3,,2024-04-17 20:11
9476,947602,25,2022,37,6,,,,,,,2,3,2,,,,4,,2024-04-17 20:11
9479,947902,25,2022,37,5,,,,,,,2,8,2,,,,3,,2024-04-17 20:11
9480,948002,25,2022,34,5,,,,,,,2,5,2,,,,5,,2024-04-17 20:11
9481,948102,25,2022,34,3,1,715,2011m7,1,312,1,2,5,1,300,1,3,5,,2024-04-17 20:11
9487,948702,25,2022,43,6,1,701,2021m6,1,211,1,2,8,2,460,1,2,4,,2024-04-17 20:11
9488,948802,25,2022,36,6,1,264,2014m5,1,222,1,2,8,1,635,1,2,5,,2024-04-17 20:11
9490,949002,25,2022,33,5,1,202,2018m4,1,213,1,2,8,1,300,1,4,4,,2024-04-17 20:11
9492,949202,25,2022,38,3,1,952,2020m7,1,751,1,2,8,1,260,1,3,3,,2024-04-17 20:11
9493,949302,25,2022,37,6,2,739,2022m4,4,281,2,2,1,2,180,,2,3,,2024-04-17 20:11
9508,950802,25,2022,33,6,1,853,2018m3,2,251,1,2,15,2,500,2,2,4,,2024-04-17 20:11
9509,950902,25,2022,36,6,,,,,,,2,15,2,,,,4,,2024-04-17 20:11
9510,951002,25,2022,45,6,1,252,2012m3,1,312,1,2,15,1,355,1,2,4,,2024-04-17 20:11
9512,951202,25,2022,36,6,,,,,,,2,2,2,,,,3,,2024-04-17 20:11
9513,951302,25,2022,37,3,1,411,2021m6,1,783,1,2,4,1,250,1,3,4,,2024-04-17 20:11
9516,951602,25,2022,29,5,2,952,2020m3,4,941,2,2,13,1,500,,2,4,,2024-04-17 20:11
9519,951902,25,2022,33,3,1,854,2018m1,1,252,1,2,5,2,305,1,3,5,,2024-04-17 20:11
9520,952002,25,2022,41,6,1,292,2021m6,1,235,1,2,11,1,620,1,2,3,,2024-04-17 20:11
9521,952102,25,2022,34,5,1,493,2021m10,1,312,1,2,2,1,285,1,3,5,,2024-04-17 20:11
9525,952502,25,2022,38,6,1,753,2011m3,1,312,1,2,8,1,470,1,3,5,,2024-04-17 20:11
9526,952602,25,2022,39,6,1,141,2021m6,1,285,1,2,1,2,200,1,3,2,,2024-04-17 20:11
9544,954402,25,2022,32,3,1,303,2015m1,1,285,1,2,14,1,300,1,2,4,,2024-04-17 20:11
9548,954803,25,2022,36,6,1,872,2022m3,1,247,1,2,5,2,350,2,2,4,,2024-04-17 20:11
9563,956302,25,2022,39,6,1,855,2021m12,1,254,1,2,8,2,210,1,3,3,,2024-04-17 20:11
9567,956704,25,2022,30,3,,,,,,,2,5,2,,,,5,,2024-04-17 20:11
9570,957002,25,2022,34,6,1,529,2015m3,1,312,1,2,1,1,380,1,3,4,,2024-04-17 20:11
9577,957702,25,2022,28,6,1,721,2020m8,1,231,1,2,8,1,195,1,3,3,,2024-04-17 20:11
9583,958302,25,2022,34,6,1,841,2017m3,1,311,1,2,1,1,250,1,2,3,,2024-04-17 20:11
9585,958502,25,2022,32,5,2,562,2021m6,4,441,2,2,14,2,100,,3,4,,2024-04-17 20:11
9589,958904,25,2022,46,6,1,204,2005m9,1,312,1,2,13,1,570,1,2,3,,2024-04-17 20:11
9592,959202,25,2022,38,3,1,843,2002m3,1,980,1,2,8,1,300,1,3,5,,2024-04-17 20:11
9595,959502,25,2022,33,6,1,411,2013m5,1,910,1,2,5,1,236,2,3,5,,2024-04-17 20:11
9598,959802,25,2022,39,6,,,,,,,2,1,2,,,,4,,2024-04-17 20:11
9602,960202,25,2022,35,5,,,,,,,2,1,2,,,,5,,2024-04-17 20:11
9603,960302,25,2022,36,6,,,,,,,2,1,2,,,,5,,2024-04-17 20:11
9606,960602,25,2022,35,6,1,872,2018m3,1,312,1,2,1,1,260,1,3,4,,2024-04-17 20:11
9607,960702,25,2022,35,6,1,261,2014m6,1,234,1,2,8,1,400,1,2,3,,2024-04-17 20:11
9608,960802,25,2022,38,6,1,620,2010m2,1,222,1,2,1,2,300,1,3,4,,2024-04-17 20:11
9612,961202,25,2022,34,5,1,464,2015m3,1,312,1,2,1,1,700,1,2,4,,2024-04-17 20:11
9613,961302,25,2022,35,6,1,641,2011m4,1,320,1,2,15,2,480,1,2,4,,2024-04-17 20:11
9614,961402,25,2022,47,6,,,,,,,2,2,1,,,,4,,2024-04-17 20:11
9615,961502,25,2022,30,5,1,132,2019m1,1,921,1,2,2,1,300,1,3,4,,2024-04-17 20:11
9616,961602,25,2022,30,5,1,561,2022m4,2,442,1,2,2,2,100,2,3,4,,2024-04-17 20:11
9617,961702,25,2022,29,6,1,562,2022m5,2,441,1,2,2,2,54,2,3,4,,2024-04-17 20:11
9618,961802,25,2022,37,6,1,463,2014m1,1,312,1,2,8,1,340,1,2,3,,2024-04-17 20:11
9619,961902,25,2022,35,3,,,,,,,2,2,2,,,,4,,2024-04-17 20:11
9620,962002,25,2022,37,6,1,844,2012m1,1,411,1,2,2,1,480,1,2,4,,2024-04-17 20:11
9622,962202,25,2022,40,6,1,463,2006m5,1,510,1,2,15,1,400,1,2,4,,2024-04-17 20:11
9627,962702,25,2022,37,6,2,855,2022m3,4,254,2,2,7,2,100,,2,4,,2024-04-17 20:11
9628,962802,25,2022,37,5,,,,,,,2,3,2,,,,5,,2024-04-17 20:11
9629,962902,25,2022,41,6,1,841,2015m3,1,311,1,2,3,1,400,1,3,4,,2024-04-17 20:11
9630,963002,25,2022,31,5,,,,,,,2,3,2,,,,4,,2024-04-17 20:11
9631,963102,25,2022,37,6,1,844,2004m3,1,311,1,2,3,2,350,1,1,2,,2024-04-17 20:11
9637,963702,25,2022,35,6,1,851,2010m2,1,252,1,2,5,2,400,1,2,4,,2024-04-17 20:11
9642,964202,25,2022,31,5,,,,,,,2,4,2,,,,4,,2024-04-17 20:11
9643,964302,25,2022,35,6,1,291,2012m12,1,235,1,2,15,1,600,1,3,4,,2024-04-17 20:11
9644,964402,25,2022,42,5,,,,,,,2,11,2,,,,4,,2024-04-17 20:11
9645,964502,25,2022,32,3,,,,,,,2,7,2,,,,5,,2024-04-17 20:11
9647,964702,25,2022,48,6,1,844,1999m3,1,311,1,2,7,1,400,1,2,3,,2024-04-17 20:11
9647,964703,25,2022,18,2,,,,,,,1,7,2,,,,3,,2024-04-17 20:11
9647,964704,25,2022,16,2,,,,,,,1,7,1,,,,3,,2024-04-17 20:11
9648,964802,25,2022,34,5,1,301,2015m3,1,853,1,2,7,1,370,1,3,4,,2024-04-17 20:11
9650,965002,25,2022,36,5,2,582,2008m4,4,222,2,2,8,1,500,,2,4,,2024-04-17 20:11
9652,965202,25,2022,32,5,1,451,2019m3,1,510,1,2,13,1,320,1,2,4,,2024-04-17 20:11
9655,965502,25,2022,39,3,1,422,2010m1,1,753,1,2,8,1,380,1,2,4,,2024-04-17 20:11
9658,965802,25,2022,34,6,1,701,2014m3,1,234,1,2,1,2,300,1,3,4,,2024-04-17 20:11
9661,966102,25,2022,30,5,1,474,2014m5,1,521,1,2,11,2,230,1,3,4,,2024-04-17 20:11
9662,966202,25,2022,33,5,1,851,2018m7,1,311,1,2,8,2,200,1,2,3,,2024-04-17 20:11
9664,966402,25,2022,44,3,2,662,2022m2,4,510,2,3,12,2,100,,3,5,,2024-04-17 20:11
9671,967102,25,2022,47,5,1,11,2012m3,1,611,1,2,14,1,300,1,2,4,,2024-04-17 20:11
9673,967302,25,2022,35,6,1,303,2014m2,1,854,1,2,14,1,480,1,3,4,,2024-04-17 20:11
9675,967502,25,2022,31,6,1,641,2014m1,1,320,1,2,14,2,438,1,2,3,,2024-04-17 20:11
9676,967602,25,2022,41,6,,,,,,,2,15,2,,,,4,,2024-04-17 20:11
9677,967702,25,2022,33,3,2,451,2020m8,4,510,2,2,5,1,400,,3,5,,2024-04-17 20:11
9678,967803,25,2022,29,5,,,,,,,2,15,2,,,,5,,2024-04-17 20:11
9679,967902,25,2022,29,5,,,,,,,2,15,2,,,,4,,2024-04-17 20:11
9680,968002,25,2022,37,6,1,949,2019m12,1,248,1,2,8,1,200,1,2,3,,2024-04-17 20:11
9687,968702,25,2022,26,6,1,729,2020m6,1,237,1,2,5,2,210,1,2,5,,2024-04-17 20:11
9701,970102,25,2022,37,6,1,851,2020m3,1,252,1,2,1,2,250,1,2,4,,2024-04-17 20:11
9714,971402,25,2022,36,6,1,582,2015m1,1,222,1,2,1,1,450,1,3,3,,2024-04-17 20:11
9731,973102,25,2022,42,3,1,466,2020m5,1,510,1,2,14,1,250,1,3,4,,2024-04-17 20:11
9732,973202,25,2022,26,6,1,339,2019m6,1,422,1,2,3,2,250,1,2,4,,2024-04-17 20:11
9745,974502,25,2022,35,6,,,,,,,2,1,2,,,,4,,2024-04-17 20:11
9751,975102,25,2022,29,6,,,,,,,2,8,2,,,,4,,2024-04-17 20:11
9754,975402,25,2022,52,6,1,301,2008m2,1,851,1,2,11,1,490,1,3,3,,2024-04-17 20:11
9793,979302,25,2022,38,6,,,,,,,2,1,2,,,,4,,2024-04-17 20:11
9796,979602,25,2022,38,6,1,,2017m2,1,312,1,2,8,2,180,1,3,3,,2024-04-17 20:11
9800,980002,25,2022,34,6,1,681,2013m2,1,312,1,2,1,2,200,1,3,4,,2024-04-17 20:11
9803,980302,25,2022,33,6,1,701,2015m1,1,235,1,2,1,1,500,1,2,4,,2024-04-17 20:11
9804,980402,25,2022,31,3,1,463,2021m9,1,521,1,2,5,1,268,1,3,5,,2024-04-17 20:11
9809,980902,25,2022,46,3,1,466,2010m3,1,313,1,2,2,2,210,1,3,4,,2024-04-17 20:11
9811,981102,25,2022,34,6,1,474,2017m4,1,312,1,2,2,1,300,1,3,4,,2024-04-17 20:11
9814,981402,25,2022,36,6,1,303,2013m3,1,312,1,2,3,1,330,1,3,4,,2024-04-17 20:11
9815,981502,25,2022,36,3,1,682,2017m10,1,274,1,2,5,1,402,1,3,4,,2024-04-17 20:11
9817,981702,25,2022,39,6,1,649,2011m2,1,312,1,2,5,2,380,1,3,4,,2024-04-17 20:11
9819,981902,25,2022,30,5,1,382,2012m10,1,873,1,2,6,1,400,1,3,4,,2024-04-17 20:11
9824,982402,25,2022,42,3,1,201,2005m3,1,792,1,2,13,1,500,2,3,4,,2024-04-17 20:11
9828,982802,25,2022,37,6,1,582,2015m10,1,222,1,2,8,1,290,1,3,5,,2024-04-17 20:11
9830,983002,25,2022,33,5,1,872,2020m1,1,247,1,2,13,2,230,1,3,3,,2024-04-17 20:11
9835,983502,25,2022,34,3,,,,,,,2,12,2,,,,4,,2024-04-17 20:11
9839,983902,25,2022,30,5,1,204,2021m1,1,232,1,2,3,2,295,1,3,4,,2024-04-17 20:11
9844,984402,25,2022,46,5,,,,,,,2,15,2,,,,4,,2024-04-17 20:11
9845,984502,25,2022,26,3,,,,,,,2,15,2,,,,6,,2024-04-17 20:11
9846,984602,25,2022,28,4,,,,,,,2,15,1,,,,6,,2024-04-17 20:11
9855,985502,25,2022,32,6,1,856,2014m3,1,312,1,2,8,2,250,1,3,4,,2024-04-17 20:11
9946,994602,25,2022,36,5,1,649,2013m4,1,399,1,2,1,1,220,1,3,4,,2024-04-17 20:11
9954,995402,25,2022,47,6,1,651,2010m5,1,510,1,2,1,1,300,1,3,4,,2024-04-17 20:11
9956,995602,25,2022,33,6,1,841,2012m5,1,247,1,2,1,2,300,1,2,4,,2024-04-17 20:11
9959,995902,25,2022,35,6,1,721,2010m1,1,312,1,2,8,2,320,1,2,3,,2024-04-17 20:11
9962,996202,25,2022,41,4,2,422,2014m5,4,792,2,2,15,1,600,,2,4,,2024-04-17 20:11
9966,996602,25,2022,31,6,1,511,2015m8,1,431,1,2,1,2,300,1,2,4,,2024-04-17 20:11
9967,996702,25,2022,34,6,1,370,2021m7,1,753,1,2,2,1,250,1,2,4,,2024-04-17 20:11
9970,997002,25,2022,31,6,1,842,2017m1,1,313,1,2,2,1,300,1,2,4,,2024-04-17 20:11
9973,997302,25,2022,31,5,1,952,2018m4,1,743,1,2,2,1,250,1,2,4,,2024-04-17 20:11
9976,997602,25,2022,32,6,1,682,2021m5,1,274,1,2,3,1,640,1,2,4,,2024-04-17 20:11
9986,998602,25,2022,35,6,,,,,,,2,4,2,,,,4,,2024-04-17 20:11
9988,998802,25,2022,34,6,1,303,2015m3,1,313,1,2,2,1,400,1,3,4,,2024-04-17 20:11
9991,999102,25,2022,33,6,1,303,2014m3,1,312,1,2,7,1,650,1,2,4,,2024-04-17 20:11
9996,999602,25,2022,36,6,1,651,2014m7,1,320,1,2,1,2,250,1,2,4,,2024-04-17 20:11
9998,999802,25,2022,33,6,1,353,2019m1,1,312,1,2,8,1,500,1,3,4,,2024-04-17 20:11
10004,1000402,25,2022,33,3,1,464,2018m7,1,312,1,2,8,2,200,1,3,4,,2024-04-17 20:11
10005,1000502,25,2022,33,5,,,,,,,2,8,2,,,,4,,2024-04-17 20:11
10010,1001002,25,2022,37,6,1,851,2015m3,1,252,1,2,12,1,280,1,2,4,,2024-04-17 20:11
10016,1001602,25,2022,33,6,1,856,2013m4,1,399,1,2,15,2,235,1,2,4,,2024-04-17 20:11
10020,1002002,25,2022,34,6,,,,,,,2,8,2,,,,5,,2024-04-17 20:11
10033,1003302,25,2022,30,3,1,561,2021m2,1,442,1,2,15,2,195,1,3,4,,2024-04-17 20:11
10034,1003402,25,2022,37,6,,,,,,,2,8,2,,,,3,,2024-04-17 20:11
10050,1005002,25,2022,33,6,1,651,2015m3,1,320,1,2,2,2,450,1,3,3,,2024-04-17 20:11
10067,1006702,25,2022,30,6,2,562,2021m10,4,442,2,2,19,2,300,,3,4,,2024-04-17 20:11
10076,1007602,25,2022,34,6,1,,2019m3,1,200,1,2,8,1,320,1,3,5,,2024-04-17 20:11
10094,1009402,25,2022,31,6,1,562,2022m6,2,441,1,2,8,2,60,2,3,5,,2024-04-17 20:11
10130,1013002,25,2022,30,6,1,872,2021m7,2,247,1,2,14,1,179,2,2,4,,2024-04-17 20:11
10131,1013102,25,2022,34,6,1,312,2018m5,1,312,1,2,2,1,350,1,2,3,,2024-04-17 20:11
10139,1013902,25,2022,31,6,1,303,2015m3,1,235,1,2,3,1,500,1,3,4,,2024-04-17 20:11
10148,1014802,25,2022,35,6,,,,,,,2,1,2,,,,4,,2024-04-17 20:11
10154,1015402,25,2022,28,3,,,,,,,2,4,2,,,,5,,2024-04-17 20:11
10158,1015802,25,2022,33,5,,,,,,,2,15,2,,,,4,,2024-04-17 20:11
10162,1016202,25,2022,31,3,1,712,2012m12,1,313,1,2,8,2,,1,3,5,,2024-04-17 20:11
10163,1016302,25,2022,32,3,1,472,2022m3,1,521,1,2,8,1,300,1,3,5,,2024-04-17 20:11
10167,1016702,25,2022,30,5,1,172,2019m3,1,312,1,2,8,2,190,1,3,5,,2024-04-17 20:11
10169,1016902,25,2022,52,6,1,844,1997m3,1,411,1,2,14,1,500,1,3,4,,2024-04-17 20:11
10180,1018002,25,2022,33,6,,,,,,,2,14,2,,,,4,,2024-04-17 20:11
10182,1018202,25,2022,43,6,1,949,2019m12,1,248,1,2,5,1,180,2,2,4,,2024-04-17 20:11
10184,1018402,25,2022,38,6,1,841,2018m5,1,311,1,2,15,1,200,1,3,3,,2024-04-17 20:11
10197,1019702,25,2022,27,6,1,853,2020m11,1,251,1,2,4,2,270,2,2,4,,2024-04-17 20:11
10300,1030002,25,2022,32,6,,,,,,,2,1,2,,,,5,,2024-04-17 20:11
10316,1031602,25,2022,34,6,1,753,2019m7,1,412,1,2,2,1,250,1,3,4,,2024-04-17 20:11
10318,1031802,25,2022,28,3,2,473,2020m3,4,531,2,2,15,1,300,,3,4,,2024-04-17 20:11
10323,1032302,25,2022,30,3,2,424,2015m3,4,782,2,2,14,1,300,,2,4,,2024-04-17 20:11
10334,1033402,25,2022,30,5,1,107,2021m8,1,710,1,2,8,1,310,1,2,4,,2024-04-17 20:11
10339,1033902,25,2022,28,6,1,851,2020m3,1,252,1,2,8,2,250,1,3,2,,2024-04-17 20:11
10346,1034602,25,2022,41,6,2,682,2017m5,4,274,2,2,11,1,800,,2,2,,2024-04-17 20:11
10349,1034902,25,2022,27,5,1,471,2020m12,1,521,1,2,8,1,380,1,3,5,,2024-04-17 20:11
10359,1035902,25,2022,34,6,1,641,2018m12,1,320,1,2,12,1,350,1,2,4,,2024-04-17 20:11
10360,1036002,25,2022,32,5,,,,,,,2,12,2,,,,5,,2024-04-17 20:11
10368,1036802,25,2022,24,5,,,,,,,2,15,2,,,,4,,2024-04-17 20:11
10376,1037602,25,2022,33,5,1,862,2013m4,1,241,1,2,15,1,400,1,3,5,,2024-04-17 20:11
10384,1038402,25,2022,29,5,,,,,,,2,13,2,,,,4,,2024-04-17 20:11
10395,1039502,25,2022,34,6,1,729,2022m4,1,235,1,2,5,1,390,1,2,5,,2024-04-17 20:11
10400,1040002,25,2022,34,6,1,411,2012m3,1,231,1,2,8,1,450,1,2,4,,2024-04-17 20:11
100001,10000101,25,2022,61,2,1,171,2022m2,1,891,1,1,11,1,250,1,3,5,,2024-04-17 20:11
100002,10000202,25,2022,79,1,,,,,,,3,11,2,,,,5,,2024-04-17 20:11
100002,10000203,25,2022,47,5,1,262,2010m7,1,312,1,2,11,1,390,1,3,4,,2024-04-17 20:11
110001,10000204,25,2022,52,3,1,222,2022m4,1,930,1,2,11,2,266,1,3,5,,2024-04-17 20:11
100002,10000205,25,2022,43,3,1,291,2021m9,1,854,1,2,11,2,227,2,3,5,,2024-04-17 20:11
110313,10000206,25,2022,28,6,1,591,2020m11,1,283,1,1,1,2,200,1,3,4,,2024-04-17 20:11
110001,10000207,25,2022,26,6,1,711,2022m7,1,330,1,1,11,1,188,1,3,5,,2024-04-17 20:11
100004,10000401,25,2022,51,5,1,861,1996m9,1,245,1,2,2,1,360,1,2,4,,2024-04-17 20:11
100004,10000402,25,2022,47,5,1,862,2016m4,1,246,1,2,2,2,220,1,2,4,,2024-04-17 20:11
100004,10000403,25,2022,19,4,,,,,,,1,2,1,,,,4,,2024-04-17 20:11
100005,10000501,25,2022,73,2,,,,,,,2,2,1,,,,5,,2024-04-17 20:11
100005,10000502,25,2022,72,2,,,,,,,2,2,2,,,,5,,2024-04-17 20:11
110049,10000503,25,2022,46,6,1,721,2006m4,1,239,1,2,2,1,370,1,3,4,,2024-04-17 20:11
110140,10000504,25,2022,43,6,1,861,2001m10,1,245,1,2,2,2,320,1,2,4,,2024-04-17 20:11
100006,10000601,25,2022,46,5,1,471,2022m3,1,710,1,2,2,1,300,1,3,6,,2024-04-17 20:11
100006,10000602,25,2022,38,5,1,862,2017m7,1,243,1,2,2,2,210,1,3,5,,2024-04-17 20:11
100006,10000605,25,2022,74,2,,,,,,,3,2,2,,,,5,,2024-04-17 20:11
100007,10000701,25,2022,70,2,,,,,,,3,1,2,,,,6,,2024-04-17 20:11
100008,10000801,25,2022,68,2,,,,,,,3,1,2,,,,6,,2024-04-17 20:11
100008,10000802,25,2022,29,5,,,,,,,1,1,1,,,,6,,2024-04-17 20:11
100009,10000901,25,2022,73,2,,,,,,,3,1,2,,,,6,,2024-04-17 20:11
100010,10001001,25,2022,68,2,,,,,,,3,1,2,,,,6,,2024-04-17 20:11
100011,10001101,25,2022,44,6,1,466,2018m1,1,521,1,2,8,1,450,1,2,3,,2024-04-17 20:11
100011,10001102,25,2022,42,5,,,,,,,2,8,2,,,,3,,2024-04-17 20:11
100011,10001103,25,2022,16,2,,,,,,,1,8,1,,,,3,,2024-04-17 20:11
100012,10001201,25,2022,45,6,1,591,2014m6,1,285,1,2,8,1,370,1,2,3,,2024-04-17 20:11
100012,10001202,25,2022,41,6,1,641,2007m1,1,320,1,2,8,2,400,1,2,3,,2024-04-17 20:11
100013,10001301,25,2022,85,2,1,872,2020m9,2,952,1,3,8,2,27,2,3,5,,2024-04-17 20:11
100015,10001501,25,2022,81,2,,,,,,,3,1,2,,,,6,,2024-04-17 20:11
100016,10001602,25,2022,77,2,,,,,,,3,8,2,,,,5,,2024-04-17 20:11
100016,10001605,25,2022,54,3,,,,,,,3,8,2,,,,6,,2024-04-17 20:11
100017,10001701,25,2022,85,2,1,872,2020m2,2,,1,2,5,1,27,2,3,5,,2024-04-17 20:11
100017,10001702,25,2022,79,2,1,872,2016m3,2,,1,2,5,2,31,2,3,5,,2024-04-17 20:11
100020,10002001,25,2022,52,3,2,424,2016m1,4,783,2,3,12,1,250,,3,4,,2024-04-17 20:11
110267,10002003,25,2022,30,6,1,108,2021m8,1,211,1,1,13,1,265,1,2,5,,2024-04-17 20:11
100022,10002202,25,2022,89,1,,,,,,,3,12,2,,,,4,,2024-04-17 20:11
100024,10002401,25,2022,54,3,,,,,,,2,16,1,,,,2,,2024-04-17 20:11
100024,10002402,25,2022,49,3,1,471,2009m3,2,521,1,2,16,2,280,2,4,4,,2024-04-17 20:11
100024,10002403,25,2022,27,5,,,,,,,1,16,2,,,,6,,2024-04-17 20:11
100024,10002404,25,2022,22,4,,,,,,,1,16,1,,,,5,,2024-04-17 20:11
100025,10002501,25,2022,49,6,2,462,2011m9,4,521,2,2,16,1,300,,3,3,,2024-04-17 20:11
100025,10002502,25,2022,47,6,,,,,,,2,16,2,,,,4,,2024-04-17 20:11
100026,10002601,25,2022,53,3,,,,,,,3,16,1,,,,4,,2024-04-17 20:11
100026,10002602,25,2022,25,6,1,969,2020m9,2,941,1,1,16,2,210,2,4,4,,2024-04-17 20:11
100027,10002702,25,2022,72,2,,,,,,,3,16,2,,,,5,,2024-04-17 20:11
100028,10002801,25,2022,43,3,,,,,,,2,16,2,,,,3,,2024-04-17 20:11
100028,10002802,25,2022,43,3,1,463,2017m2,1,922,1,2,16,1,300,2,5,4,,2024-04-17 20:11
100030,10003001,25,2022,63,5,,,,,,,2,16,1,,,,4,,2024-04-17 20:11
100030,10003002,25,2022,58,3,1,551,2011m10,1,941,1,2,16,2,120,2,4,2,,2024-04-17 20:11
100030,10003003,25,2022,31,5,1,753,2016m6,1,412,1,1,16,1,250,1,4,4,,2024-04-17 20:11
100030,10003004,25,2022,33,6,,,,,,,1,16,1,,,,2,,2024-04-17 20:11
100031,10003101,25,2022,52,6,1,551,1990m3,1,152,1,2,16,1,300,1,4,3,,2024-04-17 20:11
100031,10003102,25,2022,47,6,2,759,2007m3,4,283,2,2,16,2,200,,3,2,,2024-04-17 20:11
100032,10003201,25,2022,65,3,2,492,2021m1,4,873,2,2,16,1,200,,3,3,,2024-04-17 20:11
100032,10003202,25,2022,64,2,,,,,,,2,16,2,,,,2,,2024-04-17 20:11
110032,10003203,25,2022,40,4,2,561,,4,441,2,2,16,1,250,,4,4,,2024-04-17 20:11
110254,10003204,25,2022,37,6,,,,,,,2,16,2,,,,2,,2024-04-17 20:11
110355,10003205,25,2022,29,5,1,423,2021m1,1,762,1,2,16,1,240,1,3,5,,2024-04-17 20:11
100033,10003302,25,2022,51,6,1,551,2022m1,1,432,1,2,16,1,400,1,4,2,,2024-04-17 20:11
100033,10003303,25,2022,51,6,,,,,,,2,16,2,,,,4,,2024-04-17 20:11
100033,10003304,25,2022,23,6,,,,,,,1,16,2,,,,3,,2024-04-17 20:11
100033,10003305,25,2022,21,4,,,,,,,1,16,1,,,,2,,2024-04-17 20:11
100034,10003402,25,2022,94,2,,,,,,,3,16,2,,,,3,,2024-04-17 20:11
100035,10003501,25,2022,86,3,,,,,,,2,16,1,,,,2,,2024-04-17 20:11
100035,10003502,25,2022,87,2,,,,,,,2,16,2,,,,3,,2024-04-17 20:11
100036,10003602,25,2022,85,1,,,,,,,3,9,2,,,,5,,2024-04-17 20:11
100037,10003701,25,2022,83,1,,,,,,,3,9,2,,,,5,,2024-04-17 20:11
100038,10003801,25,2022,84,2,1,102,2015m1,2,930,1,2,9,1,30,2,3,6,,2024-04-17 20:11
100038,10003802,25,2022,76,2,1,102,2015m1,3,930,1,2,9,2,30,2,3,6,,2024-04-17 20:11
100040,10004001,25,2022,65,5,1,452,2003m1,1,521,1,3,9,1,250,1,2,5,,2024-04-17 20:11
100040,10004002,25,2022,32,3,,,,,,,1,9,1,,,,5,,2024-04-17 20:11
100041,10004101,25,2022,50,3,2,493,2018m5,4,873,2,3,9,1,280,,3,4,,2024-04-17 20:11
110096,10004102,25,2022,39,3,1,911,2017m5,2,432,1,3,9,2,250,2,2,5,,2024-04-17 20:11
100041,10004103,25,2022,18,2,,,,,,,1,9,1,,,,4,,2024-04-17 20:11
100041,10004104,25,2022,15,2,,,,,,,1,9,2,,,,4,,2024-04-17 20:11
100042,10004201,25,2022,48,3,1,411,2018m1,1,312,1,2,9,1,300,1,2,4,,2024-04-17 20:11
100042,10004202,25,2022,43,3,1,493,2010m1,2,873,1,2,9,2,190,2,3,4,,2024-04-17 20:11
100042,10004203,25,2022,17,2,,,,,,,1,9,1,,,,4,,2024-04-17 20:11
100042,10004204,25,2022,15,2,,,,,,,1,9,1,,,,4,,2024-04-17 20:11
100043,10004301,25,2022,40,5,,,,,,,3,9,1,,,,4,,2024-04-17 20:11
100043,10004303,25,2022,65,4,,,,,,,2,9,1,,,,4,,2024-04-17 20:11
100043,10004304,25,2022,65,2,,,,,,,2,9,2,,,,3,,2024-04-17 20:11
100047,10004701,25,2022,70,2,2,11,1989m3,4,611,2,2,9,1,100,,3,4,,2024-04-17 20:11
100047,10004702,25,2022,68,2,3,11,1974m12,5,611,2,2,9,2,,,3,4,,2024-04-17 20:11
100048,10004801,25,2022,90,2,,,,,,,3,9,2,,,,5,,2024-04-17 20:11
100049,10004901,25,2022,71,2,2,11,2017m9,4,611,2,2,8,1,200,,3,5,,2024-04-17 20:11
100049,10004902,25,2022,73,2,,,,,,,2,8,2,,,,5,,2024-04-17 20:11
100051,10005101,25,2022,59,3,1,411,2018m1,3,910,1,2,10,1,350,2,3,4,,2024-04-17 20:11
100051,10005102,25,2022,54,3,1,101,2015m6,1,710,1,2,10,2,210,2,3,4,,2024-04-17 20:11
100051,10005103,25,2022,31,6,1,292,2021m8,1,854,1,1,10,1,320,1,2,4,,2024-04-17 20:11
110297,10005104,25,2022,28,5,,,,,,,2,10,2,,,,4,,2024-04-17 20:11
100053,10005301,25,2022,62,5,1,423,2022m1,3,762,1,2,15,1,120,2,4,5,,2024-04-17 20:11
100053,10005302,25,2022,62,3,1,841,2022m2,2,941,1,2,15,2,200,2,3,5,,2024-04-17 20:11
110081,10005303,25,2022,36,6,1,311,2016m1,1,312,1,2,15,1,370,1,3,5,,2024-04-17 20:11
110335,10005304,25,2022,34,6,1,464,2018m4,1,312,1,1,1,2,250,1,3,4,,2024-04-17 20:11
100054,10005401,25,2022,63,6,2,11,2016m10,4,611,2,2,15,1,30,,3,4,,2024-04-17 20:11
100054,10005402,25,2022,60,6,2,551,2004m11,4,432,2,2,15,2,150,,3,4,,2024-04-17 20:11
100054,10005404,25,2022,31,6,,,,,,,1,15,2,,,,4,,2024-04-17 20:11
100055,10005501,25,2022,60,5,,,,,,,2,15,1,,,,4,,2024-04-17 20:11
100055,10005502,25,2022,82,2,2,11,1962m12,4,611,2,3,15,2,20,,3,4,,2024-04-17 20:11
100055,10005503,25,2022,56,5,1,871,2006m5,1,429,1,2,15,2,400,1,2,4,,2024-04-17 20:11
110378,10005505,25,2022,27,6,1,712,2021m3,1,313,1,1,2,2,220,1,3,6,,2024-04-17 20:11
100056,10005601,25,2022,79,2,1,871,2017m7,2,942,1,3,15,1,110,2,3,5,,2024-04-17 20:11
100058,10005801,25,2022,81,1,,,,,,,3,15,2,,,,6,,2024-04-17 20:11
100060,10006001,25,2022,73,2,1,102,2015m3,2,441,1,3,15,2,120,2,2,5,,2024-04-17 20:11
100062,10006201,25,2022,89,1,,,,,,,3,15,1,,,,5,,2024-04-17 20:11
100063,10006301,25,2022,76,3,,,,,,,2,15,1,,,,4,,2024-04-17 20:11
100063,10006302,25,2022,70,5,2,551,2016m10,4,432,2,2,15,2,40,,2,4,,2024-04-17 20:11
100064,10006402,25,2022,83,1,,,,,,,3,15,2,,,,5,,2024-04-17 20:11
100065,10006501,25,2022,70,6,2,11,2012m4,4,611,2,2,15,1,70,,2,4,,2024-04-17 20:11
100065,10006502,25,2022,62,3,3,11,2012m4,5,611,2,2,15,2,,,2,4,,2024-04-17 20:11
100067,10006701,25,2022,62,3,2,339,1993m3,4,730,2,1,14,1,200,,3,5,,2024-04-17 20:11
100068,10006801,25,2022,83,4,,,,,,,2,14,1,,,,4,,2024-04-17 20:11
100068,10006802,25,2022,82,4,,,,,,,2,14,2,,,,4,,2024-04-17 20:11
100070,10007001,25,2022,51,5,1,491,1997m7,1,852,1,2,14,1,480,1,2,4,,2024-04-17 20:11
100070,10007002,25,2022,46,5,1,852,1995m3,1,313,1,2,14,2,220,1,2,4,,2024-04-17 20:11
100070,10007003,25,2022,19,4,,,,,,,1,14,2,,,,3,,2024-04-17 20:11
100070,10007004,25,2022,15,2,,,,,,,1,14,2,,,,4,,2024-04-17 20:11
100072,10007201,25,2022,78,1,,,,,,,3,14,2,,,,5,,2024-04-17 20:11
100072,10007202,25,2022,61,6,,,,,,,3,14,1,,,,6,,2024-04-17 20:11
100073,10007301,25,2022,74,2,,,,,,,3,14,2,,,,5,,2024-04-17 20:11
100075,10007501,25,2022,77,1,2,11,1965m3,4,611,2,2,13,1,100,,3,6,,2024-04-17 20:11
100075,10007502,25,2022,67,2,1,871,2020m8,1,421,1,2,13,2,190,2,3,5,,2024-04-17 20:11
110002,10007504,25,2022,41,3,1,478,2019m2,1,314,1,2,6,2,200,1,3,5,,2024-04-17 20:11
110002,10007505,25,2022,50,3,1,852,2019m3,1,421,1,2,6,1,300,2,3,5,,2024-04-17 20:11
100077,10007701,25,2022,63,2,,,,,,,3,13,1,,,,6,,2024-04-17 20:11
100077,10007702,25,2022,81,1,2,11,2020m3,4,611,2,3,13,2,20,,3,6,,2024-04-17 20:11
100079,10007901,25,2022,82,2,,,,,,,3,13,2,,,,3,,2024-04-17 20:11
100080,10008001,25,2022,80,1,2,11,1968m12,4,611,2,2,13,1,50,,3,4,,2024-04-17 20:11
100080,10008002,25,2022,73,1,1,841,2018m9,2,941,1,2,13,2,27,2,3,4,,2024-04-17 20:11
100082,10008202,25,2022,84,2,,,,,,,3,13,2,,,,5,,2024-04-17 20:11
100083,10008301,25,2022,45,5,1,641,,1,132,1,2,13,1,724,1,2,3,,2024-04-17 20:11
100083,10008302,25,2022,45,6,2,855,2011m3,4,254,2,2,13,2,220,,3,4,,2024-04-17 20:11
100083,10008303,25,2022,19,4,,,,,,,1,13,1,,,,3,,2024-04-17 20:11
100083,10008304,25,2022,16,2,,,,,,,1,13,1,,,,3,,2024-04-17 20:11
100085,10008501,25,2022,93,2,,,,,,,3,13,1,,,,5,,2024-04-17 20:11
100086,10008602,25,2022,83,2,3,11,1959m12,5,611,2,3,13,2,,,3,5,,2024-04-17 20:11
100086,10008603,25,2022,49,3,1,841,2022m3,3,941,1,1,13,1,140,2,3,5,,2024-04-17 20:11
100087,10008701,25,2022,65,2,1,32,1984m3,3,630,1,2,13,1,120,2,3,5,,2024-04-17 20:11
100087,10008702,25,2022,61,3,2,562,2011m10,4,441,2,2,13,2,50,,3,5,,2024-04-17 20:11
100090,10009001,25,2022,76,2,,,,,,,3,8,1,,,,5,,2024-04-17 20:11
100092,10009201,25,2022,72,2,,,,,,,3,8,2,,,,5,,2024-04-17 20:11
100093,10009301,25,2022,84,1,,,,,,,3,12,2,,,,4,,2024-04-17 20:11
100095,10009501,25,2022,85,1,,,,,,,3,12,2,,,,4,,2024-04-17 20:11
100096,10009601,25,2022,91,2,,,,,,,2,16,1,,,,3,,2024-04-17 20:11
100096,10009602,25,2022,91,1,,,,,,,2,16,2,,,,3,,2024-04-17 20:11
100097,10009701,25,2022,59,3,1,561,2021m4,1,442,1,2,8,2,250,1,3,5,,2024-04-17 20:11
100097,10009702,25,2022,60,3,2,423,2020m4,4,762,2,2,8,1,350,,2,5,,2024-04-17 20:11
100097,10009703,25,2022,22,4,,,,,,,1,8,1,,,,4,,2024-04-17 20:11
100098,10009802,25,2022,71,2,2,11,2004m4,4,611,2,3,11,2,200,,2,3,,2024-04-17 20:11
100099,10009901,25,2022,92,1,,,,,,,2,11,1,,,,5,,2024-04-17 20:11
100099,10009902,25,2022,89,2,,,,,,,2,11,2,,,,4,,2024-04-17 20:11
110298,10009903,25,2022,42,5,2,11,2012m3,4,611,2,2,11,1,250,,2,4,,2024-04-17 20:11
100100,10010001,25,2022,70,2,2,11,1977m4,4,611,2,2,11,1,55,,2,4,,2024-04-17 20:11
100100,10010002,25,2022,65,2,,,,,,,2,11,2,,,,4,,2024-04-17 20:11
100100,10010003,25,2022,93,1,,,,,,,3,11,2,,,,4,,2024-04-17 20:11
100101,10010101,25,2022,59,6,1,841,1991m4,1,311,1,2,11,1,650,1,2,3,,2024-04-17 20:11
100101,10010102,25,2022,55,3,2,11,2017m9,4,611,2,2,11,2,10,,2,3,,2024-04-17 20:11
110160,10010103,25,2022,31,5,1,292,2020m1,1,854,1,1,8,1,300,2,3,3,,2024-04-17 20:11
110234,10010104,25,2022,29,5,1,844,2016m5,1,411,1,1,11,2,260,1,2,4,,2024-04-17 20:11
110234,10010105,25,2022,26,5,1,872,2018m4,1,441,1,1,11,2,200,1,2,4,,2024-04-17 20:11
100102,10010201,25,2022,56,6,2,493,2013m3,4,875,2,2,11,1,350,,3,4,,2024-04-17 20:11
100102,10010202,25,2022,57,3,1,842,2021m2,2,314,1,2,11,2,183,2,2,4,,2024-04-17 20:11
110268,10010203,25,2022,29,6,1,620,2022m3,2,314,1,1,1,2,192,2,2,3,,2024-04-17 20:11
100102,10010204,25,2022,27,6,,,,,,,1,11,2,,,,4,,2024-04-17 20:11
100103,10010302,25,2022,52,3,1,561,2022m7,2,442,1,3,11,2,100,2,3,5,,2024-04-17 20:11
110203,10010303,25,2022,28,2,2,911,2022m2,4,286,2,2,8,1,600,,2,4,,2024-04-17 20:11
100103,10010304,25,2022,25,3,1,426,2022m6,1,313,1,1,11,2,218,1,3,4,,2024-04-17 20:11
100103,10010305,25,2022,78,1,2,11,1970m2,4,611,2,3,11,2,15,,3,5,,2024-04-17 20:11
100104,10010402,25,2022,66,2,2,11,1977m3,5,611,2,3,11,2,,,2,5,,2024-04-17 20:11
100105,10010501,25,2022,77,2,2,11,1966m6,4,611,2,2,11,1,100,,3,4,,2024-04-17 20:11
100105,10010502,25,2022,61,2,,,,,,,2,11,2,,,,5,,2024-04-17 20:11
100106,10010601,25,2022,76,2,2,11,1967m10,4,611,2,2,11,1,250,,3,4,,2024-04-17 20:11
100106,10010602,25,2022,79,1,,,,,,,2,11,2,,,,4,,2024-04-17 20:11
100107,10010702,25,2022,94,1,,,,,,,3,11,2,,,,6,,2024-04-17 20:11
100109,10010901,25,2022,73,2,2,11,1961m3,4,611,2,2,11,1,200,,3,5,,2024-04-17 20:11
100109,10010902,25,2022,73,2,,,,,,,2,11,2,,,,5,,2024-04-17 20:11
110124,10010904,25,2022,42,4,,,,,,,2,19,2,,,,5,,2024-04-17 20:11
100110,10011001,25,2022,75,2,2,562,2009m1,4,442,2,2,8,1,100,,3,5,,2024-04-17 20:11
100110,10011002,25,2022,66,2,3,562,2009m1,5,441,2,2,8,2,,,3,5,,2024-04-17 20:11
110003,10011003,25,2022,45,3,,,,,,,2,8,2,,,,4,,2024-04-17 20:11
110064,10011004,25,2022,43,3,1,872,2020m2,1,421,1,2,8,2,118,2,2,4,,2024-04-17 20:11
100111,10011101,25,2022,59,3,1,412,2009m4,3,875,1,2,8,1,390,2,3,4,,2024-04-17 20:11
100111,10011102,25,2022,54,3,,,,,,,2,8,2,,,,5,,2024-04-17 20:11
100111,10011103,25,2022,26,5,1,411,2022m6,1,312,1,1,8,1,178,2,3,5,,2024-04-17 20:11
100111,10011104,25,2022,24,3,1,423,2020m6,1,772,1,1,8,2,205,1,3,5,,2024-04-17 20:11
100113,10011301,25,2022,79,2,1,682,2013m10,2,942,1,2,8,1,198,2,4,5,,2024-04-17 20:11
100113,10011302,25,2022,76,2,2,961,1990m11,4,422,2,2,8,2,100,,4,5,,2024-04-17 20:11
100114,10011401,25,2022,75,2,2,472,1982m2,4,521,2,3,11,2,150,,2,5,,2024-04-17 20:11
100115,10011502,25,2022,82,1,,,,,,,3,11,2,,,,5,,2024-04-17 20:11
110004,10011503,25,2022,59,6,1,11,2011m4,2,922,1,3,11,1,250,2,3,5,,2024-04-17 20:11
100115,10011504,25,2022,35,6,1,107,2021m2,1,811,1,1,11,2,370,1,2,5,,2024-04-17 20:11
110423,10011505,25,2022,29,6,1,843,2022m5,1,311,1,1,1,1,180,1,2,4,,2024-04-17 20:11
100116,10011601,25,2022,64,2,3,561,2001m10,5,441,2,2,11,1,,,2,4,,2024-04-17 20:11
100116,10011602,25,2022,62,2,2,561,2001m10,4,441,2,2,11,2,500,,2,4,,2024-04-17 20:11
100117,10011702,25,2022,77,3,1,872,2020m4,2,941,1,3,11,2,27,2,3,4,,2024-04-17 20:11
100118,10011801,25,2022,75,3,2,11,1979m3,4,611,2,2,11,1,180,,3,5,,2024-04-17 20:11
100118,10011802,25,2022,70,2,3,11,1979m3,5,611,2,2,11,2,,,3,5,,2024-04-17 20:11
100119,10011902,25,2022,53,3,,,,,,,1,11,1,,,,6,,2024-04-17 20:11
100120,10012001,25,2022,77,2,,,,,,,3,19,2,,,,5,,2024-04-17 20:11
100121,10012101,25,2022,69,2,2,529,2005m3,4,875,2,2,19,1,250,,3,4,,2024-04-17 20:11
100121,10012102,25,2022,68,2,,,,,,,2,19,2,,,,4,,2024-04-17 20:11
110235,10012103,25,2022,40,3,,,,,,,2,19,2,,,,4,,2024-04-17 20:11
110005,10012104,25,2022,36,6,,,,,,,2,8,2,,,,4,,2024-04-17 20:11
110402,10012105,25,2022,31,6,2,474,2020m2,4,521,2,1,19,1,300,,3,4,,2024-04-17 20:11
100122,10012201,25,2022,68,2,2,492,2013m9,4,875,2,2,19,1,250,,3,4,,2024-04-17 20:11
100122,10012202,25,2022,57,2,1,841,2018m1,1,941,1,2,19,2,183,1,2,4,,2024-04-17 20:11
110300,10012203,25,2022,32,4,1,952,2020m2,1,751,1,1,19,1,330,1,2,4,,2024-04-17 20:11
110403,10012204,25,2022,31,5,2,961,2018m12,4,422,2,2,19,2,800,,2,4,,2024-04-17 20:11
100123,10012301,25,2022,96,5,,,,,,,3,10,1,,,,5,,2024-04-17 20:11
100125,10012501,25,2022,81,3,2,11,1989m3,4,611,2,2,11,1,65,,4,5,,2024-04-17 20:11
100125,10012502,25,2022,77,2,3,11,1971m3,5,611,2,2,11,2,,,3,5,,2024-04-17 20:11
100125,10012503,25,2022,51,5,1,222,2010m3,1,753,1,2,11,1,305,1,2,4,,2024-04-17 20:11
100125,10012505,25,2022,46,3,,,,,,,2,11,2,,,,5,,2024-04-17 20:11
100126,10012601,25,2022,83,2,2,11,1949m3,4,611,2,2,11,1,50,,3,5,,2024-04-17 20:11
100126,10012602,25,2022,79,2,1,872,2014m3,2,952,1,2,11,2,27,2,2,4,,2024-04-17 20:11
100128,10012802,25,2022,78,2,2,961,1968m8,4,422,2,3,10,2,30,,5,5,,2024-04-17 20:11
100130,10013001,25,2022,76,2,2,11,1999m3,4,611,2,2,10,1,100,,4,4,,2024-04-17 20:11
100130,10013002,25,2022,74,2,3,11,1999m3,5,611,2,2,10,2,,,4,4,,2024-04-17 20:11
100131,10013101,25,2022,69,3,,,,,,,2,10,1,,,,3,,2024-04-17 20:11
100131,10013102,25,2022,69,3,,,,,,,2,10,2,,,,3,,2024-04-17 20:11
100132,10013201,25,2022,58,3,1,411,2010m6,3,875,1,2,8,1,200,2,4,6,,2024-04-17 20:11
100132,10013202,25,2022,45,3,1,561,2014m1,2,952,1,2,8,2,200,2,4,4,,2024-04-17 20:11
100132,10013203,25,2022,24,3,,,,,,,1,8,1,,,,5,,2024-04-17 20:11
100132,10013204,25,2022,15,2,,,,,,,1,8,1,,,,5,,2024-04-17 20:11
100133,10013301,25,2022,52,5,1,494,2014m4,1,922,1,2,8,1,350,2,4,5,,2024-04-17 20:11
100133,10013302,25,2022,52,5,1,872,2018m6,1,247,1,2,8,2,200,1,4,5,,2024-04-17 20:11
100133,10013303,25,2022,23,4,,,,,,,1,8,1,,,,4,,2024-04-17 20:11
100133,10013304,25,2022,18,2,,,,,,,1,8,2,,,,4,,2024-04-17 20:11
100134,10013401,25,2022,66,3,,,,,,,2,8,2,,,,4,,2024-04-17 20:11
100134,10013402,25,2022,70,3,2,259,1995m3,4,743,2,2,8,1,150,,3,4,,2024-04-17 20:11
100135,10013501,25,2022,78,2,,,,,,,3,8,1,,,,5,,2024-04-17 20:11
100136,10013602,25,2022,92,2,,,,,,,3,4,2,,,,4,,2024-04-17 20:11
100136,10013603,25,2022,60,6,,,,,,,2,4,1,,,,4,,2024-04-17 20:11
100136,10013604,25,2022,50,6,,,,,,,2,4,2,,,,4,,2024-04-17 20:11
100137,10013702,25,2022,72,2,,,,,,,3,10,2,,,,6,,2024-04-17 20:11
100137,10013703,25,2022,16,2,,,,,,,1,10,2,,,,6,,2024-04-17 20:11
100138,10013801,25,2022,85,2,1,851,2021m4,2,,1,2,10,1,27,2,2,5,,2024-04-17 20:11
100138,10013802,25,2022,85,2,1,851,2022m3,2,952,1,2,10,2,27,2,2,6,,2024-04-17 20:11
100139,10013901,25,2022,68,2,2,961,1996m3,4,422,2,2,10,1,100,,3,5,,2024-04-17 20:11
100139,10013902,25,2022,67,2,1,861,2021m10,2,421,1,2,10,2,190,2,4,5,,2024-04-17 20:11
110404,10013903,25,2022,45,3,1,201,2014m9,1,753,1,1,10,1,330,1,3,4,,2024-04-17 20:11
100140,10014001,25,2022,86,2,,,,,,,3,10,2,,,,6,,2024-04-17 20:11
100140,10014002,25,2022,53,3,1,841,2016m8,1,412,1,1,10,1,300,2,3,5,,2024-04-17 20:11
100141,10014101,25,2022,57,3,1,251,1999m10,1,743,1,2,10,1,320,1,2,4,,2024-04-17 20:11
100141,10014102,25,2022,54,3,1,872,2019m2,2,421,1,2,10,2,120,2,3,3,,2024-04-17 20:11
100142,10014201,25,2022,75,2,,,,,,,2,10,1,,,,4,,2024-04-17 20:11
100142,10014202,25,2022,73,3,,,,,,,2,10,2,,,,4,,2024-04-17 20:11
100143,10014301,25,2022,62,3,,,,,,,2,19,1,,,,6,,2024-04-17 20:11
100143,10014303,25,2022,37,2,,,,,,,2,19,2,,,,5,,2024-04-17 20:11
100144,10014401,25,2022,77,3,,,,,,,1,10,2,,,,5,,2024-04-17 20:11
100146,10014601,25,2022,93,2,,,,,,,3,10,2,,,,5,,2024-04-17 20:11
100147,10014701,25,2022,83,2,,,,,,,2,10,1,,,,4,,2024-04-17 20:11
100147,10014702,25,2022,84,2,,,,,,,2,10,2,,,,4,,2024-04-17 20:11
100148,10014802,25,2022,81,3,,,,,,,3,10,2,,,,6,,2024-04-17 20:11
100149,10014902,25,2022,81,1,,,,,,,3,10,2,,,,5,,2024-04-17 20:11
110050,10014903,25,2022,56,5,1,291,2020m10,1,851,1,3,10,1,300,1,3,4,,2024-04-17 20:11
100149,10014905,25,2022,29,6,1,582,2021m9,1,223,1,1,10,1,400,1,2,4,,2024-04-17 20:11
100151,10015101,25,2022,58,2,2,11,1985m3,4,611,2,2,10,1,90,,2,5,,2024-04-17 20:11
100151,10015102,25,2022,56,3,1,856,2019m1,1,941,1,2,10,2,170,2,2,5,,2024-04-17 20:11
110405,10015103,25,2022,23,6,1,851,2022m3,1,252,1,1,10,2,230,1,1,5,,2024-04-17 20:11
100151,10015104,25,2022,21,4,,,,,,,1,10,2,,,,4,,2024-04-17 20:11
100153,10015301,25,2022,58,6,,,,,,,3,10,1,,,,4,,2024-04-17 20:11
100153,10015303,25,2022,55,3,1,411,2019m5,3,782,1,1,10,1,470,2,2,4,,2024-04-17 20:11
100155,10015501,25,2022,43,5,1,303,2015m7,1,743,1,1,8,1,350,1,2,4,,2024-04-17 20:11
100156,10015601,25,2022,61,3,,,,,,,2,8,1,,,,5,,2024-04-17 20:11
100156,10015602,25,2022,61,3,1,101,2015m1,2,710,1,2,8,2,240,2,2,5,,2024-04-17 20:11
100156,10015604,25,2022,30,3,1,471,2019m1,2,521,1,1,8,2,100,2,3,5,,2024-04-17 20:11
100157,10015701,25,2022,45,3,2,320,2013m7,4,730,2,3,8,1,400,,2,4,,2024-04-17 20:11
100157,10015702,25,2022,76,2,,,,,,,3,8,2,,,,5,,2024-04-17 20:11
100158,10015801,25,2022,51,3,1,551,2002m1,1,532,1,3,8,1,280,1,3,5,,2024-04-17 20:11
100159,10015901,25,2022,52,2,1,424,2020m5,3,910,1,2,8,1,260,2,3,5,,2024-04-17 20:11
100159,10015902,25,2022,54,2,1,320,2016m2,1,822,1,2,8,2,250,1,2,5,,2024-04-17 20:11
100159,10015903,25,2022,25,3,1,261,2019m1,2,941,1,1,8,1,140,2,2,5,,2024-04-17 20:11
100161,10016101,25,2022,54,6,1,620,2004m7,1,223,1,2,8,1,1200,1,2,3,,2024-04-17 20:11
100161,10016102,25,2022,50,6,1,855,2013m6,1,254,1,2,8,2,400,1,2,3,,2024-04-17 20:11
100161,10016104,25,2022,21,4,,,,,,,1,8,1,,,,3,,2024-04-17 20:11
100162,10016201,25,2022,57,6,1,107,1992m9,1,237,1,2,8,1,850,1,1,3,,2024-04-17 20:11
100162,10016202,25,2022,52,6,2,11,2021m3,4,611,2,2,8,2,10,,3,3,,2024-04-17 20:11
100162,10016203,25,2022,29,4,,,,,,,1,8,1,,,,4,,2024-04-17 20:11
100162,10016204,25,2022,26,6,1,713,2022m1,1,273,1,1,8,2,200,1,2,4,,2024-04-17 20:11
100163,10016301,25,2022,80,3,,,,,,,2,8,1,,,,3,,2024-04-17 20:11
100163,10016302,25,2022,74,2,,,,,,,2,8,2,,,,3,,2024-04-17 20:11
100164,10016401,25,2022,58,6,1,949,2012m6,1,248,1,2,10,1,250,1,2,4,,2024-04-17 20:11
100164,10016403,25,2022,30,5,1,264,2016m3,1,864,1,1,10,1,300,2,3,4,,2024-04-17 20:11
100164,10016404,25,2022,32,6,1,582,2021m7,1,222,1,1,10,1,350,1,2,4,,2024-04-17 20:11
100164,10016405,25,2022,59,5,,,,,,,2,10,2,,,,4,,2024-04-17 20:11
100167,10016701,25,2022,59,3,,,,,,,3,1,2,,,,6,,2024-04-17 20:11
110006,10016702,25,2022,36,5,1,761,2021m9,1,751,1,1,1,1,210,1,3,4,,2024-04-17 20:11
100168,10016801,25,2022,70,3,,,,,,,2,9,1,,,,4,,2024-04-17 20:11
100168,10016802,25,2022,70,3,,,,,,,2,9,2,,,,4,,2024-04-17 20:11
110007,10016803,25,2022,40,6,1,581,2021m4,1,281,1,3,8,2,324,1,2,5,,2024-04-17 20:11
110036,10016804,25,2022,38,5,1,171,2014m7,1,312,1,3,8,1,260,1,2,4,,2024-04-17 20:11
100170,10017001,25,2022,76,3,,,,,,,2,9,1,,,,4,,2024-04-17 20:11
100170,10017002,25,2022,67,3,,,,,,,2,9,2,,,,4,,2024-04-17 20:11
100171,10017101,25,2022,75,2,,,,,,,3,15,1,,,,5,,2024-04-17 20:11
100173,10017301,25,2022,53,3,1,411,2000m1,3,782,1,3,15,1,300,2,3,5,,2024-04-17 20:11
100173,10017303,25,2022,15,2,,,,,,,1,15,1,,,,5,,2024-04-17 20:11
100173,10017304,25,2022,86,1,,,,,,,3,15,2,,,,4,,2024-04-17 20:11
100174,10017401,25,2022,50,3,1,852,2008m1,1,311,1,2,15,1,410,1,2,3,,2024-04-17 20:11
100174,10017402,25,2022,46,5,1,661,1999m7,1,272,1,2,15,2,1500,1,2,3,,2024-04-17 20:11
100174,10017403,25,2022,19,4,,,,,,,1,15,1,,,,3,,2024-04-17 20:11
100174,10017404,25,2022,15,2,,,,,,,1,15,1,,,,3,,2024-04-17 20:11
100175,10017501,25,2022,82,2,,,,,,,2,15,1,,,,5,,2024-04-17 20:11
100175,10017502,25,2022,75,2,,,,,,,2,15,2,,,,5,,2024-04-17 20:11
100175,10017503,25,2022,52,5,,,,,,,1,15,1,,,,4,,2024-04-17 20:11
100176,10017601,25,2022,75,3,,,,,,,2,14,1,,,,3,,2024-04-17 20:11
100176,10017602,25,2022,76,2,,,,,,,2,14,2,,,,4,,2024-04-17 20:11
100177,10017701,25,2022,79,2,,,,,,,2,14,1,,,,4,,2024-04-17 20:11
100177,10017702,25,2022,73,2,1,872,2017m3,2,429,1,2,14,2,49,2,2,4,,2024-04-17 20:11
100179,10017901,25,2022,87,2,,,,,,,3,14,2,,,,5,,2024-04-17 20:11
100181,10018101,25,2022,75,3,,,,,,,3,14,2,,,,4,,2024-04-17 20:11
100182,10018201,25,2022,62,3,2,953,1999m3,4,521,2,3,2,2,150,,3,5,,2024-04-17 20:11
110356,10018202,25,2022,33,5,1,339,2018m3,1,892,1,2,2,2,170,1,3,4,,2024-04-17 20:11
100184,10018401,25,2022,83,2,,,,,,,3,2,2,,,,6,,2024-04-17 20:11
100185,10018501,25,2022,71,2,,,,,,,2,2,1,,,,6,,2024-04-17 20:11
100185,10018502,25,2022,71,2,1,561,2020m9,2,441,1,2,2,2,40,2,3,6,,2024-04-17 20:11
100186,10018601,25,2022,70,3,,,,,,,2,2,1,,,,4,,2024-04-17 20:11
100186,10018602,25,2022,70,2,,,,,,,2,2,2,,,,4,,2024-04-17 20:11
100186,10018603,25,2022,48,5,1,411,2014m5,3,910,1,1,2,1,400,2,2,4,,2024-04-17 20:11
100187,10018701,25,2022,64,3,,,,,,,3,2,1,,,,6,,2024-04-17 20:11
110316,10018702,25,2022,62,3,1,561,2009m2,2,442,1,3,2,2,150,2,3,6,,2024-04-17 20:11
110316,10018703,25,2022,27,4,1,841,2015m7,1,311,1,1,2,1,300,1,2,6,,2024-04-17 20:11
100188,10018803,25,2022,36,4,1,303,2012m3,1,854,1,1,8,1,330,1,3,5,,2024-04-17 20:11
100189,10018901,25,2022,75,2,1,872,2021m2,2,,1,3,2,2,27,2,2,6,,2024-04-17 20:11
100191,10019102,25,2022,72,2,1,872,2021m2,2,941,1,3,2,2,27,2,3,6,,2024-04-17 20:11
100192,10019201,25,2022,80,6,,,,,,,3,2,1,,,,3,,2024-04-17 20:11
100193,10019301,25,2022,54,3,1,370,2018m5,1,882,1,2,2,1,230,1,2,4,,2024-04-17 20:11
110193,10019302,25,2022,52,3,,,,,,,3,2,2,,,,5,,2024-04-17 20:11
100193,10019303,25,2022,26,6,1,521,2021m11,3,921,1,1,2,1,310,2,3,4,,2024-04-17 20:11
100193,10019304,25,2022,79,2,,,,,,,3,2,2,,,,5,,2024-04-17 20:11
100194,10019401,25,2022,52,3,,,,,,,2,16,1,,,,3,,2024-04-17 20:11
100194,10019402,25,2022,52,3,,,,,,,2,16,2,,,,3,,2024-04-17 20:11
100194,10019404,25,2022,25,4,,,,,,,1,16,2,,,,3,,2024-04-17 20:11
100195,10019501,25,2022,85,1,,,,,,,2,2,1,,,,4,,2024-04-17 20:11
100195,10019502,25,2022,84,1,,,,,,,2,2,2,,,,5,,2024-04-17 20:11
100198,10019802,25,2022,81,1,,,,,,,3,1,2,,,,5,,2024-04-17 20:11
100198,10019803,25,2022,54,5,1,264,2008m4,1,274,1,1,1,1,200,1,3,5,,2024-04-17 20:11
100199,10019902,25,2022,83,2,,,,,,,3,1,2,,,,5,,2024-04-17 20:11
100200,10020001,25,2022,64,2,,,,,,,2,8,1,,,,3,,2024-04-17 20:11
100200,10020002,25,2022,61,2,1,561,2020m1,1,952,1,2,8,2,155,1,3,3,,2024-04-17 20:11
100201,10020101,25,2022,61,6,2,761,1998m3,4,522,2,2,1,1,400,,2,4,,2024-04-17 20:11
100201,10020102,25,2022,63,6,1,872,2018m1,1,247,1,2,1,2,185,1,2,4,,2024-04-17 20:11
100201,10020103,25,2022,24,4,,,,,,,1,1,2,,,,4,,2024-04-17 20:11
100202,10020201,25,2022,74,2,,,,,,,2,1,1,,,,4,,2024-04-17 20:11
100202,10020202,25,2022,75,2,,,,,,,2,1,2,,,,4,,2024-04-17 20:11
100203,10020301,25,2022,45,6,,,,,,,2,1,1,,,,5,,2024-04-17 20:11
100203,10020302,25,2022,42,6,1,759,2015m5,2,281,1,2,1,2,20,2,3,4,,2024-04-17 20:11
100204,10020401,25,2022,41,6,2,711,2015m11,4,261,2,2,5,1,500,,2,4,,2024-04-17 20:11
100206,10020601,25,2022,40,3,1,272,2011m3,1,864,1,1,8,1,350,1,3,5,,2024-04-17 20:11
100207,10020701,25,2022,52,5,2,855,2020m4,4,254,2,1,1,2,200,,2,4,,2024-04-17 20:11
100215,10021501,25,2022,53,3,1,475,1999m1,1,771,1,1,8,1,270,1,3,5,,2024-04-17 20:11
100216,10021601,25,2022,65,5,2,471,1995m3,4,521,2,2,1,1,300,,3,4,,2024-04-17 20:11
100216,10021602,25,2022,60,3,3,471,1995m3,5,521,2,2,1,2,,,3,4,,2024-04-17 20:11
100216,10021603,25,2022,35,6,1,842,2016m3,1,311,1,1,1,1,300,1,3,4,,2024-04-17 20:11
100218,10021801,25,2022,83,1,,,,,,,3,8,2,,,,5,,2024-04-17 20:11
100219,10021901,25,2022,80,2,2,11,2016m6,4,611,2,2,8,1,50,,3,4,,2024-04-17 20:11
100219,10021902,25,2022,70,2,3,11,2016m6,5,611,2,2,8,2,,,3,4,,2024-04-17 20:11
100220,10022001,25,2022,48,6,1,311,2001m7,1,234,1,2,7,1,670,1,2,3,,2024-04-17 20:11
100220,10022002,25,2022,46,6,1,852,2000m2,1,262,1,2,7,2,420,1,2,3,,2024-04-17 20:11
110142,10022202,25,2022,55,3,1,259,2014m3,1,842,1,3,7,2,320,1,2,4,,2024-04-17 20:11
100222,10022203,25,2022,29,6,1,529,2018m11,1,312,1,1,7,2,250,1,3,5,,2024-04-17 20:11
110142,10022204,25,2022,26,6,,,,,,,1,7,2,,,,4,,2024-04-17 20:11
110142,10022205,25,2022,25,4,,,,,,,1,7,1,,,,5,,2024-04-17 20:11
100224,10022401,25,2022,42,4,,,,,,,2,5,2,,,,5,,2024-04-17 20:11
100224,10022402,25,2022,48,3,2,953,2001m3,4,771,2,2,5,1,1200,,3,5,,2024-04-17 20:11
100224,10022403,25,2022,18,2,,,,,,,1,5,2,,,,5,,2024-04-17 20:11
100224,10022404,25,2022,16,2,,,,,,,1,5,1,,,,5,,2024-04-17 20:11
100225,10022501,25,2022,63,3,1,471,2019m8,1,942,1,2,5,1,208,1,3,5,,2024-04-17 20:11
100225,10022502,25,2022,64,3,1,472,2021m10,1,521,1,2,5,2,130,1,2,5,,2024-04-17 20:11
100225,10022503,25,2022,27,4,,,,,,,1,5,1,,,,5,,2024-04-17 20:11
100227,10022701,25,2022,50,5,1,231,2005m1,1,854,1,2,12,1,500,1,2,4,,2024-04-17 20:11
100227,10022702,25,2022,18,2,,,,,,,1,12,2,,,,3,,2024-04-17 20:11
100227,10022703,25,2022,78,2,,,,,,,3,12,2,,,,4,,2024-04-17 20:11
100227,10022704,25,2022,52,3,1,471,2022m5,2,521,1,2,12,2,160,2,2,4,,2024-04-17 20:11
100229,10022901,25,2022,68,6,2,11,2012m2,4,612,2,2,12,1,150,,3,4,,2024-04-17 20:11
100229,10022902,25,2022,60,6,1,471,2012m10,3,521,1,2,12,2,160,2,2,4,,2024-04-17 20:11
100229,10022903,25,2022,26,6,,,,,,,1,12,2,,,,4,,2024-04-17 20:11
100229,10022904,25,2022,24,3,1,474,2022m3,2,521,1,1,12,1,200,2,2,4,,2024-04-17 20:11
110301,10023003,25,2022,26,6,1,582,2020m8,1,222,1,1,1,2,198,1,2,5,,2024-04-17 20:11
110143,10023004,25,2022,25,5,,,,,,,3,12,2,,,,5,,2024-04-17 20:11
100231,10023101,25,2022,77,2,1,872,2022m2,2,952,1,3,12,2,27,2,3,4,,2024-04-17 20:11
100231,10023103,25,2022,45,5,1,464,2020m7,1,930,1,1,12,1,208,1,4,5,,2024-04-17 20:11
100232,10023201,25,2022,65,2,1,411,1979m4,3,782,1,2,12,1,240,2,3,4,,2024-04-17 20:11
100232,10023202,25,2022,63,2,,,,,,,2,12,2,,,,4,,2024-04-17 20:11
110051,10023203,25,2022,38,6,1,869,2008m4,1,245,1,2,12,2,500,1,3,4,,2024-04-17 20:11
100232,10023204,25,2022,36,6,1,476,2021m3,1,521,1,1,12,1,200,2,3,4,,2024-04-17 20:11
100232,10023205,25,2022,94,1,,,,,,,3,12,2,,,,4,,2024-04-17 20:11
100233,10023301,25,2022,82,6,,,,,,,3,12,1,,,,4,,2024-04-17 20:11
100235,10023501,25,2022,63,3,2,476,2000m3,4,521,2,2,16,1,191,,4,4,,2024-04-17 20:11
100235,10023502,25,2022,61,3,,,,,,,2,16,2,,,,4,,2024-04-17 20:11
100235,10023503,25,2022,27,6,,,,,,,1,16,1,,,,3,,2024-04-17 20:11
100235,10023505,25,2022,31,6,1,582,2020m1,1,222,1,1,16,1,200,1,4,4,,2024-04-17 20:11
100236,10023601,25,2022,75,2,2,11,1995m3,4,611,2,3,16,2,125,,4,5,,2024-04-17 20:11
100236,10023602,25,2022,44,3,,,,,,,1,16,2,,,,5,,2024-04-17 20:11
100237,10023701,25,2022,86,2,,,,,,,3,16,1,,,,5,,2024-04-17 20:11
100238,10023801,25,2022,82,2,,,,,,,3,16,2,,,,6,,2024-04-17 20:11
100240,10024001,25,2022,81,3,,,,,,,2,16,1,,,,4,,2024-04-17 20:11
100240,10024002,25,2022,81,2,,,,,,,2,16,2,,,,4,,2024-04-17 20:11
100241,10024101,25,2022,84,2,2,11,1975m9,4,611,2,2,16,1,250,,3,4,,2024-04-17 20:11
100241,10024102,25,2022,74,2,3,11,2011m10,5,611,2,2,16,2,,,4,4,,2024-04-17 20:11
100242,10024201,25,2022,49,3,1,492,2020m2,1,873,1,3,16,1,200,1,4,3,,2024-04-17 20:11
100242,10024202,25,2022,24,5,,,,,,,1,16,2,,,,4,,2024-04-17 20:11
100243,10024302,25,2022,50,3,1,872,2016m4,1,421,1,3,16,2,200,1,4,4,,2024-04-17 20:11
100243,10024303,25,2022,15,2,,,,,,,1,16,1,,,,4,,2024-04-17 20:11
100244,10024401,25,2022,93,1,,,,,,,3,16,1,,,,5,,2024-04-17 20:11
100246,10024601,25,2022,67,6,,,,,,,3,16,1,,,,4,,2024-04-17 20:11
100246,10024604,25,2022,34,6,,,,,,,1,16,1,,,,4,,2024-04-17 20:11
100246,10024605,25,2022,32,6,1,844,2022m1,1,411,1,1,16,1,240,1,3,4,,2024-04-17 20:11
100247,10024701,25,2022,74,2,,,,,,,3,16,2,,,,4,,2024-04-17 20:11
100249,10024901,25,2022,63,3,2,949,2012m5,4,248,2,1,13,2,100,,2,4,,2024-04-17 20:11
100250,10025002,25,2022,65,2,1,561,2018m10,2,441,1,3,11,2,150,2,3,5,,2024-04-17 20:11
100251,10025101,25,2022,76,1,,,,,,,3,1,2,,,,4,,2024-04-17 20:11
100254,10025401,25,2022,49,3,2,912,2001m3,4,432,2,2,10,1,150,,4,6,,2024-04-17 20:11
100254,10025402,25,2022,46,5,1,562,2021m9,1,442,1,2,10,2,200,1,4,5,,2024-04-17 20:11
100254,10025403,25,2022,24,3,1,141,2019m4,2,823,1,1,10,1,80,2,3,6,,2024-04-17 20:11
100254,10025404,25,2022,19,4,,,,,,,1,10,1,,,,4,,2024-04-17 20:11
100255,10025501,25,2022,58,5,1,303,2010m11,1,741,1,2,10,1,360,1,3,4,,2024-04-17 20:11
100255,10025502,25,2022,58,5,,,,,,,2,10,2,,,,4,,2024-04-17 20:11
100255,10025503,25,2022,30,6,1,292,2020m5,1,312,1,1,10,1,290,1,2,4,,2024-04-17 20:11
100256,10025601,25,2022,55,3,2,961,2020m3,4,422,2,3,10,2,400,,3,4,,2024-04-17 20:11
110052,10025602,25,2022,36,4,1,259,2014m11,1,921,1,3,10,1,400,1,3,4,,2024-04-17 20:11
100257,10025701,25,2022,64,2,,,,,,,3,10,2,,,,5,,2024-04-17 20:11
100258,10025801,25,2022,66,3,1,422,2014m4,3,141,1,3,10,1,150,2,3,5,,2024-04-17 20:11
100258,10025802,25,2022,91,2,,,,,,,3,10,2,,,,5,,2024-04-17 20:11
100259,10025901,25,2022,76,2,,,,,,,3,10,2,,,,5,,2024-04-17 20:11
100259,10025903,25,2022,24,5,1,551,2021m3,1,432,1,1,10,1,270,1,2,4,,2024-04-17 20:11
100259,10025904,25,2022,21,4,,,,,,,1,10,2,,,,4,,2024-04-17 20:11
100260,10026001,25,2022,73,2,,,,,,,2,10,1,,,,4,,2024-04-17 20:11
100260,10026002,25,2022,64,2,1,871,2021m6,1,421,1,2,10,2,200,1,2,4,,2024-04-17 20:11
110009,10026003,25,2022,43,6,1,721,2008m12,1,231,1,2,10,1,390,1,2,4,,2024-04-17 20:11
100261,10026101,25,2022,54,5,1,259,2002m8,1,899,1,2,10,1,290,1,3,4,,2024-04-17 20:11
100261,10026102,25,2022,43,3,1,303,2022m3,1,930,1,2,10,2,173,2,3,4,,2024-04-17 20:11
110406,10026104,25,2022,25,5,1,759,2021m8,1,531,1,1,2,2,240,1,2,4,,2024-04-17 20:11
100262,10026201,25,2022,75,2,2,11,2006m1,4,611,2,2,10,1,,,3,3,,2024-04-17 20:11
100262,10026202,25,2022,69,2,3,11,2009m6,5,611,2,2,10,2,,,3,3,,2024-04-17 20:11
100263,10026301,25,2022,55,6,2,104,1999m7,4,819,2,2,10,1,400,,3,4,,2024-04-17 20:11
100263,10026302,25,2022,56,3,3,106,1999m7,5,819,2,2,10,2,,,3,4,,2024-04-17 20:11
110302,10026303,25,2022,29,5,1,222,2017m4,1,899,1,2,10,1,280,1,4,4,,2024-04-17 20:11
110407,10026304,25,2022,27,6,1,620,2021m10,1,224,1,1,1,1,350,1,3,5,,2024-04-17 20:11
100263,10026305,25,2022,20,4,,,,,,,1,10,2,,,,4,,2024-04-17 20:11
110303,10026306,25,2022,78,2,,,,,,,2,10,1,,,,5,,2024-04-17 20:11
110303,10026307,25,2022,75,2,,,,,,,2,10,2,,,,5,,2024-04-17 20:11
100263,10026308,25,2022,97,1,,,,,,,3,10,2,,,,4,,2024-04-17 20:11
100265,10026501,25,2022,90,6,,,,,,,2,9,1,,,,3,,2024-04-17 20:11
100265,10026502,25,2022,83,3,,,,,,,2,9,2,,,,4,,2024-04-17 20:11
100266,10026602,25,2022,89,1,,,,,,,3,9,2,,,,4,,2024-04-17 20:11
100266,10026603,25,2022,60,3,1,463,2002m4,2,875,1,3,9,1,200,2,2,4,,2024-04-17 20:11
100269,10026901,25,2022,66,3,2,181,2003m2,4,892,2,2,8,1,300,,3,5,,2024-04-17 20:11
100269,10026902,25,2022,62,2,,,,,,,2,8,2,,,,4,,2024-04-17 20:11
110357,10026904,25,2022,37,5,2,855,2021m3,4,254,2,2,8,2,200,,3,5,,2024-04-17 20:11
100270,10027002,25,2022,41,3,,,,,,,2,8,2,,,,4,,2024-04-17 20:11
100271,10027102,25,2022,84,2,,,,,,,3,8,2,,,,4,,2024-04-17 20:11
100271,10027103,25,2022,59,3,,,,,,,2,8,1,,,,5,,2024-04-17 20:11
100271,10027104,25,2022,52,3,1,339,2018m1,1,930,1,2,8,2,190,1,3,4,,2024-04-17 20:11
100271,10027105,25,2022,24,4,,,,,,,1,8,1,,,,4,,2024-04-17 20:11
100271,10027106,25,2022,21,4,,,,,,,1,8,1,,,,4,,2024-04-17 20:11
110053,10027107,25,2022,60,2,1,461,2022m6,2,874,1,1,8,1,160,2,3,6,,2024-04-17 20:11
100276,10027602,25,2022,48,3,1,521,2012m11,1,312,1,2,8,2,220,1,3,5,,2024-04-17 20:11
100276,10027603,25,2022,26,5,2,911,2022m10,4,286,2,1,8,1,100,,3,5,,2024-04-17 20:11
100277,10027701,25,2022,60,6,,,,,,,1,8,2,,,,5,,2024-04-17 20:11
100279,10027901,25,2022,51,6,2,493,2021m6,4,873,2,2,11,1,400,,3,4,,2024-04-17 20:11
100279,10027902,25,2022,41,6,,,,,,,2,11,2,,,,4,,2024-04-17 20:11
100279,10027903,25,2022,20,3,,,,,,,1,11,1,,,,4,,2024-04-17 20:11
100279,10027904,25,2022,19,4,,,,,,,1,11,2,,,,4,,2024-04-17 20:11
100281,10028101,25,2022,53,6,1,852,2001m9,1,252,1,2,8,1,450,1,3,4,,2024-04-17 20:11
100282,10028201,25,2022,92,2,,,,,,,2,8,1,,,,6,,2024-04-17 20:11
100282,10028202,25,2022,83,2,,,,,,,2,8,2,,,,6,,2024-04-17 20:11
100285,10028501,25,2022,61,3,,,,,,,2,8,1,,,,4,,2024-04-17 20:11
100285,10028502,25,2022,57,3,1,861,2020m9,1,246,1,2,8,2,255,2,2,4,,2024-04-17 20:11
100285,10028503,25,2022,28,4,1,521,2018m2,1,312,1,1,8,1,380,2,3,4,,2024-04-17 20:11
100285,10028504,25,2022,23,6,,,,,,,1,8,2,,,,3,,2024-04-17 20:11
100286,10028601,25,2022,50,3,1,222,2020m7,1,853,1,2,8,1,245,1,4,4,,2024-04-17 20:11
100286,10028602,25,2022,53,4,,,,,,,2,8,2,,,,4,,2024-04-17 20:11
100287,10028701,25,2022,61,3,2,11,1979m3,4,611,2,2,8,1,200,,3,5,,2024-04-17 20:11
100287,10028702,25,2022,55,2,3,11,1982m10,5,611,2,2,8,2,,,3,5,,2024-04-17 20:11
100287,10028706,25,2022,23,4,,,,,,,1,8,1,,,,5,,2024-04-17 20:11
100288,10028801,25,2022,72,3,2,11,2000m3,4,611,2,2,15,1,90,,3,4,,2024-04-17 20:11
100288,10028802,25,2022,69,2,1,179,2012m2,1,899,1,2,15,2,160,1,3,4,,2024-04-17 20:11
100288,10028804,25,2022,42,6,1,241,2022m1,1,853,1,2,15,1,380,1,3,4,,2024-04-17 20:11
100288,10028805,25,2022,28,2,,,,,,,2,15,2,,,,3,,2024-04-17 20:11
100289,10028901,25,2022,79,2,,,,,,,2,15,1,,,,5,,2024-04-17 20:11
100289,10028902,25,2022,77,2,,,,,,,2,15,2,,,,5,,2024-04-17 20:11
100291,10029101,25,2022,63,5,1,285,2020m11,1,224,1,2,15,1,185,1,3,5,,2024-04-17 20:11
100291,10029102,25,2022,58,3,1,292,2021m5,1,854,1,2,15,2,120,1,3,5,,2024-04-17 20:11
110205,10029103,25,2022,33,6,1,551,2017m9,1,392,1,1,15,1,285,1,3,4,,2024-04-17 20:11
110144,10029104,25,2022,31,5,,,,,,,2,8,2,,,,4,,2024-04-17 20:11
100292,10029201,25,2022,43,5,1,492,2020m9,1,873,1,2,15,1,360,1,3,4,,2024-04-17 20:11
100292,10029202,25,2022,43,3,2,662,2016m1,4,510,2,2,15,2,100,,3,4,,2024-04-17 20:11
100292,10029203,25,2022,15,2,,,,,,,1,15,2,,,,4,,2024-04-17 20:11
100294,10029401,25,2022,66,2,2,11,2021m6,4,611,2,2,15,1,15,,3,5,,2024-04-17 20:11
100294,10029402,25,2022,61,2,1,14,2022m1,2,710,1,2,15,2,170,2,3,5,,2024-04-17 20:11
110145,10029403,25,2022,40,5,1,463,2021m1,1,953,1,2,15,1,254,1,3,5,,2024-04-17 20:11
110173,10029404,25,2022,38,5,,,,,,,2,2,2,,,,4,,2024-04-17 20:11
100295,10029502,25,2022,81,2,,,,,,,3,15,2,,,,6,,2024-04-17 20:11
100297,10029701,25,2022,86,6,,,,,,,2,15,1,,,,4,,2024-04-17 20:11
100297,10029702,25,2022,83,2,,,,,,,2,15,2,,,,3,,2024-04-17 20:11
100299,10029901,25,2022,79,2,1,872,2021m2,2,,1,3,15,2,27,2,2,6,,2024-04-17 20:11
100300,10030001,25,2022,48,3,2,493,2006m1,4,875,2,2,15,1,400,,3,5,,2024-04-17 20:11
100300,10030002,25,2022,49,3,1,872,2022m2,2,873,1,2,15,2,60,2,2,5,,2024-04-17 20:11
100300,10030003,25,2022,20,4,,,,,,,1,15,2,,,,5,,2024-04-17 20:11
100300,10030004,25,2022,17,2,,,,,,,1,15,2,,,,5,,2024-04-17 20:11
100300,10030005,25,2022,15,2,,,,,,,1,15,1,,,,5,,2024-04-17 20:11
100301,10030101,25,2022,51,3,1,467,2002m8,1,875,1,2,2,1,600,2,3,4,,2024-04-17 20:11
100301,10030102,25,2022,50,3,,,,,,,2,2,2,,,,4,,2024-04-17 20:11
100301,10030103,25,2022,26,6,,,,,,,1,2,1,,,,4,,2024-04-17 20:11
100301,10030104,25,2022,24,6,,,,,,,1,2,2,,,,4,,2024-04-17 20:11
100302,10030202,25,2022,74,2,,,,,,,3,15,2,,,,5,,2024-04-17 20:11
100303,10030301,25,2022,91,1,,,,,,,3,15,2,,,,4,,2024-04-17 20:11
100304,10030402,25,2022,85,2,,,,,,,3,15,2,,,,5,,2024-04-17 20:11
100305,10030501,25,2022,62,2,3,11,2021m1,5,611,2,2,15,1,,,2,4,,2024-04-17 20:11
100305,10030502,25,2022,62,2,2,11,1985m1,4,611,2,2,15,2,160,,3,4,,2024-04-17 20:11
100305,10030503,25,2022,25,5,1,721,2022m4,1,231,1,1,15,1,250,1,2,4,,2024-04-17 20:11
100305,10030504,25,2022,18,2,,,,,,,1,15,2,,,,4,,2024-04-17 20:11
100306,10030601,25,2022,63,3,,,,,,,3,14,2,,,,5,,2024-04-17 20:11
100306,10030602,25,2022,36,6,1,855,2021m11,2,254,1,1,14,1,200,2,3,5,,2024-04-17 20:11
110304,10030603,25,2022,35,5,1,262,2021m7,1,863,1,1,14,2,166,1,3,5,,2024-04-17 20:11
100307,10030701,25,2022,43,5,1,241,2005m3,1,841,1,2,14,1,400,1,3,4,,2024-04-17 20:11
100307,10030702,25,2022,39,3,1,712,2018m7,1,313,1,2,14,2,300,1,2,4,,2024-04-17 20:11
100307,10030703,25,2022,15,2,,,,,,,1,14,2,,,,4,,2024-04-17 20:11
100308,10030802,25,2022,51,3,1,472,2011m7,2,710,1,3,14,2,100,2,4,5,,2024-04-17 20:11
100309,10030902,25,2022,68,3,,,,,,,3,14,1,,,,6,,2024-04-17 20:11
100310,10031002,25,2022,77,1,,,,,,,3,13,2,,,,5,,2024-04-17 20:11
100311,10031101,25,2022,79,3,,,,,,,3,14,2,,,,6,,2024-04-17 20:11
100312,10031201,25,2022,87,1,,,,,,,3,14,2,,,,6,,2024-04-17 20:11
100314,10031401,25,2022,62,2,1,852,2022m3,1,942,1,2,8,1,140,2,3,4,,2024-04-17 20:11
100314,10031402,25,2022,59,3,,,,,,,2,8,2,,,,4,,2024-04-17 20:11
100314,10031403,25,2022,33,6,,,,,,,1,8,1,,,,5,,2024-04-17 20:11
110408,10031404,25,2022,31,6,1,204,2020m1,1,285,1,2,8,2,430,1,3,5,,2024-04-17 20:11
100315,10031501,25,2022,53,6,1,912,2021m9,3,442,1,1,8,1,50,2,4,6,,2024-04-17 20:11
100316,10031601,25,2022,49,3,,,,,,,1,15,1,,,,6,,2024-04-17 20:11
100316,10031602,25,2022,79,1,,,,,,,3,15,2,,,,5,,2024-04-17 20:11
100317,10031701,25,2022,50,2,1,251,2005m8,3,783,1,1,8,1,160,2,2,4,,2024-04-17 20:11
100318,10031801,25,2022,59,6,2,855,2010m10,4,254,2,2,7,1,300,,3,4,,2024-04-17 20:11
100318,10031802,25,2022,55,6,3,855,2010m1,5,254,2,2,7,2,,,3,4,,2024-04-17 20:11
100318,10031803,25,2022,28,6,1,303,2022m3,1,312,1,1,7,1,310,1,2,3,,2024-04-17 20:11
100318,10031804,25,2022,27,6,1,303,2022m3,1,312,1,1,7,1,260,1,3,3,,2024-04-17 20:11
100318,10031805,25,2022,17,2,,,,,,,1,7,1,,,,3,,2024-04-17 20:11
100319,10031902,25,2022,68,2,2,11,1984m3,4,611,2,3,13,2,250,,3,4,,2024-04-17 20:11
110174,10031903,25,2022,30,6,1,861,2018m5,1,243,1,1,6,2,250,1,2,4,,2024-04-17 20:11
100320,10032002,25,2022,89,1,,,,,,,3,13,2,,,,5,,2024-04-17 20:11
100321,10032101,25,2022,73,2,1,11,1997m3,3,991,1,2,13,1,80,2,3,6,,2024-04-17 20:11
100321,10032102,25,2022,78,1,,,,,,,2,13,2,,,,6,,2024-04-17 20:11
100321,10032103,25,2022,39,3,1,11,,3,611,1,1,13,1,75,2,3,6,,2024-04-17 20:11
100324,10032401,25,2022,78,1,2,11,1969m3,4,611,2,2,13,1,40,,3,5,,2024-04-17 20:11
100324,10032402,25,2022,75,2,3,11,1969m1,5,611,2,2,13,2,,,3,5,,2024-04-17 20:11
100325,10032501,25,2022,39,6,1,303,2017m10,1,312,1,2,8,1,600,1,2,5,,2024-04-17 20:11
100325,10032502,25,2022,38,6,,,,,,,2,8,2,,,,5,,2024-04-17 20:11
100327,10032701,25,2022,85,2,2,11,2014m5,4,611,2,3,13,1,35,,3,4,,2024-04-17 20:11
100328,10032801,25,2022,86,1,,,,,,,3,13,2,,,,4,,2024-04-17 20:11
100330,10033001,25,2022,72,2,,,,,,,2,13,1,,,,4,,2024-04-17 20:11
100330,10033002,25,2022,68,2,2,11,2016m5,4,611,2,2,13,2,80,,3,4,,2024-04-17 20:11
100331,10033101,25,2022,61,2,1,32,2015m9,3,991,1,3,13,2,180,2,2,5,,2024-04-17 20:11
100332,10033201,25,2022,81,2,,,,,,,2,13,1,,,,5,,2024-04-17 20:11
100332,10033202,25,2022,80,2,,,,,,,2,13,2,,,,5,,2024-04-17 20:11
100333,10033301,25,2022,75,3,,,,,,,2,13,1,,,,5,,2024-04-17 20:11
100333,10033302,25,2022,70,2,2,11,1975m3,4,611,2,2,13,2,50,,3,5,,2024-04-17 20:11
100334,10033401,25,2022,61,3,2,32,1984m7,4,630,2,2,13,1,600,,2,4,,2024-04-17 20:11
100334,10033402,25,2022,56,3,3,32,1987m11,5,630,2,2,13,2,,,2,4,,2024-04-17 20:11
110102,10033403,25,2022,34,6,,,,,,,2,8,2,,,,4,,2024-04-17 20:11
110175,10033404,25,2022,31,5,1,259,2014m4,1,743,1,1,15,1,370,1,3,4,,2024-04-17 20:11
100335,10033502,25,2022,80,2,,,,,,,3,13,2,,,,5,,2024-04-17 20:11
100336,10033601,25,2022,62,2,2,32,1981m3,4,630,2,2,13,1,400,,3,5,,2024-04-17 20:11
100336,10033602,25,2022,55,2,3,32,1981m3,5,630,2,2,13,2,,,3,5,,2024-04-17 20:11
100337,10033701,25,2022,69,2,2,32,1994m9,4,630,2,2,13,1,400,,3,4,,2024-04-17 20:11
100337,10033702,25,2022,67,2,3,32,1994m5,5,630,2,2,13,2,,,2,4,,2024-04-17 20:11
100337,10033703,25,2022,38,3,3,32,2016m5,5,630,2,1,13,1,,,2,4,,2024-04-17 20:11
100337,10033704,25,2022,40,3,3,32,2009m5,5,630,2,1,13,1,,,2,4,,2024-04-17 20:11
100338,10033801,25,2022,94,2,,,,,,,3,2,2,,,,6,,2024-04-17 20:11
100339,10033901,25,2022,76,1,,,,,,,3,12,2,,,,5,,2024-04-17 20:11
100340,10034001,25,2022,85,2,2,11,1960m3,4,611,2,2,12,1,50,,3,4,,2024-04-17 20:11
100340,10034002,25,2022,80,2,3,11,2009m10,5,611,2,2,12,2,,,3,5,,2024-04-17 20:11
100341,10034101,25,2022,88,1,2,11,2012m2,4,611,2,3,12,2,40,,3,4,,2024-04-17 20:11
100342,10034201,25,2022,62,3,2,11,1978m4,4,611,2,2,12,1,833,,3,4,,2024-04-17 20:11
100342,10034202,25,2022,59,2,3,11,1983m11,5,611,2,2,12,2,,,3,4,,2024-04-17 20:11
110269,10034203,25,2022,34,6,1,281,2019m8,1,234,1,1,12,1,270,1,2,4,,2024-04-17 20:11
110377,10034204,25,2022,33,6,1,107,2020m9,2,710,1,1,12,1,200,2,3,4,,2024-04-17 20:11
110237,10034205,25,2022,29,6,1,204,2016m9,1,312,1,1,12,1,433,1,2,4,,2024-04-17 20:11
100342,10034206,25,2022,22,4,,,,,,,1,12,2,,,,3,,2024-04-17 20:11
100344,10034402,25,2022,72,2,1,11,2014m5,3,991,1,3,12,2,60,2,3,4,,2024-04-17 20:11
100346,10034602,25,2022,84,1,2,11,1959m3,5,611,2,3,12,2,,,3,4,,2024-04-17 20:11
100347,10034701,25,2022,79,2,2,11,1964m3,4,611,2,2,12,1,100,,3,4,,2024-04-17 20:11
100347,10034702,25,2022,74,2,3,11,1971m9,5,611,2,2,12,2,,,3,4,,2024-04-17 20:11
100348,10034801,25,2022,87,2,,,,,,,2,16,1,,,,4,,2024-04-17 20:11
100348,10034802,25,2022,83,2,,,,,,,2,16,2,,,,3,,2024-04-17 20:11
100349,10034901,25,2022,58,3,1,421,2012m7,3,782,1,2,16,1,170,2,4,2,,2024-04-17 20:11
100349,10034902,25,2022,54,3,3,11,1993m10,5,611,2,2,16,2,,,4,4,,2024-04-17 20:11
100349,10034903,25,2022,27,5,,,,,,,1,16,1,,,,3,,2024-04-17 20:11
100349,10034904,25,2022,26,3,,,,,,,1,16,1,,,,3,,2024-04-17 20:11
100349,10034906,25,2022,19,4,,,,,,,1,16,2,,,,4,,2024-04-17 20:11
100352,10035201,25,2022,58,3,1,842,2008m5,2,620,1,2,16,1,210,2,3,4,,2024-04-17 20:11
100352,10035202,25,2022,55,5,2,141,2018m12,4,721,2,2,16,2,60,,3,3,,2024-04-17 20:11
100352,10035203,25,2022,24,4,,,,,,,1,16,2,,,,4,,2024-04-17 20:11
100352,10035204,25,2022,22,4,,,,,,,1,16,1,,,,2,,2024-04-17 20:11
100354,10035401,25,2022,47,6,2,721,2015m7,4,235,2,2,2,1,300,,2,4,,2024-04-17 20:11
100354,10035402,25,2022,47,6,,,,,,,2,2,2,,,,4,,2024-04-17 20:11
100356,10035601,25,2022,43,6,1,751,2021m6,1,510,1,3,8,1,390,1,3,4,,2024-04-17 20:11
100357,10035701,25,2022,91,1,,,,,,,3,16,2,,,,5,,2024-04-17 20:11
100360,10036001,25,2022,77,2,1,841,2017m3,3,941,1,3,11,2,27,2,3,5,,2024-04-17 20:11
100360,10036002,25,2022,48,2,1,492,2019m7,2,873,1,1,11,1,200,2,3,5,,2024-04-17 20:11
100364,10036401,25,2022,80,2,,,,,,,2,11,1,,,,3,,2024-04-17 20:11
100364,10036402,25,2022,74,2,,,,,,,2,11,2,,,,3,,2024-04-17 20:11
100365,10036501,25,2022,72,2,2,11,1983m5,4,611,2,2,11,1,100,,2,3,,2024-04-17 20:11
100365,10036502,25,2022,68,3,3,11,1983m5,5,611,2,2,11,2,,,3,3,,2024-04-17 20:11
100366,10036602,25,2022,75,1,2,107,2013m9,4,710,2,3,11,2,230,,3,5,,2024-04-17 20:11
100366,10036603,25,2022,49,3,2,107,,4,930,2,2,11,1,,,3,5,,2024-04-17 20:11
100366,10036604,25,2022,40,3,3,107,2021m9,5,930,2,2,11,2,,,3,5,,2024-04-17 20:11
100367,10036701,25,2022,83,1,,,,,,,3,11,2,,,,5,,2024-04-17 20:11
100368,10036801,25,2022,93,1,,,,,,,3,4,2,,,,5,,2024-04-17 20:11
100370,10037001,25,2022,76,1,,,,,,,3,11,2,,,,4,,2024-04-17 20:11
100371,10037101,25,2022,88,1,,,,,,,3,11,2,,,,6,,2024-04-17 20:11
100373,10037302,25,2022,56,2,,,,,,,3,11,2,,,,5,,2024-04-17 20:11
100373,10037303,25,2022,38,3,1,952,2018m12,1,751,1,1,11,1,195,1,2,5,,2024-04-17 20:11
100374,10037401,25,2022,66,2,2,474,1993m10,4,521,2,2,11,2,300,,2,3,,2024-04-17 20:11
100375,10037501,25,2022,86,2,2,11,2020m6,4,611,2,2,11,1,10,,3,4,,2024-04-17 20:11
100375,10037502,25,2022,81,2,,,,,,,2,11,2,,,,5,,2024-04-17 20:11
100376,10037602,25,2022,83,2,,,,,,,3,11,2,,,,5,,2024-04-17 20:11
100379,10037901,25,2022,67,2,,,,,,,2,11,1,,,,6,,2024-04-17 20:11
100379,10037902,25,2022,67,2,1,561,2017m3,3,952,1,2,11,2,100,2,3,5,,2024-04-17 20:11
100380,10038001,25,2022,75,2,2,11,2017m3,4,611,2,2,8,1,100,,3,6,,2024-04-17 20:11
100380,10038004,25,2022,64,2,,,,,,,2,8,2,,,,6,,2024-04-17 20:11
110409,10038103,25,2022,22,3,,,,,,,2,11,2,,,,5,,2024-04-17 20:11
100381,10038104,25,2022,18,2,,,,,,,1,11,1,,,,4,,2024-04-17 20:11
100381,10038105,25,2022,77,2,2,11,2020m5,4,611,2,3,11,2,17,,3,5,,2024-04-17 20:11
100382,10038201,25,2022,66,2,1,292,2022m1,1,811,1,2,11,1,320,1,2,4,,2024-04-17 20:11
100382,10038202,25,2022,60,3,,,,,,,2,11,2,,,,4,,2024-04-17 20:11
110270,10038204,25,2022,32,6,,,,,,,2,10,2,,,,4,,2024-04-17 20:11
100383,10038301,25,2022,52,3,1,521,2020m8,1,874,1,2,11,1,523,1,3,4,,2024-04-17 20:11
100383,10038302,25,2022,48,3,1,862,2014m12,1,246,1,2,11,2,228,1,3,4,,2024-04-17 20:11
100383,10038303,25,2022,23,5,,,,,,,1,11,1,,,,4,,2024-04-17 20:11
100383,10038305,25,2022,16,2,,,,,,,1,11,1,,,,3,,2024-04-17 20:11
100384,10038401,25,2022,87,3,,,,,,,2,11,1,,,,5,,2024-04-17 20:11
100384,10038402,25,2022,81,2,,,,,,,2,11,2,,,,4,,2024-04-17 20:11
100386,10038601,25,2022,70,2,,,,,,,2,8,1,,,,4,,2024-04-17 20:11
100386,10038602,25,2022,62,2,,,,,,,2,8,2,,,,5,,2024-04-17 20:11
110222,10038603,25,2022,41,3,1,701,2013m1,1,312,1,3,8,1,230,1,3,4,,2024-04-17 20:11
110011,10038604,25,2022,39,4,,,,,,,2,8,2,,,,5,,2024-04-17 20:11
100387,10038701,25,2022,82,2,1,872,2011m6,2,941,1,2,9,1,27,2,2,4,,2024-04-17 20:11
100387,10038702,25,2022,80,2,1,872,2019m3,2,941,1,2,9,2,27,2,2,5,,2024-04-17 20:11
100390,10039001,25,2022,81,2,,,,,,,3,10,1,,,,6,,2024-04-17 20:11
110336,10039002,25,2022,54,2,,,,,,,1,10,1,,,,6,,2024-04-17 20:11
100391,10039101,25,2022,84,2,,,,,,,2,10,1,,,,6,,2024-04-17 20:11
100391,10039102,25,2022,79,2,,,,,,,2,10,2,,,,6,,2024-04-17 20:11
100392,10039202,25,2022,74,2,1,231,2013m1,2,941,1,3,10,2,70,2,3,5,,2024-04-17 20:11
100393,10039301,25,2022,95,1,,,,,,,3,10,2,,,,5,,2024-04-17 20:11
100394,10039401,25,2022,61,2,,,,,,,3,10,2,,,,6,,2024-04-17 20:11
110176,10039402,25,2022,38,3,1,871,2017m8,1,247,1,1,10,1,240,2,2,4,,2024-04-17 20:11
110410,10039403,25,2022,25,6,1,853,2021m6,1,312,1,1,1,2,191,2,3,4,,2024-04-17 20:11
100395,10039501,25,2022,65,2,,,,,,,2,8,1,,,,4,,2024-04-17 20:11
100395,10039502,25,2022,60,2,,,,,,,2,8,2,,,,4,,2024-04-17 20:11
100395,10039504,25,2022,31,5,2,467,2021m12,4,521,2,2,8,2,300,,3,4,,2024-04-17 20:11
100397,10039701,25,2022,74,1,,,,,,,2,8,1,,,,6,,2024-04-17 20:11
100397,10039702,25,2022,76,2,,,,,,,2,8,2,,,,6,,2024-04-17 20:11
100400,10040001,25,2022,53,2,1,949,2021m1,1,873,1,2,11,1,285,2,2,4,,2024-04-17 20:11
100400,10040002,25,2022,42,3,,,,,,,2,11,2,,,,4,,2024-04-17 20:11
100401,10040101,25,2022,83,2,1,841,2020m6,2,941,1,3,8,2,27,2,2,6,,2024-04-17 20:11
100403,10040301,25,2022,48,6,1,844,1998m6,1,411,1,2,8,1,650,1,2,3,,2024-04-17 20:11
100403,10040302,25,2022,48,5,1,862,2014m4,1,243,1,2,8,2,260,1,2,3,,2024-04-17 20:11
100403,10040303,25,2022,19,4,,,,,,,1,8,2,,,,3,,2024-04-17 20:11
100403,10040304,25,2022,17,2,,,,,,,1,8,1,,,,3,,2024-04-17 20:11
100404,10040401,25,2022,58,3,1,871,2022m5,1,421,1,2,8,2,200,1,3,5,,2024-04-17 20:11
100404,10040402,25,2022,60,5,1,410,2013m4,3,782,1,2,8,1,400,2,3,5,,2024-04-17 20:11
110239,10040403,25,2022,33,5,1,856,2022m3,2,254,1,2,1,2,80,2,3,5,,2024-04-17 20:11
110147,10040404,25,2022,31,4,,,,,,,2,8,2,,,,5,,2024-04-17 20:11
100404,10040405,25,2022,26,4,1,856,2020m3,2,286,1,1,8,2,250,2,2,5,,2024-04-17 20:11
100405,10040501,25,2022,55,3,1,303,2022m5,1,873,1,3,10,1,240,1,3,4,,2024-04-17 20:11
110337,10040502,25,2022,29,6,1,320,2019m2,1,285,1,2,8,1,250,1,3,6,,2024-04-17 20:11
110358,10040503,25,2022,27,5,2,961,2020m8,4,422,2,1,1,1,400,,2,4,,2024-04-17 20:11
100408,10040801,25,2022,80,3,,,,,,,2,8,1,,,,4,,2024-04-17 20:11
100409,10040901,25,2022,57,5,1,423,2021m1,3,762,1,3,15,1,120,2,2,5,,2024-04-17 20:11
110344,10040902,25,2022,54,2,1,561,2019m1,2,441,1,3,15,2,150,2,3,6,,2024-04-17 20:11
110344,10040903,25,2022,23,4,,,,,,,1,15,1,,,,6,,2024-04-17 20:11
110344,10040904,25,2022,17,2,,,,,,,1,15,2,,,,5,,2024-04-17 20:11
100410,10041001,25,2022,58,2,1,411,2009m10,3,910,1,2,15,1,192,2,3,4,,2024-04-17 20:11
100410,10041002,25,2022,55,2,,,,,,,2,15,2,,,,4,,2024-04-17 20:11
110148,10041003,25,2022,29,3,,,,,,,2,15,2,,,,5,,2024-04-17 20:11
110359,10041004,25,2022,26,3,1,561,2022m4,2,441,1,1,15,1,146,2,2,5,,2024-04-17 20:11
100411,10041101,25,2022,77,1,,,,,,,3,15,2,,,,5,,2024-04-17 20:11
100411,10041103,25,2022,48,3,1,492,2009m7,1,521,1,1,15,1,190,1,3,4,,2024-04-17 20:11
100412,10041201,25,2022,78,1,,,,,,,3,15,2,,,,4,,2024-04-17 20:11
100412,10041202,25,2022,49,3,1,303,2006m2,1,851,1,1,15,1,200,1,3,4,,2024-04-17 20:11
100413,10041301,25,2022,67,2,,,,,,,2,15,2,,,,5,,2024-04-17 20:11
100413,10041302,25,2022,67,2,1,842,1999m6,3,620,1,2,15,1,180,2,3,4,,2024-04-17 20:11
100414,10041401,25,2022,84,1,,,,,,,2,15,1,,,,4,,2024-04-17 20:11
100414,10041402,25,2022,75,1,,,,,,,2,15,2,,,,4,,2024-04-17 20:11
100414,10041403,25,2022,57,5,1,841,1995m5,1,311,1,2,15,1,460,1,2,4,,2024-04-17 20:11
100414,10041404,25,2022,54,3,1,474,2012m5,1,521,1,2,15,2,220,1,2,4,,2024-04-17 20:11
100418,10041801,25,2022,95,2,,,,,,,3,14,2,,,,6,,2024-04-17 20:11
100419,10041901,25,2022,70,2,,,,,,,2,14,1,,,,5,,2024-04-17 20:11
100419,10041902,25,2022,67,2,1,861,2021m6,3,421,1,2,14,2,150,2,2,5,,2024-04-17 20:11
100420,10042002,25,2022,76,3,1,861,2018m6,3,421,1,3,14,2,100,2,3,5,,2024-04-17 20:11
100421,10042101,25,2022,94,1,,,,,,,3,6,2,,,,5,,2024-04-17 20:11
100422,10042201,25,2022,90,2,,,,,,,1,6,2,,,,5,,2024-04-17 20:11
100423,10042301,25,2022,89,2,,,,,,,2,6,1,,,,5,,2024-04-17 20:11
100423,10042302,25,2022,90,1,,,,,,,2,6,2,,,,5,,2024-04-17 20:11
100426,10042601,25,2022,78,2,,,,,,,2,6,1,,,,4,,2024-04-17 20:11
100426,10042602,25,2022,76,2,3,472,2018m3,5,521,2,2,6,2,,,3,4,,2024-04-17 20:11
100427,10042701,25,2022,64,3,1,222,2000m5,1,832,1,2,3,1,200,1,3,3,,2024-04-17 20:11
100427,10042702,25,2022,62,3,1,970,2015m3,2,951,1,2,3,2,100,2,2,3,,2024-04-17 20:11
110108,10042703,25,2022,38,5,1,651,2010m1,1,399,1,2,3,2,370,1,2,3,,2024-04-17 20:11
100429,10042902,25,2022,34,5,1,292,2018m2,1,854,1,1,14,1,220,1,3,5,,2024-04-17 20:11
100431,10043101,25,2022,54,3,2,493,1994m5,4,875,2,2,4,1,650,,2,4,,2024-04-17 20:11
100431,10043102,25,2022,48,3,,,,,,,2,4,2,,,,4,,2024-04-17 20:11
100431,10043103,25,2022,26,4,,,,,,,1,4,1,,,,4,,2024-04-17 20:11
100431,10043104,25,2022,25,4,1,561,2022m3,2,521,1,1,4,1,180,2,2,3,,2024-04-17 20:11
100433,10043301,25,2022,49,3,2,961,2002m5,4,422,2,3,15,1,800,,2,4,,2024-04-17 20:11
100433,10043303,25,2022,22,4,,,,,,,1,15,1,,,,4,,2024-04-17 20:11
100433,10043304,25,2022,19,4,,,,,,,1,15,1,,,,4,,2024-04-17 20:11
100433,10043305,25,2022,16,2,,,,,,,1,15,2,,,,4,,2024-04-17 20:11
100435,10043501,25,2022,81,2,,,,,,,2,4,1,,,,4,,2024-04-17 20:11
100435,10043502,25,2022,79,2,,,,,,,2,4,2,,,,4,,2024-04-17 20:11
110012,10043503,25,2022,55,6,1,852,2005m3,1,252,1,2,4,1,450,1,2,3,,2024-04-17 20:11
110012,10043504,25,2022,55,6,1,852,2007m3,1,252,1,2,4,2,380,1,2,3,,2024-04-17 20:11
110012,10043505,25,2022,25,4,,,,,,,1,4,1,,,,3,,2024-04-17 20:11
110012,10043506,25,2022,22,4,,,,,,,1,4,2,,,,3,,2024-04-17 20:11
100436,10043601,25,2022,57,2,1,411,2017m1,3,782,1,2,4,1,360,2,3,4,,2024-04-17 20:11
100436,10043602,25,2022,56,3,1,853,2022m3,1,941,1,2,4,2,220,1,2,4,,2024-04-17 20:11
100436,10043603,25,2022,31,5,1,262,2015m11,1,864,1,1,4,1,280,2,2,4,,2024-04-17 20:11
100436,10043604,25,2022,28,5,1,292,2017m11,1,753,1,1,4,1,260,1,3,4,,2024-04-17 20:11
100436,10043605,25,2022,22,4,,,,,,,1,4,1,,,,4,,2024-04-17 20:11
110164,10043802,25,2022,41,6,1,853,2013m11,1,312,1,1,4,1,258,1,2,5,,2024-04-17 20:11
100439,10043901,25,2022,40,5,1,,2019m4,1,,1,2,8,1,310,1,3,4,,2024-04-17 20:11
100440,10044001,25,2022,58,3,2,561,2021m5,4,442,2,2,4,2,350,,3,4,,2024-04-17 20:11
100440,10044002,25,2022,24,4,,,,,,,1,4,1,,,,4,,2024-04-17 20:11
100440,10044003,25,2022,59,3,1,424,2015m5,3,783,1,2,4,1,280,2,3,4,,2024-04-17 20:11
100441,10044101,25,2022,72,2,,,,,,,3,13,1,,,,6,,2024-04-17 20:11
100442,10044201,25,2022,63,3,1,292,2019m10,1,854,1,2,2,1,450,1,3,4,,2024-04-17 20:11
100442,10044202,25,2022,62,3,,,,,,,2,2,2,,,,3,,2024-04-17 20:11
110360,10044203,25,2022,29,6,,,,,,,1,1,2,,,,4,,2024-04-17 20:11
100443,10044301,25,2022,83,3,,,,,,,2,2,1,,,,5,,2024-04-17 20:11
100443,10044302,25,2022,74,3,,,,,,,2,2,2,,,,4,,2024-04-17 20:11
110013,10044303,25,2022,49,6,1,853,2008m5,1,251,1,2,2,1,750,1,2,4,,2024-04-17 20:11
110013,10044304,25,2022,44,6,,,,,,,2,2,2,,,,3,,2024-04-17 20:11
100444,10044403,25,2022,53,3,,,,,,,1,2,2,,,,6,,2024-04-17 20:11
100448,10044801,25,2022,81,2,,,,,,,2,2,1,,,,6,,2024-04-17 20:11
100448,10044802,25,2022,80,1,,,,,,,2,2,2,,,,6,,2024-04-17 20:11
100448,10044803,25,2022,51,6,1,421,2020m5,3,782,1,1,2,1,180,2,3,6,,2024-04-17 20:11
100449,10044901,25,2022,77,3,,,,,,,2,2,1,,,,6,,2024-04-17 20:11
100449,10044902,25,2022,78,3,,,,,,,2,2,2,,,,6,,2024-04-17 20:11
100449,10044903,25,2022,98,2,,,,,,,3,2,2,,,,5,,2024-04-17 20:11
100452,10045201,25,2022,53,6,1,715,2016m7,1,271,1,2,8,1,300,1,3,5,,2024-04-17 20:11
100452,10045202,25,2022,50,6,,,,,,,2,8,2,,,,4,,2024-04-17 20:11
100452,10045203,25,2022,20,4,,,,,,,1,8,1,,,,5,,2024-04-17 20:11
100452,10045204,25,2022,16,2,,,,,,,1,8,2,,,,4,,2024-04-17 20:11
100454,10045401,25,2022,58,3,2,476,2020m9,4,521,2,2,8,1,200,,4,5,,2024-04-17 20:11
100454,10045402,25,2022,53,5,3,476,2020m9,5,521,2,2,8,2,,,5,5,,2024-04-17 20:11
100454,10045403,25,2022,21,2,,,,,,,1,8,1,,,,5,,2024-04-17 20:11
100454,10045404,25,2022,18,2,,,,,,,1,8,1,,,,5,,2024-04-17 20:11
100454,10045405,25,2022,16,2,,,,,,,1,8,2,,,,5,,2024-04-17 20:11
100455,10045501,25,2022,51,3,2,423,2021m10,4,772,2,2,1,1,500,,2,4,,2024-04-17 20:11
100455,10045502,25,2022,48,3,1,411,2021m8,1,313,1,2,1,2,190,1,3,4,,2024-04-17 20:11
100455,10045503,25,2022,20,3,,,,,,,1,1,2,,,,5,,2024-04-17 20:11
100455,10045504,25,2022,18,3,,,,,,,1,1,1,,,,5,,2024-04-17 20:11
100456,10045601,25,2022,77,3,,,,,,,2,7,1,,,,4,,2024-04-17 20:11
100456,10045602,25,2022,76,2,,,,,,,2,7,2,,,,4,,2024-04-17 20:11
100458,10045801,25,2022,59,2,,,,,,,2,5,2,,,,5,,2024-04-17 20:11
100458,10045802,25,2022,62,3,1,259,2020m4,1,510,1,2,5,1,320,1,3,4,,2024-04-17 20:11
110411,10045803,25,2022,36,6,1,843,2008m3,1,980,1,2,11,1,360,1,2,3,,2024-04-17 20:11
110361,10045804,25,2022,34,4,2,733,2021m9,4,284,2,1,5,1,100,,3,6,,2024-04-17 20:11
100459,10045901,25,2022,61,5,1,529,2022m2,1,752,1,2,5,1,290,2,3,4,,2024-04-17 20:11
100459,10045902,25,2022,61,3,,,,,,,2,5,2,,,,5,,2024-04-17 20:11
100459,10045904,25,2022,83,2,,,,,,,3,5,2,,,,5,,2024-04-17 20:11
100462,10046202,25,2022,43,3,1,862,2021m10,1,246,1,3,10,2,200,2,3,6,,2024-04-17 20:11
100462,10046204,25,2022,17,2,,,,,,,1,10,1,,,,4,,2024-04-17 20:11
100462,10046205,25,2022,15,2,,,,,,,1,10,2,,,,4,,2024-04-17 20:11
100463,10046301,25,2022,51,3,1,221,2012m5,1,753,1,2,9,1,305,1,3,4,,2024-04-17 20:11
100463,10046302,25,2022,51,3,1,107,2010m1,1,312,1,2,9,2,305,1,3,5,,2024-04-17 20:11
100464,10046401,25,2022,57,3,2,471,2004m10,4,521,2,2,8,1,600,,2,4,,2024-04-17 20:11
100464,10046402,25,2022,52,3,3,471,2009m5,5,521,2,2,8,2,,,3,4,,2024-04-17 20:11
100464,10046403,25,2022,30,5,,,,,,,1,8,2,,,,4,,2024-04-17 20:11
100464,10046404,25,2022,27,5,1,479,2022m1,1,224,1,1,8,2,195,2,3,5,,2024-04-17 20:11
100465,10046501,25,2022,66,2,2,493,2000m11,4,921,2,2,9,1,300,,2,4,,2024-04-17 20:11
100465,10046502,25,2022,64,2,,,,,,,2,9,2,,,,4,,2024-04-17 20:11
100467,10046701,25,2022,58,3,2,426,1988m4,4,875,2,2,9,1,500,,2,4,,2024-04-17 20:11
100467,10046702,25,2022,53,3,1,855,2008m10,1,254,1,2,9,2,200,2,2,3,,2024-04-17 20:11
100468,10046801,25,2022,59,6,1,851,1986m8,1,252,1,2,8,1,480,1,2,3,,2024-04-17 20:11
100468,10046802,25,2022,55,6,1,474,2012m12,2,521,1,2,8,2,110,2,2,3,,2024-04-17 20:11
100468,10046803,25,2022,29,6,1,713,2020m6,1,283,1,1,8,2,300,1,2,3,,2024-04-17 20:11
100468,10046804,25,2022,27,5,1,582,2021m10,1,222,1,1,8,1,250,1,2,3,,2024-04-17 20:11
100470,10047004,25,2022,22,4,,,,,,,1,8,1,,,,5,,2024-04-17 20:11
100473,10047301,25,2022,45,3,1,422,2006m10,1,783,1,2,8,1,320,1,4,4,,2024-04-17 20:11
100473,10047302,25,2022,43,3,1,262,2015m6,1,864,1,2,8,2,230,1,2,5,,2024-04-17 20:11
100473,10047304,25,2022,19,3,1,562,2022m3,2,521,1,1,8,2,178,2,4,4,,2024-04-17 20:11
100474,10047401,25,2022,82,2,,,,,,,3,15,1,,,,5,,2024-04-17 20:11
100475,10047501,25,2022,54,3,1,411,1990m3,3,910,1,2,14,1,200,2,3,4,,2024-04-17 20:11
100475,10047502,25,2022,52,3,1,969,2009m8,1,510,1,2,14,2,150,2,3,4,,2024-04-17 20:11
100476,10047601,25,2022,79,2,,,,,,,2,14,1,,,,5,,2024-04-17 20:11
100476,10047602,25,2022,72,2,,,,,,,2,14,2,,,,5,,2024-04-17 20:11
110338,10047603,25,2022,52,3,1,471,2020m5,1,922,1,2,14,1,190,1,3,5,,2024-04-17 20:11
110338,10047604,25,2022,37,2,,,,,,,2,14,2,,,,5,,2024-04-17 20:11
100478,10047801,25,2022,84,2,2,11,1972m3,4,611,2,3,14,2,25,,3,5,,2024-04-17 20:11
100479,10047902,25,2022,71,2,1,561,2017m4,1,752,1,3,14,2,220,2,2,4,,2024-04-17 20:11
100479,10047903,25,2022,48,3,,,,,,,1,14,1,,,,5,,2024-04-17 20:11
100480,10048002,25,2022,48,3,1,761,2022m7,1,313,1,3,14,2,250,1,3,5,,2024-04-17 20:11
100480,10048003,25,2022,26,6,1,861,2021m8,1,243,1,1,14,2,300,1,3,4,,2024-04-17 20:11
100480,10048004,25,2022,24,6,1,861,2022m5,1,243,1,1,14,2,320,1,2,4,,2024-04-17 20:11
100481,10048101,25,2022,74,2,,,,,,,2,13,1,,,,4,,2024-04-17 20:11
100481,10048102,25,2022,69,2,,,,,,,2,13,2,,,,4,,2024-04-17 20:11
100482,10048201,25,2022,85,1,,,,,,,3,13,2,,,,5,,2024-04-17 20:11
100483,10048301,25,2022,62,2,,,,,,,1,13,1,,,,6,,2024-04-17 20:11
100484,10048401,25,2022,80,2,,,,,,,2,13,1,,,,4,,2024-04-17 20:11
100484,10048402,25,2022,78,2,,,,,,,2,13,2,,,,4,,2024-04-17 20:11
100486,10048601,25,2022,87,1,,,,,,,2,13,1,,,,4,,2024-04-17 20:11
100486,10048602,25,2022,85,1,,,,,,,2,13,2,,,,4,,2024-04-17 20:11
100487,10048701,25,2022,71,2,,,,,,,3,6,2,,,,5,,2024-04-17 20:11
100488,10048801,25,2022,76,1,2,11,1973m12,4,611,2,2,13,1,200,,3,4,,2024-04-17 20:11
100488,10048802,25,2022,65,1,3,11,1973m12,5,611,2,2,13,2,,,2,4,,2024-04-17 20:11
110109,10048804,25,2022,36,3,2,11,2018m3,4,611,2,2,13,1,250,,2,4,,2024-04-17 20:11
110109,10048805,25,2022,36,3,1,861,2019m4,1,246,1,2,13,2,280,1,3,4,,2024-04-17 20:11
110109,10048806,25,2022,17,2,,,,,,,1,13,2,,,,4,,2024-04-17 20:11
110109,10048807,25,2022,15,2,,,,,,,1,13,2,,,,4,,2024-04-17 20:11
100490,10049001,25,2022,60,2,1,31,2022m1,1,510,1,3,12,1,300,2,2,5,,2024-04-17 20:11
100490,10049002,25,2022,56,2,,,,,,,3,12,2,,,,4,,2024-04-17 20:11
110362,10049004,25,2022,27,3,,,,,,,2,12,1,,,,5,,2024-04-17 20:11
100491,10049101,25,2022,74,2,2,31,2013m3,4,630,2,2,12,1,100,,3,5,,2024-04-17 20:11
100491,10049102,25,2022,68,2,,,,,,,2,12,2,,,,4,,2024-04-17 20:11
100492,10049201,25,2022,69,2,1,751,2020m8,3,900,1,2,12,1,150,2,3,4,,2024-04-17 20:11
100492,10049202,25,2022,63,2,,,,,,,2,12,2,,,,4,,2024-04-17 20:11
110066,10049203,25,2022,41,5,,,,,,,2,12,2,,,,4,,2024-04-17 20:11
110127,10049204,25,2022,39,6,1,241,2022m4,1,842,1,2,12,1,330,1,3,4,,2024-04-17 20:11
100493,10049302,25,2022,80,1,1,841,2019m1,2,941,1,3,12,2,27,2,2,4,,2024-04-17 20:11
110054,10049303,25,2022,47,3,1,421,2022m2,1,792,1,2,12,1,300,2,3,5,,2024-04-17 20:11
110054,10049304,25,2022,48,3,,,,,,,2,12,2,,,,5,,2024-04-17 20:11
110054,10049305,25,2022,24,3,,,,,,,1,12,1,,,,4,,2024-04-17 20:11
110054,10049306,25,2022,19,3,1,303,2022m2,2,743,1,1,12,1,190,2,3,4,,2024-04-17 20:11
100494,10049401,25,2022,46,5,2,11,2017m1,4,611,2,2,16,1,300,,4,2,,2024-04-17 20:11
100494,10049402,25,2022,34,6,,,,,,,2,16,2,,,,4,,2024-04-17 20:11
100495,10049501,25,2022,83,2,,,,,,,2,16,1,,,,4,,2024-04-17 20:11
100495,10049502,25,2022,79,2,,,,,,,2,16,2,,,,4,,2024-04-17 20:11
110094,10049503,25,2022,50,3,1,952,2001m9,1,751,1,2,16,1,250,1,4,2,,2024-04-17 20:11
110094,10049504,25,2022,35,3,1,463,2012m10,1,930,1,2,16,2,200,1,3,3,,2024-04-17 20:11
100496,10049601,25,2022,61,3,1,492,2004m12,1,875,1,2,11,1,320,1,2,4,,2024-04-17 20:11
100496,10049602,25,2022,58,3,1,851,2002m11,2,441,1,2,11,2,190,2,2,4,,2024-04-17 20:11
110206,10049604,25,2022,29,6,1,861,2020m4,1,243,1,1,19,2,350,1,2,4,,2024-04-17 20:11
100496,10049605,25,2022,87,2,,,,,,,3,11,2,,,,3,,2024-04-17 20:11
100497,10049701,25,2022,52,3,1,262,1995m3,1,851,1,2,10,1,390,1,3,3,,2024-04-17 20:11
100497,10049702,25,2022,43,3,,,,,,,2,10,2,,,,3,,2024-04-17 20:11
100497,10049703,25,2022,17,2,,,,,,,1,10,1,,,,3,,2024-04-17 20:11
100499,10049901,25,2022,57,3,,,,,,,2,8,1,,,,5,,2024-04-17 20:11
100499,10049902,25,2022,52,3,1,472,2017m4,1,953,1,2,8,2,195,2,3,5,,2024-04-17 20:11
100499,10049903,25,2022,24,6,1,141,2021m10,1,285,1,1,8,2,190,2,3,5,,2024-04-17 20:11
100499,10049904,25,2022,22,4,,,,,,,1,8,2,,,,4,,2024-04-17 20:11
100500,10050001,25,2022,65,3,2,412,1995m2,4,231,2,3,8,1,200,,3,5,,2024-04-17 20:11
110207,10050002,25,2022,33,6,,,,,,,2,8,2,,,,4,,2024-04-17 20:11
100502,10050201,25,2022,51,3,1,861,2005m12,1,429,1,2,15,1,300,1,3,4,,2024-04-17 20:11
100502,10050202,25,2022,41,3,1,479,2010m6,1,922,1,2,15,2,160,2,3,4,,2024-04-17 20:11
100502,10050203,25,2022,18,2,,,,,,,1,15,1,,,,3,,2024-04-17 20:11
100502,10050204,25,2022,16,2,,,,,,,1,15,2,,,,4,,2024-04-17 20:11
100506,10050601,25,2022,70,2,,,,,,,2,14,1,,,,4,,2024-04-17 20:11
100506,10050602,25,2022,63,2,,,,,,,2,14,2,,,,4,,2024-04-17 20:11
100514,10051401,25,2022,59,6,2,479,2021m1,4,532,2,2,1,1,150,,3,4,,2024-04-17 20:11
100514,10051402,25,2022,58,4,1,561,2021m10,2,442,1,2,1,2,250,2,3,4,,2024-04-17 20:11
100514,10051403,25,2022,26,6,,,,,,,1,1,2,,,,4,,2024-04-17 20:11
100514,10051404,25,2022,18,2,,,,,,,1,1,1,,,,5,,2024-04-17 20:11
100515,10051501,25,2022,44,6,1,204,2003m1,1,313,1,2,7,1,500,1,2,4,,2024-04-17 20:11
100515,10051502,25,2022,42,6,1,851,2006m3,1,262,1,2,7,2,360,1,2,4,,2024-04-17 20:11
100516,10051601,25,2022,38,5,1,201,2017m9,1,753,1,2,19,1,550,1,2,4,,2024-04-17 20:11
100516,10051602,25,2022,38,5,,,,,,,2,19,2,,,,4,,2024-04-17 20:11
100517,10051701,25,2022,56,3,2,961,1987m12,4,422,2,2,7,1,600,,2,3,,2024-04-17 20:11
100517,10051702,25,2022,51,3,3,961,1995m2,5,422,2,2,7,2,,,2,3,,2024-04-17 20:11
110271,10051703,25,2022,29,6,2,562,2022m6,4,441,2,1,7,2,600,,2,3,,2024-04-17 20:11
100517,10051704,25,2022,26,6,,,,,,,1,7,1,,,,3,,2024-04-17 20:11
100518,10051801,25,2022,69,3,,,,,,,2,7,1,,,,4,,2024-04-17 20:11
100518,10051802,25,2022,64,3,1,969,2020m4,1,421,1,2,7,2,115,1,2,4,,2024-04-17 20:11
110110,10051803,25,2022,41,6,2,855,2016m11,4,254,2,2,7,2,230,,3,4,,2024-04-17 20:11
100520,10052001,25,2022,61,2,2,493,2000m3,4,875,2,2,12,1,350,,3,4,,2024-04-17 20:11
100520,10052002,25,2022,56,3,,,,,,,2,12,2,,,,4,,2024-04-17 20:11
110257,10052003,25,2022,34,3,1,620,2022m7,1,222,1,2,11,2,147,1,3,6,,2024-04-17 20:11
110177,10052004,25,2022,32,3,2,681,,4,312,2,2,8,1,250,,2,5,,2024-04-17 20:11
100521,10052101,25,2022,68,3,1,411,1997m5,3,910,1,2,12,1,150,2,3,4,,2024-04-17 20:11
100521,10052102,25,2022,63,3,1,970,2015m6,3,951,1,2,12,2,250,2,3,4,,2024-04-17 20:11
100521,10052103,25,2022,29,3,1,474,2016m3,2,521,1,1,12,1,122,2,2,4,,2024-04-17 20:11
100521,10052104,25,2022,27,4,,,,,,,1,12,1,,,,4,,2024-04-17 20:11
100522,10052201,25,2022,75,2,,,,,,,3,14,1,,,,5,,2024-04-17 20:11
100523,10052302,25,2022,76,2,,,,,,,3,10,2,,,,4,,2024-04-17 20:11
110208,10052303,25,2022,51,3,1,841,2012m8,1,311,1,1,10,1,360,1,2,3,,2024-04-17 20:11
110363,10052304,25,2022,48,4,1,551,2022m5,1,753,1,1,10,1,285,1,2,4,,2024-04-17 20:11
100523,10052305,25,2022,28,6,1,211,2020m10,1,232,1,1,10,2,250,1,3,4,,2024-04-17 20:11
100524,10052401,25,2022,53,6,1,841,1993m1,1,311,1,2,10,1,650,1,2,3,,2024-04-17 20:11
100524,10052402,25,2022,52,3,1,841,1992m8,1,311,1,2,10,2,415,1,2,3,,2024-04-17 20:11
100524,10052403,25,2022,27,6,,,,,,,1,10,2,,,,4,,2024-04-17 20:11
100524,10052404,25,2022,23,4,,,,,,,1,10,1,,,,4,,2024-04-17 20:11
100525,10052501,25,2022,59,3,,,,,,,2,10,1,,,,4,,2024-04-17 20:11
100525,10052502,25,2022,56,3,,,,,,,2,10,2,,,,4,,2024-04-17 20:11
110241,10052503,25,2022,31,5,1,212,2022m6,1,312,1,3,10,2,263,1,2,4,,2024-04-17 20:11
110240,10052504,25,2022,29,6,2,911,2020m7,4,399,2,2,10,2,600,,2,4,,2024-04-17 20:11
100526,10052601,25,2022,92,4,,,,,,,3,9,2,,,,4,,2024-04-17 20:11
100527,10052701,25,2022,33,5,,,,,,,2,9,2,,,,3,,2024-04-17 20:11
100527,10052704,25,2022,39,6,1,423,2020m3,2,762,1,2,9,1,200,2,3,4,,2024-04-17 20:11
100529,10052901,25,2022,67,2,,,,,,,2,15,1,,,,4,,2024-04-17 20:11
100529,10052902,25,2022,62,2,,,,,,,2,15,2,,,,4,,2024-04-17 20:11
110015,10052903,25,2022,40,6,1,861,2011m5,1,312,1,2,2,1,300,1,2,4,,2024-04-17 20:11
100530,10053001,25,2022,82,2,,,,,,,2,15,1,,,,4,,2024-04-17 20:11
100530,10053002,25,2022,76,2,,,,,,,2,15,2,,,,4,,2024-04-17 20:11
100533,10053301,25,2022,57,5,1,303,2016m9,1,312,1,2,15,1,350,1,3,4,,2024-04-17 20:11
100533,10053302,25,2022,57,3,1,471,2006m4,1,521,1,2,15,2,185,2,3,4,,2024-04-17 20:11
100533,10053303,25,2022,31,4,1,303,2021m11,1,854,1,1,15,1,135,1,3,4,,2024-04-17 20:11
100533,10053304,25,2022,26,6,,,,,,,1,15,2,,,,5,,2024-04-17 20:11
100534,10053401,25,2022,67,3,,,,,,,2,15,1,,,,4,,2024-04-17 20:11
100534,10053402,25,2022,62,3,1,152,2019m1,1,822,1,2,15,2,235,1,3,4,,2024-04-17 20:11
110149,10053403,25,2022,41,5,1,423,2005m1,1,312,1,2,15,1,380,1,3,4,,2024-04-17 20:11
100535,10053501,25,2022,58,3,1,12,2019m6,2,991,1,3,14,2,70,2,3,4,,2024-04-17 20:11
110179,10053502,25,2022,36,6,1,412,2014m5,1,312,1,1,7,1,350,1,3,5,,2024-04-17 20:11
110150,10053503,25,2022,34,5,1,951,2014m1,1,753,1,2,14,1,414,1,2,4,,2024-04-17 20:11
100536,10053601,25,2022,48,3,1,751,2020m10,3,441,1,3,14,2,275,2,3,4,,2024-04-17 20:11
100537,10053701,25,2022,77,1,2,11,1960m3,4,611,2,2,13,1,50,,3,5,,2024-04-17 20:11
110055,10053703,25,2022,45,3,1,562,2022m5,2,952,1,2,6,2,90,2,3,5,,2024-04-17 20:11
100538,10053802,25,2022,78,2,,,,,,,3,13,2,,,,4,,2024-04-17 20:11
100538,10053803,25,2022,52,6,1,851,2017m9,1,253,1,3,13,2,220,1,2,4,,2024-04-17 20:11
100538,10053805,25,2022,20,4,,,,,,,1,13,1,,,,4,,2024-04-17 20:11
100538,10053806,25,2022,19,4,,,,,,,1,13,1,,,,4,,2024-04-17 20:11
100540,10054002,25,2022,83,1,2,11,2012m3,4,611,2,3,13,2,30,,3,4,,2024-04-17 20:11
100541,10054101,25,2022,75,2,3,11,2019m4,5,611,2,2,13,1,,,3,5,,2024-04-17 20:11
100541,10054102,25,2022,67,1,2,11,1974m3,4,611,2,2,13,2,80,,3,5,,2024-04-17 20:11
110209,10054404,25,2022,30,6,1,843,2014m3,1,980,1,1,11,1,300,1,2,4,,2024-04-17 20:11
100546,10054601,25,2022,90,2,,,,,,,3,13,2,,,,5,,2024-04-17 20:11
100549,10054901,25,2022,80,2,2,11,2011m1,4,611,2,2,13,1,20,,4,5,,2024-04-17 20:11
100549,10054902,25,2022,81,1,,,,,,,2,13,2,,,,5,,2024-04-17 20:11
100550,10055002,25,2022,62,3,2,11,1980m1,4,611,2,3,13,2,100,,3,5,,2024-04-17 20:11
110041,10055003,25,2022,35,5,1,841,2011m9,1,314,1,1,13,1,210,2,2,4,,2024-04-17 20:11
100551,10055101,25,2022,54,3,1,841,2011m1,1,941,1,2,13,1,340,2,3,4,,2024-04-17 20:11
100551,10055102,25,2022,51,3,2,478,1995m8,4,521,2,2,13,2,200,,2,4,,2024-04-17 20:11
110412,10055103,25,2022,26,6,1,452,2021m8,1,510,1,1,5,1,200,1,2,5,,2024-04-17 20:11
100551,10055104,25,2022,25,6,1,562,2022m3,2,441,1,1,13,2,152,2,2,4,,2024-04-17 20:11
100552,10055201,25,2022,65,3,1,872,2021m1,1,421,1,3,16,2,150,2,4,5,,2024-04-17 20:11
100553,10055301,25,2022,56,2,2,11,1990m4,4,611,2,2,13,1,40,,3,5,,2024-04-17 20:11
100553,10055302,25,2022,54,2,3,472,2009m11,5,521,2,2,13,2,,,3,5,,2024-04-17 20:11
100553,10055304,25,2022,84,1,,,,,,,3,13,2,,,,5,,2024-04-17 20:11
100556,10055601,25,2022,62,3,1,492,2022m1,1,312,1,3,12,1,239,1,2,4,,2024-04-17 20:11
100558,10055801,25,2022,54,3,2,11,1991m2,4,611,2,2,16,1,200,,4,5,,2024-04-17 20:11
100558,10055802,25,2022,54,3,3,11,1995m3,5,611,2,2,16,2,,,4,4,,2024-04-17 20:11
110346,10055803,25,2022,26,6,2,11,2019m1,4,611,2,2,16,1,350,,4,5,,2024-04-17 20:11
100559,10055901,25,2022,85,2,,,,,,,3,19,2,,,,5,,2024-04-17 20:11
100560,10056001,25,2022,77,3,,,,,,,2,11,1,,,,5,,2024-04-17 20:11
100560,10056002,25,2022,74,2,,,,,,,2,11,2,,,,5,,2024-04-17 20:11
100561,10056101,25,2022,78,2,,,,,,,2,11,1,,,,4,,2024-04-17 20:11
100561,10056102,25,2022,70,2,1,259,2022m3,1,941,1,2,11,2,120,2,2,4,,2024-04-17 20:11
100563,10056301,25,2022,38,6,1,291,2008m12,1,235,1,2,15,1,300,1,2,4,,2024-04-17 20:11
100563,10056302,25,2022,34,6,,,,,,,2,15,2,,,,4,,2024-04-17 20:11
100564,10056401,25,2022,77,2,,,,,,,3,15,1,,,,3,,2024-04-17 20:11
100565,10056501,25,2022,57,3,1,464,2019m1,2,930,1,2,15,2,150,2,2,3,,2024-04-17 20:11
110210,10056503,25,2022,33,3,1,108,2021m11,2,930,1,2,15,2,120,2,2,4,,2024-04-17 20:11
100565,10056504,25,2022,55,3,2,464,2007m3,4,521,2,2,15,1,1000,,2,3,,2024-04-17 20:11
100567,10056701,25,2022,56,5,1,492,2017m3,1,875,1,2,14,1,400,1,3,4,,2024-04-17 20:11
100567,10056702,25,2022,53,3,2,961,1999m12,4,422,2,2,14,2,200,,3,4,,2024-04-17 20:11
110195,10056703,25,2022,28,5,1,478,2015m2,1,521,1,1,14,2,250,1,3,4,,2024-04-17 20:11
100567,10056704,25,2022,25,4,,,,,,,1,14,2,,,,4,,2024-04-17 20:11
100567,10056705,25,2022,22,5,,,,,,,1,14,1,,,,4,,2024-04-17 20:11
100569,10056901,25,2022,73,3,3,472,2019m4,5,521,2,2,6,1,,,3,5,,2024-04-17 20:11
100569,10056902,25,2022,68,2,2,472,2019m4,4,521,2,2,6,2,200,,3,5,,2024-04-17 20:11
100570,10057002,25,2022,82,2,,,,,,,3,6,2,,,,5,,2024-04-17 20:11
100571,10057101,25,2022,60,3,2,426,2020m2,4,875,2,2,11,1,200,,3,4,,2024-04-17 20:11
100571,10057102,25,2022,60,5,1,871,2019m2,1,421,1,2,11,2,210,1,3,4,,2024-04-17 20:11
100571,10057103,25,2022,34,6,1,529,2019m2,2,312,1,1,11,1,600,2,3,4,,2024-04-17 20:11
100571,10057104,25,2022,33,6,,,,,,,1,11,1,,,,4,,2024-04-17 20:11
100572,10057202,25,2022,78,1,,,,,,,3,2,2,,,,6,,2024-04-17 20:11
100573,10057301,25,2022,55,6,2,561,2013m3,4,442,2,2,1,1,580,,3,3,,2024-04-17 20:11
100573,10057302,25,2022,53,3,2,561,2019m8,4,441,2,2,1,2,550,,3,3,,2024-04-17 20:11
100573,10057303,25,2022,25,4,,,,,,,1,1,1,,,,3,,2024-04-17 20:11
100573,10057304,25,2022,23,5,,,,,,,1,1,1,,,,3,,2024-04-17 20:11
100573,10057305,25,2022,48,3,1,411,1994m3,1,313,1,1,1,2,342,1,3,4,,2024-04-17 20:11
100574,10057401,25,2022,80,2,,,,,,,3,12,1,,,,6,,2024-04-17 20:11
100575,10057501,25,2022,73,6,,,,,,,2,12,1,,,,5,,2024-04-17 20:11
100575,10057502,25,2022,70,2,1,751,2014m2,2,941,1,2,12,2,110,2,3,4,,2024-04-17 20:11
100578,10057801,25,2022,62,3,1,259,2007m6,1,842,1,2,10,1,330,1,2,4,,2024-04-17 20:11
100578,10057802,25,2022,61,3,1,101,2017m3,1,930,1,2,10,2,250,1,3,4,,2024-04-17 20:11
110111,10057803,25,2022,32,5,1,204,2020m2,1,832,1,1,10,1,300,1,2,4,,2024-04-17 20:11
100578,10057804,25,2022,27,6,2,478,2020m8,4,791,2,1,10,2,220,,2,4,,2024-04-17 20:11
100580,10058001,25,2022,78,2,2,11,2016m7,4,611,2,2,15,1,60,,3,4,,2024-04-17 20:11
100580,10058002,25,2022,70,2,3,11,2016m9,5,611,2,2,15,2,,,3,4,,2024-04-17 20:11
100580,10058003,25,2022,50,4,2,424,2021m5,4,783,2,1,15,1,150,,3,4,,2024-04-17 20:11
100581,10058101,25,2022,87,3,,,,,,,2,15,1,,,,5,,2024-04-17 20:11
100581,10058102,25,2022,86,2,,,,,,,2,15,2,,,,5,,2024-04-17 20:11
100582,10058201,25,2022,45,3,2,952,2016m1,4,941,2,2,15,1,350,,3,5,,2024-04-17 20:11
100582,10058202,25,2022,41,5,3,952,2016m1,5,941,2,2,15,2,,,3,4,,2024-04-17 20:11
100582,10058203,25,2022,17,2,,,,,,,1,15,2,,,,4,,2024-04-17 20:11
100582,10058204,25,2022,16,2,,,,,,,1,15,2,,,,4,,2024-04-17 20:11
100584,10058401,25,2022,89,1,,,,,,,3,15,2,,,,5,,2024-04-17 20:11
100586,10058601,25,2022,87,1,,,,,,,3,14,2,,,,5,,2024-04-17 20:11
100586,10058602,25,2022,61,3,2,11,2015m5,4,611,2,3,14,1,291,,3,4,,2024-04-17 20:11
100587,10058701,25,2022,89,1,,,,,,,2,14,1,,,,5,,2024-04-17 20:11
100587,10058702,25,2022,86,2,,,,,,,2,14,2,,,,5,,2024-04-17 20:11
100588,10058801,25,2022,78,2,2,11,1969m10,4,611,2,2,13,1,60,,3,4,,2024-04-17 20:11
100588,10058802,25,2022,76,2,3,11,1969m10,5,611,2,2,13,2,,,3,4,,2024-04-17 20:11
100589,10058901,25,2022,76,2,2,11,1962m1,4,611,2,2,13,1,30,,3,5,,2024-04-17 20:11
100589,10058902,25,2022,73,2,,,,,,,2,13,2,,,,5,,2024-04-17 20:11
100590,10059001,25,2022,67,2,2,11,1968m10,4,611,2,3,13,1,70,,3,5,,2024-04-17 20:11
100591,10059101,25,2022,67,2,2,11,1972m11,4,611,2,3,13,2,70,,3,5,,2024-04-17 20:11
100592,10059201,25,2022,75,2,2,11,1965m3,4,611,2,2,13,1,110,,3,4,,2024-04-17 20:11
100592,10059202,25,2022,66,2,3,11,1977m1,5,611,2,2,13,2,,,3,4,,2024-04-17 20:11
100594,10059401,25,2022,85,4,,,,,,,2,13,1,,,,3,,2024-04-17 20:11
100594,10059402,25,2022,81,2,,,,,,,2,13,2,,,,3,,2024-04-17 20:11
100595,10059501,25,2022,79,2,1,872,2019m3,2,941,1,2,11,1,75,2,2,4,,2024-04-17 20:11
100595,10059502,25,2022,77,2,1,751,2010m9,2,941,1,2,11,2,100,2,3,4,,2024-04-17 20:11
100600,10060001,25,2022,79,2,,,,,,,3,3,2,,,,4,,2024-04-17 20:11
100601,10060101,25,2022,80,2,1,872,2021m2,2,421,1,3,3,2,27,2,2,5,,2024-04-17 20:11
100602,10060201,25,2022,78,1,2,20,2005m5,4,612,2,2,3,1,20,,3,5,,2024-04-17 20:11
100602,10060202,25,2022,74,1,,,,,,,2,3,2,,,,5,,2024-04-17 20:11
100604,10060401,25,2022,57,3,2,561,2006m3,4,922,2,2,15,1,300,,3,4,,2024-04-17 20:11
100604,10060402,25,2022,53,3,3,561,2006m3,5,441,2,2,15,2,,,3,5,,2024-04-17 20:11
100604,10060403,25,2022,29,6,1,251,2017m11,1,235,1,1,15,1,320,1,2,4,,2024-04-17 20:11
100604,10060404,25,2022,24,6,1,862,2021m11,1,245,1,1,15,2,300,1,2,4,,2024-04-17 20:11
100605,10060501,25,2022,59,3,2,426,2017m11,4,873,2,2,15,1,400,,2,3,,2024-04-17 20:11
100605,10060502,25,2022,59,3,,,,,,,2,15,2,,,,3,,2024-04-17 20:11
100605,10060503,25,2022,32,4,1,844,2021m1,1,411,1,1,15,1,388,1,2,3,,2024-04-17 20:11
100605,10060504,25,2022,27,4,1,474,2017m9,1,521,1,1,15,1,250,1,2,4,,2024-04-17 20:11
100606,10060601,25,2022,47,6,2,463,2013m6,4,521,2,2,8,1,400,,2,5,,2024-04-17 20:11
100606,10060602,25,2022,37,6,,,,,,,2,8,2,,,,4,,2024-04-17 20:11
100607,10060701,25,2022,37,6,1,463,2010m1,1,710,1,2,7,1,300,1,3,5,,2024-04-17 20:11
100607,10060705,25,2022,37,3,,,,,,,2,7,2,,,,5,,2024-04-17 20:11
100608,10060801,25,2022,79,3,,,,,,,2,14,1,,,,5,,2024-04-17 20:11
100608,10060802,25,2022,77,2,,,,,,,2,14,2,,,,5,,2024-04-17 20:11
100609,10060901,25,2022,50,6,1,855,2006m5,1,254,1,1,15,2,260,1,3,4,,2024-04-17 20:11
100610,10061001,25,2022,67,2,,,,,,,3,1,1,,,,6,,2024-04-17 20:11
110272,10061002,25,2022,61,2,2,561,2015m6,4,441,2,3,1,2,300,,2,5,,2024-04-17 20:11
100610,10061003,25,2022,27,3,1,582,2022m4,1,224,1,1,1,1,300,1,2,6,,2024-04-17 20:11
100611,10061101,25,2022,37,5,1,862,2021m8,1,245,1,2,15,1,420,1,3,5,,2024-04-17 20:11
100611,10061102,25,2022,34,5,,,,,,,2,15,2,,,,5,,2024-04-17 20:11
100613,10061301,25,2022,66,3,1,842,2019m7,2,391,1,2,8,1,180,2,3,5,,2024-04-17 20:11
100613,10061302,25,2022,64,3,,,,,,,2,8,2,,,,5,,2024-04-17 20:11
110274,10061303,25,2022,38,6,1,291,2020m5,1,235,1,2,8,1,400,1,3,3,,2024-04-17 20:11
100613,10061304,25,2022,34,6,2,855,2016m3,4,254,2,1,8,2,300,,2,4,,2024-04-17 20:11
100614,10061401,25,2022,61,2,1,411,1994m3,3,782,1,1,8,1,300,2,3,6,,2024-04-17 20:11
100615,10061502,25,2022,58,3,2,759,2018m5,4,312,2,2,8,2,200,,2,5,,2024-04-17 20:11
100615,10061504,25,2022,30,4,,,,,,,1,8,2,,,,5,,2024-04-17 20:11
100617,10061701,25,2022,50,3,1,561,2020m1,3,442,1,3,1,2,120,2,3,6,,2024-04-17 20:11
110386,10061702,25,2022,25,5,1,264,2016m8,1,312,1,1,8,1,240,1,3,5,,2024-04-17 20:11
100618,10061801,25,2022,60,3,1,303,2016m9,1,313,1,2,1,1,400,1,2,4,,2024-04-17 20:11
100618,10061802,25,2022,59,3,1,872,2020m6,2,421,1,2,1,2,185,2,2,4,,2024-04-17 20:11
110112,10061803,25,2022,34,4,2,602,2020m9,4,283,2,1,8,1,100,,3,4,,2024-04-17 20:11
100619,10061902,25,2022,84,2,,,,,,,3,9,2,,,,5,,2024-04-17 20:11
100621,10062102,25,2022,75,2,,,,,,,3,1,2,,,,5,,2024-04-17 20:11
100622,10062201,25,2022,63,3,,,,,,,2,1,1,,,,4,,2024-04-17 20:11
100622,10062202,25,2022,59,3,,,,,,,2,1,2,,,,4,,2024-04-17 20:11
110129,10062203,25,2022,33,6,,,,,,,2,1,2,,,,4,,2024-04-17 20:11
100622,10062204,25,2022,88,1,,,,,,,3,1,2,,,,4,,2024-04-17 20:11
100623,10062301,25,2022,63,3,1,472,2019m7,1,521,1,3,8,2,170,1,4,5,,2024-04-17 20:11
100624,10062401,25,2022,67,2,1,841,2019m1,2,941,1,3,1,2,83,2,2,5,,2024-04-17 20:11
100624,10062402,25,2022,37,3,,,,,,,1,1,1,,,,5,,2024-04-17 20:11
100624,10062403,25,2022,30,4,1,641,2019m7,2,412,1,1,1,1,200,2,3,5,,2024-04-17 20:11
100625,10062501,25,2022,85,3,,,,,,,2,1,1,,,,4,,2024-04-17 20:11
100625,10062502,25,2022,77,2,,,,,,,2,1,2,,,,4,,2024-04-17 20:11
100625,10062503,25,2022,52,3,1,451,2013m3,1,510,1,2,1,1,200,1,3,4,,2024-04-17 20:11
100625,10062504,25,2022,51,3,1,471,2022m1,1,521,1,2,1,2,180,1,3,4,,2024-04-17 20:11
100625,10062505,25,2022,25,4,,,,,,,1,1,1,,,,5,,2024-04-17 20:11
100625,10062506,25,2022,21,3,1,602,2022m5,1,312,1,1,1,1,190,1,3,5,,2024-04-17 20:11
100625,10062507,25,2022,18,2,,,,,,,1,1,2,,,,5,,2024-04-17 20:11
100626,10062601,25,2022,67,2,2,494,2008m3,4,922,2,3,1,1,100,,3,6,,2024-04-17 20:11
100628,10062801,25,2022,54,6,1,721,1995m2,1,236,1,3,8,1,260,1,3,4,,2024-04-17 20:11
100628,10062802,25,2022,26,6,1,941,2022m1,1,312,1,1,8,2,215,1,3,4,,2024-04-17 20:11
100628,10062803,25,2022,24,6,1,861,2021m6,1,243,1,1,8,2,320,1,4,5,,2024-04-17 20:11
100629,10062901,25,2022,64,2,1,424,2010m1,2,783,1,2,1,1,230,2,3,5,,2024-04-17 20:11
100629,10062902,25,2022,52,2,,,,,,,2,1,2,,,,5,,2024-04-17 20:11
100629,10062903,25,2022,24,2,1,561,2020m1,2,521,1,1,1,2,70,2,2,4,,2024-04-17 20:11
100630,10063001,25,2022,66,2,,,,,,,3,8,2,,,,5,,2024-04-17 20:11
110130,10063002,25,2022,41,3,,,,,,,2,1,2,,,,4,,2024-04-17 20:11
110305,10063003,25,2022,36,5,1,464,2021m4,2,284,1,2,8,2,220,2,2,5,,2024-04-17 20:11
100632,10063202,25,2022,83,2,,,,,,,3,1,2,,,,5,,2024-04-17 20:11
100634,10063401,25,2022,49,6,2,743,2020m9,4,510,2,2,7,1,500,,3,4,,2024-04-17 20:11
100634,10063402,25,2022,45,6,1,423,2020m10,1,762,1,2,7,2,180,1,2,4,,2024-04-17 20:11
100634,10063403,25,2022,17,2,,,,,,,1,7,1,,,,4,,2024-04-17 20:11
100635,10063501,25,2022,46,5,2,951,2016m7,4,752,2,2,16,1,200,,4,2,,2024-04-17 20:11
100635,10063502,25,2022,44,5,1,651,1996m3,1,313,1,3,16,2,200,1,4,5,,2024-04-17 20:11
100635,10063504,25,2022,19,4,,,,,,,1,16,1,,,,4,,2024-04-17 20:11
100635,10063505,25,2022,17,2,,,,,,,1,16,1,,,,5,,2024-04-17 20:11
100636,10063601,25,2022,63,6,,,,,,,2,16,1,,,,3,,2024-04-17 20:11
100636,10063602,25,2022,64,6,,,,,,,2,16,2,,,,3,,2024-04-17 20:11
100637,10063701,25,2022,86,2,,,,,,,3,9,2,,,,6,,2024-04-17 20:11
100638,10063801,25,2022,52,3,1,529,2012m9,1,,1,2,9,2,200,2,3,5,,2024-04-17 20:11
100638,10063802,25,2022,53,5,1,411,2010m2,1,782,1,2,9,1,497,1,3,5,,2024-04-17 20:11
100638,10063803,25,2022,26,5,,,,,,,1,9,1,,,,5,,2024-04-17 20:11
100638,10063804,25,2022,24,6,,,,,,,1,9,2,,,,5,,2024-04-17 20:11
100640,10064001,25,2022,84,3,,,,,,,3,9,1,,,,2,,2024-04-17 20:11
100641,10064101,25,2022,80,1,1,841,2016m3,3,941,1,2,15,1,27,2,2,6,,2024-04-17 20:11
100641,10064102,25,2022,71,1,,,,,,,2,15,2,,,,6,,2024-04-17 20:11
110113,10064202,25,2022,81,2,,,,,,,3,2,2,,,,6,,2024-04-17 20:11
100643,10064301,25,2022,67,2,2,949,1999m3,4,248,2,3,14,2,50,,4,5,,2024-04-17 20:11
100644,10064401,25,2022,83,2,,,,,,,2,14,1,,,,5,,2024-04-17 20:11
100644,10064402,25,2022,78,2,,,,,,,2,14,2,,,,6,,2024-04-17 20:11
100645,10064501,25,2022,39,5,,,,,,,2,2,1,,,,4,,2024-04-17 20:11
100645,10064503,25,2022,33,4,,,,,,,2,2,2,,,,4,,2024-04-17 20:11
100646,10064601,25,2022,66,2,1,841,2014m3,2,991,1,2,13,1,120,2,3,5,,2024-04-17 20:11
100646,10064602,25,2022,60,2,1,841,2017m3,2,941,1,2,13,2,160,2,3,5,,2024-04-17 20:11
110376,10064603,25,2022,29,3,1,475,2020m8,1,922,1,3,13,1,250,1,3,6,,2024-04-17 20:11
100647,10064701,25,2022,87,1,,,,,,,3,13,2,,,,6,,2024-04-17 20:11
100649,10064901,25,2022,84,1,,,,,,,3,11,2,,,,4,,2024-04-17 20:11
100650,10065001,25,2022,73,3,2,11,1975m4,4,611,2,2,10,1,100,,4,4,,2024-04-17 20:11
100650,10065002,25,2022,68,3,,,,,,,2,10,2,,,,3,,2024-04-17 20:11
100651,10065101,25,2022,33,6,1,861,2012m3,1,243,1,2,15,2,280,2,3,5,,2024-04-17 20:11
100651,10065102,25,2022,36,4,1,291,2013m4,1,899,1,2,15,1,320,1,2,5,,2024-04-17 20:11
100654,10065401,25,2022,76,3,,,,,,,2,10,1,,,,3,,2024-04-17 20:11
100654,10065402,25,2022,73,2,,,,,,,2,10,2,,,,2,,2024-04-17 20:11
110275,10065403,25,2022,37,6,1,201,2017m7,1,211,1,2,8,1,430,1,3,4,,2024-04-17 20:11
100655,10065501,25,2022,66,3,2,452,1993m8,4,521,2,2,10,1,400,,2,3,,2024-04-17 20:11
100655,10065502,25,2022,61,2,1,856,2021m11,2,873,1,2,10,2,100,2,3,3,,2024-04-17 20:11
100656,10065601,25,2022,69,3,,,,,,,3,14,2,,,,4,,2024-04-17 20:11
100657,10065701,25,2022,67,2,1,421,1992m1,3,781,1,2,3,1,180,2,3,5,,2024-04-17 20:11
100657,10065702,25,2022,63,2,,,,,,,2,3,2,,,,5,,2024-04-17 20:11
110056,10065703,25,2022,38,6,1,701,2021m8,1,211,1,2,8,1,500,1,2,4,,2024-04-17 20:11
100657,10065704,25,2022,36,4,,,,,,,1,3,1,,,,5,,2024-04-17 20:11
100658,10065801,25,2022,64,2,,,,,,,2,3,1,,,,6,,2024-04-17 20:11
100658,10065802,25,2022,58,6,,,,,,,2,3,2,,,,6,,2024-04-17 20:11
100658,10065803,25,2022,23,6,1,841,2022m4,2,314,1,1,3,2,55,2,3,5,,2024-04-17 20:11
100658,10065804,25,2022,22,3,1,561,2022m3,2,442,1,1,3,1,150,2,3,6,,2024-04-17 20:11
100659,10065901,25,2022,83,1,,,,,,,3,2,2,,,,6,,2024-04-17 20:11
100660,10066001,25,2022,74,3,1,841,2022m2,2,941,1,2,2,1,27,2,3,5,,2024-04-17 20:11
100660,10066002,25,2022,69,2,,,,,,,2,2,2,,,,4,,2024-04-17 20:11
100661,10066102,25,2022,82,2,1,751,2014m11,2,941,1,3,2,2,110,2,2,5,,2024-04-17 20:11
100662,10066201,25,2022,39,5,1,471,2011m12,1,312,1,1,2,1,450,1,2,4,,2024-04-17 20:11
100663,10066301,25,2022,70,1,1,463,2021m10,3,521,1,3,1,2,150,2,4,6,,2024-04-17 20:11
100663,10066302,25,2022,45,2,,,,,,,1,1,1,,,,6,,2024-04-17 20:11
100663,10066303,25,2022,44,2,2,969,2008m1,4,875,2,1,1,1,200,,4,4,,2024-04-17 20:11
100665,10066501,25,2022,47,5,1,701,2012m9,1,312,1,1,8,2,285,1,3,5,,2024-04-17 20:11
100668,10066801,25,2022,87,1,,,,,,,2,1,1,,,,3,,2024-04-17 20:11
100668,10066802,25,2022,79,1,,,,,,,2,1,2,,,,3,,2024-04-17 20:11
100670,10067001,25,2022,86,1,,,,,,,3,1,2,,,,5,,2024-04-17 20:11
100671,10067101,25,2022,85,1,,,,,,,3,8,2,,,,6,,2024-04-17 20:11
100671,10067102,25,2022,63,3,,,,,,,3,8,1,,,,6,,2024-04-17 20:11
100671,10067104,25,2022,32,3,,,,,,,1,8,1,,,,6,,2024-04-17 20:11
100672,10067201,25,2022,71,1,1,581,2017m6,2,941,1,2,1,1,150,2,2,4,,2024-04-17 20:11
100672,10067202,25,2022,69,1,,,,,,,2,1,2,,,,4,,2024-04-17 20:11
100672,10067203,25,2022,44,5,,,,,,,1,1,1,,,,4,,2024-04-17 20:11
100674,10067401,25,2022,65,5,2,411,2012m11,4,782,2,2,8,1,500,,2,3,,2024-04-17 20:11
100674,10067402,25,2022,62,3,1,872,2020m8,2,421,1,2,8,2,73,2,3,3,,2024-04-17 20:11
100675,10067501,25,2022,69,2,1,340,2011m11,3,753,1,2,15,1,250,2,3,6,,2024-04-17 20:11
100675,10067502,25,2022,64,3,,,,,,,2,15,2,,,,6,,2024-04-17 20:11
100677,10067701,25,2022,45,3,1,311,2016m1,1,783,1,2,7,1,500,1,2,4,,2024-04-17 20:11
100677,10067702,25,2022,40,6,1,493,2019m6,1,312,1,2,7,2,200,1,2,4,,2024-04-17 20:11
100678,10067801,25,2022,66,6,2,961,1985m5,4,422,2,2,5,1,230,,2,4,,2024-04-17 20:11
100678,10067802,25,2022,65,3,,,,,,,2,5,2,,,,4,,2024-04-17 20:11
110084,10067803,25,2022,41,6,1,851,2004m3,1,244,1,2,5,2,281,1,3,4,,2024-04-17 20:11
110306,10067804,25,2022,39,6,1,265,2013m1,1,235,1,2,8,1,600,1,3,5,,2024-04-17 20:11
100679,10067901,25,2022,51,3,2,953,2012m6,4,761,2,2,5,1,350,,3,4,,2024-04-17 20:11
100679,10067902,25,2022,46,3,1,471,2015m10,1,521,1,2,5,2,179,1,3,5,,2024-04-17 20:11
100679,10067903,25,2022,16,2,,,,,,,1,5,2,,,,4,,2024-04-17 20:11
100680,10068001,25,2022,53,3,,,,,,,2,5,2,,,,5,,2024-04-17 20:11
100680,10068002,25,2022,21,4,,,,,,,1,5,2,,,,5,,2024-04-17 20:11
100680,10068003,25,2022,15,2,,,,,,,1,5,1,,,,4,,2024-04-17 20:11
100680,10068004,25,2022,55,5,,,,,,,2,5,1,,,,5,,2024-04-17 20:11
100683,10068301,25,2022,44,6,1,464,2020m3,1,274,1,2,5,1,580,1,3,4,,2024-04-17 20:11
100683,10068302,25,2022,44,5,,,,,,,2,5,2,,,,4,,2024-04-17 20:11
100684,10068402,25,2022,55,3,1,751,2022m2,2,421,1,2,8,2,220,2,3,5,,2024-04-17 20:11
100685,10068501,25,2022,70,3,2,11,2009m9,4,611,2,2,16,1,120,,4,4,,2024-04-17 20:11
100685,10068502,25,2022,68,2,,,,,,,2,16,2,,,,3,,2024-04-17 20:11
100686,10068601,25,2022,78,2,,,,,,,2,16,1,,,,2,,2024-04-17 20:11
100686,10068602,25,2022,77,1,,,,,,,2,16,2,,,,3,,2024-04-17 20:11
100687,10068701,25,2022,78,1,,,,,,,2,16,1,,,,4,,2024-04-17 20:11
100687,10068702,25,2022,78,1,,,,,,,2,16,2,,,,2,,2024-04-17 20:11
100687,10068703,25,2022,58,3,,,,,,,1,16,1,,,,3,,2024-04-17 20:11
100687,10068704,25,2022,53,3,,,,,,,3,16,2,,,,2,,2024-04-17 20:11
100689,10068901,25,2022,79,6,,,,,,,2,10,1,,,,3,,2024-04-17 20:11
100689,10068902,25,2022,78,3,,,,,,,2,10,2,,,,3,,2024-04-17 20:11
100691,10069101,25,2022,56,2,1,51,2014m11,1,843,1,2,9,1,250,2,3,6,,2024-04-17 20:11
100691,10069102,25,2022,56,1,,,,,,,2,9,2,,,,6,,2024-04-17 20:11
100693,10069301,25,2022,51,5,1,841,1992m5,1,311,1,3,9,2,335,1,2,5,,2024-04-17 20:11
100693,10069302,25,2022,27,3,,,,,,,1,9,2,,,,5,,2024-04-17 20:11
100693,10069303,25,2022,25,5,1,901,2022m3,2,283,1,1,9,2,60,2,2,5,,2024-04-17 20:11
100696,10069602,25,2022,62,3,2,11,2004m3,4,611,2,2,13,1,15,,2,4,,2024-04-17 20:11
100697,10069701,25,2022,86,1,,,,,,,3,13,2,,,,5,,2024-04-17 20:11
100698,10069802,25,2022,73,1,,,,,,,3,13,2,,,,6,,2024-04-17 20:11
100699,10069901,25,2022,65,3,2,493,2018m4,4,873,2,2,8,1,600,,3,5,,2024-04-17 20:11
100699,10069902,25,2022,57,3,1,949,2021m9,2,248,1,2,8,2,150,2,3,5,,2024-04-17 20:11
100699,10069904,25,2022,23,3,,,,,,,1,8,1,,,,5,,2024-04-17 20:11
100700,10070001,25,2022,87,1,2,11,1994m3,4,611,2,3,12,2,40,,3,4,,2024-04-17 20:11
100702,10070201,25,2022,45,3,1,581,2019m7,1,281,1,2,12,1,300,1,3,4,,2024-04-17 20:11
100702,10070202,25,2022,45,3,2,472,2020m1,4,521,2,2,12,2,50,,3,4,,2024-04-17 20:11
100703,10070302,25,2022,89,2,,,,,,,3,16,2,,,,4,,2024-04-17 20:11
100703,10070303,25,2022,58,3,,,,,,,1,16,1,,,,3,,2024-04-17 20:11
100706,10070602,25,2022,65,2,1,682,2020m1,1,941,1,3,8,2,148,2,2,4,,2024-04-17 20:11
100706,10070603,25,2022,46,6,1,841,2005m3,1,311,1,1,8,2,340,1,2,4,,2024-04-17 20:11
100707,10070701,25,2022,63,2,1,422,2020m3,3,792,1,3,10,1,340,2,1,5,,2024-04-17 20:11
100707,10070703,25,2022,32,6,1,204,2022m5,1,236,1,1,10,1,300,1,2,4,,2024-04-17 20:11
100707,10070704,25,2022,25,6,,,,,,,1,10,1,,,,4,,2024-04-17 20:11
100708,10070801,25,2022,79,1,,,,,,,3,3,1,,,,4,,2024-04-17 20:11
110183,10070803,25,2022,45,2,2,494,2022m3,4,922,2,2,3,1,450,,2,5,,2024-04-17 20:11
100710,10071001,25,2022,75,2,2,12,1989m3,4,613,2,2,8,1,150,,5,4,,2024-04-17 20:11
100710,10071002,25,2022,68,2,,,,,,,2,8,2,,,,4,,2024-04-17 20:11
100710,10071003,25,2022,47,3,3,12,2002m3,5,613,2,1,8,1,,,4,4,,2024-04-17 20:11
100711,10071101,25,2022,59,3,1,262,2017m4,2,952,1,2,8,1,290,2,3,4,,2024-04-17 20:11
100711,10071102,25,2022,51,3,1,172,2020m8,1,891,1,2,8,2,195,1,2,5,,2024-04-17 20:11
100711,10071103,25,2022,27,5,1,751,2022m5,1,312,1,1,8,2,198,1,3,5,,2024-04-17 20:11
100711,10071105,25,2022,22,4,,,,,,,1,8,1,,,,4,,2024-04-17 20:11
100713,10071301,25,2022,34,6,1,841,2013m12,1,311,1,2,2,2,330,1,1,3,,2024-04-17 20:11
100713,10071304,25,2022,36,6,1,424,2022m1,1,792,1,2,2,1,400,1,2,3,,2024-04-17 20:11
100714,10071401,25,2022,54,6,1,841,1999m1,1,311,1,2,19,1,630,1,2,3,,2024-04-17 20:11
100714,10071402,25,2022,53,6,1,852,2022m6,2,247,1,2,19,2,100,2,2,3,,2024-04-17 20:11
100714,10071403,25,2022,18,2,,,,,,,1,19,1,,,,3,,2024-04-17 20:11
100715,10071501,25,2022,48,6,1,844,2002m3,1,311,1,2,8,1,500,1,3,4,,2024-04-17 20:11
100715,10071502,25,2022,44,6,,,,,,,2,8,2,,,,3,,2024-04-17 20:11
100715,10071503,25,2022,17,2,,,,,,,1,8,2,,,,3,,2024-04-17 20:11
110016,10071505,25,2022,43,6,1,465,2016m5,1,312,1,2,11,1,493,1,3,4,,2024-04-17 20:11
100716,10071601,25,2022,42,6,1,844,2007m1,1,411,1,2,8,1,420,1,2,4,,2024-04-17 20:11
100716,10071602,25,2022,41,4,,,,,,,2,8,2,,,,4,,2024-04-17 20:11
100717,10071701,25,2022,48,6,1,844,1999m7,1,411,1,2,1,1,370,1,2,3,,2024-04-17 20:11
100717,10071702,25,2022,43,5,1,844,2004m10,1,411,1,2,1,2,350,1,2,3,,2024-04-17 20:11
100718,10071801,25,2022,45,6,1,844,2004m6,1,411,1,2,8,1,750,1,2,3,,2024-04-17 20:11
100718,10071802,25,2022,44,6,1,204,2022m2,2,232,1,2,8,2,110,2,2,3,,2024-04-17 20:11
100724,10072401,25,2022,60,3,2,259,2004m3,4,851,2,2,1,1,1000,,3,3,,2024-04-17 20:11
100724,10072402,25,2022,58,3,,,,,,,2,1,2,,,,3,,2024-04-17 20:11
110388,10072404,25,2022,28,6,1,851,2020m1,1,311,1,1,1,2,200,1,3,5,,2024-04-17 20:11
100725,10072501,25,2022,60,2,1,411,2019m2,3,910,1,2,1,1,300,2,3,4,,2024-04-17 20:11
100725,10072502,25,2022,58,2,,,,,,,2,1,2,,,,4,,2024-04-17 20:11
100726,10072601,25,2022,57,5,1,411,2019m8,2,762,1,2,1,1,250,2,3,5,,2024-04-17 20:11
100726,10072602,25,2022,58,2,,,,,,,2,1,2,,,,5,,2024-04-17 20:11
100726,10072603,25,2022,27,6,,,,,,,1,1,2,,,,5,,2024-04-17 20:11
100727,10072701,25,2022,72,3,,,,,,,2,1,1,,,,4,,2024-04-17 20:11
100727,10072702,25,2022,68,3,,,,,,,2,1,2,,,,4,,2024-04-17 20:11
100728,10072801,25,2022,65,2,2,494,2012m3,4,873,2,2,8,1,200,,3,5,,2024-04-17 20:11
100728,10072802,25,2022,66,3,,,,,,,2,8,2,,,,5,,2024-04-17 20:11
100729,10072901,25,2022,68,2,1,421,2021m11,3,782,1,2,1,1,144,2,3,4,,2024-04-17 20:11
100729,10072902,25,2022,68,2,,,,,,,2,1,2,,,,5,,2024-04-17 20:11
110018,10072904,25,2022,41,3,,,,,,,2,8,2,,,,4,,2024-04-17 20:11
100737,10073701,25,2022,49,6,1,871,2022m4,1,313,1,2,9,1,250,1,2,3,,2024-04-17 20:11
100737,10073702,25,2022,37,3,1,102,2018m8,1,313,1,2,9,2,250,1,2,3,,2024-04-17 20:11
100738,10073801,25,2022,57,6,2,961,2000m5,4,422,2,2,1,2,130,,2,4,,2024-04-17 20:11
100738,10073802,25,2022,65,3,1,471,2015m3,2,941,1,2,1,1,180,2,3,4,,2024-04-17 20:11
100739,10073901,25,2022,62,2,1,872,2021m7,2,421,1,3,1,2,70,2,3,4,,2024-04-17 20:11
100739,10073902,25,2022,32,5,1,463,2014m3,1,521,1,1,1,1,370,1,2,5,,2024-04-17 20:11
100740,10074001,25,2022,79,2,,,,,,,2,1,1,,,,4,,2024-04-17 20:11
100740,10074002,25,2022,71,2,,,,,,,2,1,2,,,,4,,2024-04-17 20:11
100743,10074301,25,2022,55,3,1,651,2020m6,1,399,1,2,8,2,320,2,3,3,,2024-04-17 20:11
100743,10074302,25,2022,55,6,1,471,2018m11,1,862,1,2,8,1,280,2,3,4,,2024-04-17 20:11
100743,10074303,25,2022,30,6,1,641,2020m9,1,320,1,1,8,2,350,1,3,3,,2024-04-17 20:11
100743,10074304,25,2022,28,6,,,,,,,1,8,1,,,,4,,2024-04-17 20:11
110243,10074601,25,2022,83,1,,,,,,,3,8,2,,,,5,,2024-04-17 20:11
100746,10074602,25,2022,56,6,1,855,1998m7,1,312,1,2,1,1,400,1,2,5,,2024-04-17 20:11
100746,10074603,25,2022,26,5,1,712,2021m9,1,313,1,1,1,2,230,1,2,4,,2024-04-17 20:11
100746,10074604,25,2022,23,4,,,,,,,1,1,1,,,,4,,2024-04-17 20:11
100748,10074801,25,2022,48,5,1,872,2021m1,1,254,1,2,8,2,190,2,3,5,,2024-04-17 20:11
100748,10074802,25,2022,51,6,1,422,1994m5,1,753,1,2,8,1,300,1,3,5,,2024-04-17 20:11
100748,10074803,25,2022,17,2,,,,,,,1,8,1,,,,5,,2024-04-17 20:11
100748,10074804,25,2022,15,2,,,,,,,1,8,2,,,,5,,2024-04-17 20:11
100749,10074901,25,2022,52,3,1,872,2019m2,1,421,1,2,1,2,230,1,2,4,,2024-04-17 20:11
100749,10074902,25,2022,56,3,1,411,1997m9,1,312,1,2,1,1,340,1,3,4,,2024-04-17 20:11
100749,10074903,25,2022,21,4,,,,,,,1,1,2,,,,5,,2024-04-17 20:11
100750,10075001,25,2022,42,5,1,682,2020m1,1,274,1,1,1,1,500,1,2,3,,2024-04-17 20:11
100751,10075101,25,2022,51,4,1,381,2012m1,1,875,1,2,1,1,330,1,3,4,,2024-04-17 20:11
100751,10075102,25,2022,76,2,,,,,,,3,1,2,,,,4,,2024-04-17 20:11
100752,10075201,25,2022,43,5,,,,,,,2,8,2,,,,5,,2024-04-17 20:11
100752,10075202,25,2022,46,6,1,841,2008m8,1,311,1,2,8,1,400,1,3,5,,2024-04-17 20:11
100754,10075401,25,2022,65,3,,,,,,,2,1,2,,,,5,,2024-04-17 20:11
100754,10075402,25,2022,67,2,2,492,2015m6,4,875,2,2,1,1,250,,3,4,,2024-04-17 20:11
100755,10075501,25,2022,54,3,1,561,2021m3,1,441,1,2,8,1,300,2,3,5,,2024-04-17 20:11
100755,10075502,25,2022,52,3,1,474,2021m9,2,521,1,2,8,2,300,2,2,5,,2024-04-17 20:11
100755,10075504,25,2022,24,5,,,,,,,1,8,2,,,,5,,2024-04-17 20:11
100756,10075601,25,2022,83,2,,,,,,,2,1,1,,,,5,,2024-04-17 20:11
100756,10075602,25,2022,80,1,,,,,,,2,1,2,,,,4,,2024-04-17 20:11
100757,10075701,25,2022,67,3,1,872,2022m5,2,421,1,3,1,2,70,2,2,6,,2024-04-17 20:11
100758,10075802,25,2022,51,3,1,479,2018m5,3,922,1,3,1,2,240,2,3,5,,2024-04-17 20:11
100758,10075803,25,2022,25,3,1,762,2022m1,2,522,1,1,1,1,140,2,3,5,,2024-04-17 20:11
100758,10075804,25,2022,21,3,1,581,2022m1,1,281,1,1,1,1,315,1,2,5,,2024-04-17 20:11
100759,10075901,25,2022,53,3,2,742,2019m10,4,941,2,2,1,1,200,,2,4,,2024-04-17 20:11
100759,10075902,25,2022,51,3,1,862,2015m9,1,246,1,2,1,2,191,1,2,3,,2024-04-17 20:11
100760,10076001,25,2022,59,2,1,411,2015m7,3,782,1,2,1,1,250,2,4,5,,2024-04-17 20:11
100760,10076002,25,2022,55,3,,,,,,,2,1,2,,,,5,,2024-04-17 20:11
100760,10076003,25,2022,29,5,1,464,2019m1,1,242,1,1,1,2,180,1,3,5,,2024-04-17 20:11
100760,10076004,25,2022,26,5,1,911,2020m3,1,312,1,1,1,2,181,1,3,5,,2024-04-17 20:11
100761,10076101,25,2022,65,2,2,467,2005m12,4,941,2,2,1,1,20,,3,6,,2024-04-17 20:11
100761,10076102,25,2022,37,2,,,,,,,2,1,2,,,,6,,2024-04-17 20:11
100762,10076201,25,2022,73,2,,,,,,,3,1,2,,,,4,,2024-04-17 20:11
100763,10076301,25,2022,84,2,,,,,,,3,1,2,,,,5,,2024-04-17 20:11
100764,10076401,25,2022,76,1,,,,,,,3,8,2,,,,5,,2024-04-17 20:11
100765,10076502,25,2022,45,5,,,,,,,2,8,2,,,,5,,2024-04-17 20:11
100765,10076503,25,2022,19,2,,,,,,,1,8,1,,,,5,,2024-04-17 20:11
100765,10076504,25,2022,16,2,,,,,,,1,8,2,,,,5,,2024-04-17 20:11
100766,10076602,25,2022,82,1,,,,,,,3,8,2,,,,6,,2024-04-17 20:11
100767,10076701,25,2022,86,2,,,,,,,2,8,1,,,,5,,2024-04-17 20:11
100767,10076702,25,2022,78,2,,,,,,,2,8,2,,,,5,,2024-04-17 20:11
100768,10076801,25,2022,78,2,,,,,,,2,1,1,,,,5,,2024-04-17 20:11
100768,10076802,25,2022,73,2,,,,,,,2,1,2,,,,6,,2024-04-17 20:11
100768,10076803,25,2022,43,3,,,,,,,2,1,2,,,,4,,2024-04-17 20:11
100768,10076804,25,2022,45,3,1,106,2015m5,1,811,1,2,1,1,210,1,3,4,,2024-04-17 20:11
110366,10076901,25,2022,82,3,1,851,2019m7,2,941,1,3,1,2,27,2,2,6,,2024-04-17 20:11
100769,10076902,25,2022,58,3,1,872,2018m8,2,441,1,3,1,2,95,2,3,5,,2024-04-17 20:11
100769,10076904,25,2022,24,4,2,493,2022m2,4,922,2,1,1,1,400,,3,5,,2024-04-17 20:11
100771,10077102,25,2022,76,2,3,472,1970m3,5,521,2,3,1,2,,,3,5,,2024-04-17 20:11
100771,10077103,25,2022,49,5,1,841,2019m4,1,873,1,1,1,1,240,1,3,5,,2024-04-17 20:11
100772,10077202,25,2022,73,2,2,472,2017m1,4,521,2,3,1,2,80,,3,4,,2024-04-17 20:11
100773,10077301,25,2022,61,3,2,493,2003m1,4,875,2,2,1,1,200,,3,5,,2024-04-17 20:11
100773,10077302,25,2022,53,3,1,949,2021m1,2,312,1,2,1,2,171,2,2,5,,2024-04-17 20:11
100773,10077303,25,2022,26,3,,,,,,,1,1,2,,,,5,,2024-04-17 20:11
110277,10077304,25,2022,24,4,1,474,2019m11,2,521,1,3,1,2,80,2,3,5,,2024-04-17 20:11
100774,10077401,25,2022,72,2,,,,,,,2,1,1,,,,5,,2024-04-17 20:11
100774,10077402,25,2022,68,2,,,,,,,2,1,2,,,,5,,2024-04-17 20:11
100776,10077601,25,2022,48,6,1,272,2012m7,1,274,1,2,1,1,500,1,3,4,,2024-04-17 20:11
100776,10077602,25,2022,48,6,1,851,2012m3,2,421,1,2,1,2,100,2,3,4,,2024-04-17 20:11
100776,10077603,25,2022,21,4,,,,,,,1,1,2,,,,4,,2024-04-17 20:11
100776,10077604,25,2022,18,2,,,,,,,1,1,1,,,,4,,2024-04-17 20:11
110057,10077703,25,2022,41,6,,,,,,,2,8,2,,,,3,,2024-04-17 20:11
110184,10077704,25,2022,37,6,1,411,2011m7,1,314,1,2,8,1,700,1,3,3,,2024-04-17 20:11
100778,10077801,25,2022,76,2,,,,,,,2,1,1,,,,3,,2024-04-17 20:11
100778,10077802,25,2022,77,2,,,,,,,2,1,2,,,,4,,2024-04-17 20:11
100781,10078101,25,2022,55,6,,,,,,,2,1,1,,,,4,,2024-04-17 20:11
100781,10078102,25,2022,54,6,,,,,,,2,1,2,,,,4,,2024-04-17 20:11
110339,10078103,25,2022,29,6,,,,,,,2,1,2,,,,3,,2024-04-17 20:11
100781,10078104,25,2022,27,6,,,,,,,1,1,1,,,,4,,2024-04-17 20:11
100783,10078301,25,2022,38,5,1,751,2009m10,1,312,1,2,8,2,350,1,3,4,,2024-04-17 20:11
100785,10078501,25,2022,51,6,1,264,2000m1,1,285,1,2,8,1,750,1,3,2,,2024-04-17 20:11
100785,10078502,25,2022,48,6,,,,,,,2,8,2,,,,2,,2024-04-17 20:11
100785,10078503,25,2022,18,2,,,,,,,1,8,1,,,,2,,2024-04-17 20:11
100785,10078504,25,2022,15,2,,,,,,,1,8,2,,,,3,,2024-04-17 20:11
100786,10078602,25,2022,79,2,,,,,,,3,1,2,,,,4,,2024-04-17 20:11
100788,10078801,25,2022,65,6,,,,,,,3,8,1,,,,5,,2024-04-17 20:11
110413,10078802,25,2022,31,6,1,853,2022m3,2,251,1,1,8,1,500,2,2,5,,2024-04-17 20:11
100791,10079101,25,2022,49,3,2,421,,4,782,2,2,8,1,1000,,2,3,,2024-04-17 20:11
100791,10079102,25,2022,51,6,,,,,,,2,8,2,,,,3,,2024-04-17 20:11
100791,10079103,25,2022,24,6,1,872,2022m3,1,312,1,1,8,1,250,1,2,3,,2024-04-17 20:11
100792,10079201,25,2022,59,3,1,411,2013m4,3,782,1,2,1,1,480,2,3,5,,2024-04-17 20:11
100792,10079202,25,2022,60,3,1,561,2005m8,1,442,1,2,1,2,210,2,3,5,,2024-04-17 20:11
100794,10079401,25,2022,68,2,,,,,,,1,1,1,,,,6,,2024-04-17 20:11
100795,10079501,25,2022,43,5,1,872,2020m12,1,247,1,2,1,2,200,1,3,4,,2024-04-17 20:11
100795,10079502,25,2022,44,5,1,285,2017m6,1,312,1,2,1,1,300,1,3,4,,2024-04-17 20:11
100796,10079602,25,2022,86,2,,,,,,,3,1,2,,,,4,,2024-04-17 20:11
100797,10079701,25,2022,81,3,,,,,,,2,1,1,,,,4,,2024-04-17 20:11
100797,10079702,25,2022,80,2,1,651,1983m1,2,510,1,2,1,2,80,2,3,5,,2024-04-17 20:11
100798,10079801,25,2022,49,6,1,721,2016m3,1,231,1,2,8,1,550,1,2,5,,2024-04-17 20:11
100798,10079802,25,2022,46,5,,,,,,,2,8,2,,,,5,,2024-04-17 20:11
100800,10080001,25,2022,56,6,1,411,2015m3,1,141,1,2,5,1,400,1,3,4,,2024-04-17 20:11
100800,10080002,25,2022,51,5,,,,,,,2,5,2,,,,4,,2024-04-17 20:11
100800,10080003,25,2022,28,5,,,,,,,1,5,1,,,,4,,2024-04-17 20:11
100800,10080004,25,2022,22,4,,,,,,,1,5,2,,,,4,,2024-04-17 20:11
100801,10080101,25,2022,71,3,1,681,2017m6,1,942,1,2,1,1,150,2,3,4,,2024-04-17 20:11
100801,10080102,25,2022,70,2,,,,,,,2,1,2,,,,4,,2024-04-17 20:11
110095,10080103,25,2022,41,6,,,,,,,2,1,2,,,,4,,2024-04-17 20:11
100803,10080302,25,2022,70,2,,,,,,,2,8,2,,,,5,,2024-04-17 20:11
100803,10080304,25,2022,70,3,1,492,2014m4,1,875,1,2,8,1,130,2,3,5,,2024-04-17 20:11
100804,10080402,25,2022,84,2,,,,,,,3,1,2,,,,6,,2024-04-17 20:11
100805,10080501,25,2022,47,3,1,423,2003m6,1,762,1,2,1,1,380,1,2,4,,2024-04-17 20:11
100805,10080502,25,2022,48,3,1,141,2021m10,1,721,1,2,1,2,220,1,3,4,,2024-04-17 20:11
100805,10080503,25,2022,23,3,,,,,,,1,1,1,,,,4,,2024-04-17 20:11
100805,10080504,25,2022,19,3,,,,,,,1,1,1,,,,5,,2024-04-17 20:11
100808,10080801,25,2022,44,5,2,493,2016m7,4,922,2,2,1,1,300,,3,5,,2024-04-17 20:11
100808,10080802,25,2022,43,5,,,,,,,2,1,2,,,,5,,2024-04-17 20:11
100809,10080901,25,2022,63,2,1,303,1998m3,1,753,1,2,1,1,300,1,3,5,,2024-04-17 20:11
100809,10080902,25,2022,53,2,,,,,,,2,1,2,,,,5,,2024-04-17 20:11
100809,10080903,25,2022,33,5,1,872,2022m3,1,247,1,1,1,2,280,1,3,5,,2024-04-17 20:11
100809,10080904,25,2022,31,6,,,,,,,1,1,1,,,,5,,2024-04-17 20:11
100810,10081001,25,2022,87,3,,,,,,,3,1,1,,,,6,,2024-04-17 20:11
100811,10081101,25,2022,83,2,,,,,,,2,1,1,,,,6,,2024-04-17 20:11
100811,10081102,25,2022,79,2,,,,,,,2,1,2,,,,6,,2024-04-17 20:11
100811,10081103,25,2022,50,3,,,,,,,1,1,1,,,,6,,2024-04-17 20:11
100813,10081301,25,2022,71,2,,,,,,,2,1,1,,,,5,,2024-04-17 20:11
100813,10081302,25,2022,69,2,1,970,2018m2,3,951,1,2,1,2,85,2,3,5,,2024-04-17 20:11
100813,10081304,25,2022,36,5,1,473,2011m1,1,531,1,1,1,2,250,1,3,5,,2024-04-17 20:11
100817,10081701,25,2022,65,2,,,,,,,2,8,1,,,,5,,2024-04-17 20:11
100817,10081702,25,2022,53,2,1,561,2019m3,1,952,1,2,8,2,225,1,3,5,,2024-04-17 20:11
100817,10081703,25,2022,19,3,,,,,,,1,8,1,,,,5,,2024-04-17 20:11
100818,10081801,25,2022,66,3,,,,,,,3,10,2,,,,5,,2024-04-17 20:11
100819,10081901,25,2022,50,3,1,311,2015m4,1,743,1,2,7,1,270,1,3,5,,2024-04-17 20:11
100819,10081902,25,2022,51,3,1,303,2018m3,2,854,1,2,7,2,180,2,3,5,,2024-04-17 20:11
100819,10081903,25,2022,19,3,1,561,2022m1,1,441,1,1,7,2,190,1,3,5,,2024-04-17 20:11
100819,10081904,25,2022,15,2,,,,,,,1,7,2,,,,4,,2024-04-17 20:11
100820,10082001,25,2022,41,3,1,242,2010m11,1,841,1,2,7,1,700,1,2,3,,2024-04-17 20:11
100820,10082002,25,2022,40,5,1,852,2015m11,2,254,1,2,7,2,45,2,3,3,,2024-04-17 20:11
100821,10082101,25,2022,59,3,2,424,2003m3,4,783,2,2,7,1,300,,3,6,,2024-04-17 20:11
100821,10082102,25,2022,55,3,1,471,2018m3,1,521,1,2,7,2,100,2,3,5,,2024-04-17 20:11
100821,10082103,25,2022,30,5,1,861,2019m12,1,243,1,1,7,2,220,1,3,5,,2024-04-17 20:11
100821,10082104,25,2022,28,3,1,424,2018m1,1,783,1,1,7,1,150,1,3,5,,2024-04-17 20:11
100822,10082201,25,2022,56,3,1,423,2020m6,1,762,1,2,7,1,250,2,3,5,,2024-04-17 20:11
100822,10082202,25,2022,53,3,1,872,2021m1,2,421,1,2,7,2,150,2,2,5,,2024-04-17 20:11
100822,10082203,25,2022,26,5,1,851,2018m3,1,253,1,1,7,2,180,1,3,5,,2024-04-17 20:11
100822,10082204,25,2022,24,3,1,472,2020m5,1,710,1,1,7,1,230,1,3,5,,2024-04-17 20:11
100824,10082401,25,2022,48,6,1,466,2010m1,1,312,1,3,7,2,,1,2,4,,2024-04-17 20:11
100825,10082501,25,2022,42,6,1,291,2010m12,1,312,1,2,7,1,380,1,2,4,,2024-04-17 20:11
100825,10082502,25,2022,41,6,1,872,2020m3,2,247,1,2,7,2,150,2,2,4,,2024-04-17 20:11
100827,10082701,25,2022,64,5,1,492,2005m7,1,875,1,2,7,1,200,1,2,5,,2024-04-17 20:11
100827,10082702,25,2022,63,3,1,561,2013m7,3,952,1,2,7,2,120,2,2,5,,2024-04-17 20:11
110367,10082703,25,2022,33,6,1,303,2017m4,2,930,1,1,15,1,375,2,2,5,,2024-04-17 20:11
100830,10083001,25,2022,67,2,,,,,,,3,7,2,,,,5,,2024-04-17 20:11
100831,10083101,25,2022,73,3,1,753,2011m2,1,942,1,2,5,1,225,2,3,4,,2024-04-17 20:11
100831,10083102,25,2022,66,3,1,969,2019m9,3,421,1,2,5,2,98,2,2,5,,2024-04-17 20:11
110211,10083103,25,2022,39,6,1,721,2019m5,1,234,1,2,8,1,600,1,2,4,,2024-04-17 20:11
100832,10083201,25,2022,53,2,1,492,2019m1,1,873,1,2,5,1,400,1,3,5,,2024-04-17 20:11
100832,10083202,25,2022,52,2,,,,,,,2,5,2,,,,4,,2024-04-17 20:11
100832,10083203,25,2022,15,2,,,,,,,1,5,2,,,,5,,2024-04-17 20:11
100834,10083401,25,2022,55,6,1,478,2022m8,1,246,1,2,5,1,278,1,3,5,,2024-04-17 20:11
100834,10083402,25,2022,28,3,,,,,,,1,5,2,,,,5,,2024-04-17 20:11
100836,10083601,25,2022,50,3,2,11,1998m3,4,612,2,2,5,1,260,,3,5,,2024-04-17 20:11
100836,10083602,25,2022,50,3,1,291,2013m12,2,761,1,2,5,2,200,2,3,5,,2024-04-17 20:11
100836,10083603,25,2022,23,4,1,471,2019m10,2,521,1,1,5,2,75,2,3,6,,2024-04-17 20:11
100837,10083701,25,2022,43,5,2,961,2008m5,4,422,2,1,5,2,300,,2,4,,2024-04-17 20:11
100838,10083801,25,2022,88,2,,,,,,,3,5,2,,,,5,,2024-04-17 20:11
100840,10084001,25,2022,47,6,1,855,2022m5,1,224,1,2,5,1,600,1,2,5,,2024-04-17 20:11
100840,10084002,25,2022,49,3,1,851,2022m6,2,799,1,2,5,2,58,2,3,5,,2024-04-17 20:11
100840,10084003,25,2022,19,2,,,,,,,1,5,2,,,,5,,2024-04-17 20:11
100841,10084101,25,2022,48,6,1,521,2022m2,1,236,1,2,12,1,1333,1,3,4,,2024-04-17 20:11
100841,10084102,25,2022,48,6,,,,,,,2,12,2,,,,3,,2024-04-17 20:11
100841,10084103,25,2022,18,2,,,,,,,1,12,2,,,,3,,2024-04-17 20:11
100841,10084104,25,2022,15,2,,,,,,,1,12,1,,,,4,,2024-04-17 20:11
100842,10084201,25,2022,50,6,2,951,2006m2,4,771,2,2,8,1,200,,3,5,,2024-04-17 20:11
100842,10084202,25,2022,46,3,1,862,2017m5,1,245,1,2,8,2,215,1,3,5,,2024-04-17 20:11
100842,10084203,25,2022,16,2,,,,,,,1,8,2,,,,5,,2024-04-17 20:11
100842,10084204,25,2022,16,2,,,,,,,1,8,2,,,,4,,2024-04-17 20:11
110085,10084303,25,2022,38,4,1,855,2019m10,1,254,1,2,5,2,480,2,2,4,,2024-04-17 20:11
100844,10084401,25,2022,50,6,1,301,2003m5,1,312,1,2,5,1,600,1,3,4,,2024-04-17 20:11
100844,10084402,25,2022,48,5,2,478,2020m6,4,246,2,2,5,2,1000,,2,3,,2024-04-17 20:11
100844,10084403,25,2022,18,2,,,,,,,1,5,2,,,,4,,2024-04-17 20:11
100847,10084702,25,2022,71,2,,,,,,,3,8,2,,,,5,,2024-04-17 20:11
100849,10084901,25,2022,48,3,1,466,2004m7,1,312,1,2,5,1,480,1,3,4,,2024-04-17 20:11
100849,10084902,25,2022,47,3,1,759,1999m7,1,312,1,2,5,2,570,1,2,4,,2024-04-17 20:11
100849,10084903,25,2022,17,2,,,,,,,1,5,2,,,,4,,2024-04-17 20:11
100850,10085002,25,2022,64,2,1,561,2022m1,2,952,1,3,5,2,158,2,3,5,,2024-04-17 20:11
100851,10085101,25,2022,59,3,1,422,2022m6,1,753,1,2,5,1,398,1,3,5,,2024-04-17 20:11
100851,10085102,25,2022,55,3,2,479,2019m7,4,532,2,2,5,2,250,,3,5,,2024-04-17 20:11
100852,10085201,25,2022,44,3,1,759,2021m8,1,531,1,3,5,2,250,2,3,6,,2024-04-17 20:11
100852,10085202,25,2022,19,4,,,,,,,1,5,2,,,,5,,2024-04-17 20:11
100853,10085301,25,2022,53,3,2,529,2005m4,4,312,2,2,5,1,500,,3,5,,2024-04-17 20:11
100853,10085302,25,2022,47,3,1,852,2014m3,1,441,1,2,5,2,221,2,3,4,,2024-04-17 20:11
100853,10085303,25,2022,21,4,,,,,,,1,5,1,,,,5,,2024-04-17 20:11
100853,10085304,25,2022,20,4,,,,,,,1,5,2,,,,4,,2024-04-17 20:11
100853,10085305,25,2022,18,3,,,,,,,1,5,2,,,,4,,2024-04-17 20:11
100854,10085401,25,2022,55,3,1,291,2020m10,3,854,1,2,5,1,306,2,3,5,,2024-04-17 20:11
100854,10085402,25,2022,51,3,1,303,2011m4,1,741,1,2,5,2,230,1,3,5,,2024-04-17 20:11
100854,10085403,25,2022,27,6,1,262,2018m7,1,222,1,1,5,2,380,1,3,5,,2024-04-17 20:11
100854,10085404,25,2022,24,3,,,,,,,1,5,1,,,,5,,2024-04-17 20:11
100856,10085601,25,2022,51,3,1,424,2016m6,3,783,1,2,5,1,250,2,3,5,,2024-04-17 20:11
100856,10085602,25,2022,51,6,1,872,2018m4,2,247,1,2,5,2,225,2,3,5,,2024-04-17 20:11
100856,10085603,25,2022,17,2,,,,,,,1,5,2,,,,4,,2024-04-17 20:11
100856,10085604,25,2022,16,2,,,,,,,1,5,1,,,,4,,2024-04-17 20:11
100857,10085701,25,2022,43,3,2,472,2021m1,4,521,2,2,5,1,3500,,1,3,,2024-04-17 20:11
100857,10085702,25,2022,43,5,,,,,,,2,5,2,,,,3,,2024-04-17 20:11
100857,10085703,25,2022,15,2,,,,,,,1,5,2,,,,3,,2024-04-17 20:11
100858,10085801,25,2022,60,2,1,411,2020m6,3,910,1,2,5,1,197,2,3,4,,2024-04-17 20:11
100858,10085802,25,2022,58,2,,,,,,,2,5,2,,,,3,,2024-04-17 20:11
110414,10085803,25,2022,30,6,1,861,2019m6,1,312,1,2,1,2,270,1,3,4,,2024-04-17 20:11
100858,10085804,25,2022,26,3,1,562,2020m6,2,442,1,1,5,1,100,2,2,4,,2024-04-17 20:11
100859,10085901,25,2022,67,2,1,742,2017m6,3,941,1,2,5,1,290,2,2,4,,2024-04-17 20:11
100859,10085902,25,2022,64,2,1,259,1998m3,1,842,1,2,5,2,198,1,3,4,,2024-04-17 20:11
100860,10086001,25,2022,55,5,2,492,2021m4,4,873,2,2,5,1,500,,2,4,,2024-04-17 20:11
100860,10086002,25,2022,51,3,,,,,,,2,5,2,,,,4,,2024-04-17 20:11
100860,10086003,25,2022,24,4,1,856,2021m12,2,254,1,1,5,1,290,2,2,3,,2024-04-17 20:11
100860,10086004,25,2022,21,4,,,,,,,1,5,2,,,,4,,2024-04-17 20:11
100861,10086101,25,2022,59,3,2,911,2020m3,4,432,2,2,5,1,300,,2,5,,2024-04-17 20:11
100861,10086102,25,2022,57,3,1,969,2021m6,2,951,1,2,5,2,120,2,3,5,,2024-04-17 20:11
100861,10086103,25,2022,28,5,,,,,,,1,5,2,,,,4,,2024-04-17 20:11
100861,10086104,25,2022,27,6,,,,,,,1,5,1,,,,4,,2024-04-17 20:11
100862,10086201,25,2022,46,5,1,464,2020m7,1,762,1,2,5,1,345,2,3,5,,2024-04-17 20:11
100862,10086202,25,2022,49,6,,,,,,,2,5,2,,,,5,,2024-04-17 20:11
100862,10086203,25,2022,19,4,,,,,,,1,5,2,,,,5,,2024-04-17 20:11
110019,10086204,25,2022,81,2,,,,,,,3,5,2,,,,5,,2024-04-17 20:11
100864,10086401,25,2022,59,3,2,713,1995m3,4,521,2,2,15,1,600,,2,3,,2024-04-17 20:11
100864,10086402,25,2022,57,2,2,11,2021m10,4,611,2,2,15,2,30,,2,4,,2024-04-17 20:11
100865,10086501,25,2022,61,6,1,969,2016m5,2,421,1,3,13,2,60,2,3,3,,2024-04-17 20:11
110151,10086502,25,2022,36,6,1,852,2014m3,1,252,1,2,13,2,450,1,3,3,,2024-04-17 20:11
110307,10086503,25,2022,35,6,1,741,2019m9,1,753,1,2,13,1,300,1,3,3,,2024-04-17 20:11
110307,10086504,25,2022,34,3,1,411,2012m10,1,392,1,2,13,2,330,1,3,4,,2024-04-17 20:11
100866,10086601,25,2022,55,4,2,561,2018m10,4,441,2,2,13,1,800,,3,4,,2024-04-17 20:11
100866,10086602,25,2022,58,3,3,561,2017m2,5,441,2,2,13,2,,,3,4,,2024-04-17 20:11
100866,10086603,25,2022,30,6,3,561,2018m9,5,922,2,1,13,2,,,3,4,,2024-04-17 20:11
100867,10086701,25,2022,59,3,2,494,2006m1,4,922,2,2,13,1,500,,3,3,,2024-04-17 20:11
100867,10086702,25,2022,55,3,2,11,2011m11,4,611,2,2,13,2,50,,3,3,,2024-04-17 20:11
100867,10086703,25,2022,29,6,1,259,2019m6,1,239,1,1,13,2,220,1,3,3,,2024-04-17 20:11
100868,10086801,25,2022,60,3,1,561,1997m11,1,442,1,3,13,2,180,1,3,4,,2024-04-17 20:11
110115,10086802,25,2022,32,5,1,262,2013m8,1,753,1,2,8,1,480,1,2,5,,2024-04-17 20:11
100868,10086803,25,2022,29,5,1,351,2020m11,1,762,1,1,13,1,350,1,2,4,,2024-04-17 20:11
100869,10086901,25,2022,82,2,2,472,2004m3,4,710,2,3,13,2,30,,3,4,,2024-04-17 20:11
100870,10087002,25,2022,73,2,1,551,2017m9,1,941,1,3,13,2,190,1,2,3,,2024-04-17 20:11
100871,10087102,25,2022,88,2,,,,,,,3,13,2,,,,4,,2024-04-17 20:11
110244,10087103,25,2022,51,5,1,942,2015m3,1,313,1,2,13,1,330,1,3,4,,2024-04-17 20:11
100872,10087201,25,2022,56,2,2,969,2018m12,4,429,2,2,13,1,50,,3,4,,2024-04-17 20:11
100872,10087202,25,2022,53,3,1,551,2022m1,2,941,1,2,13,2,150,2,3,4,,2024-04-17 20:11
100872,10087203,25,2022,27,5,1,872,2020m2,1,247,1,1,13,2,200,1,3,4,,2024-04-17 20:11
100872,10087204,25,2022,20,4,,,,,,,1,13,2,,,,4,,2024-04-17 20:11
100873,10087301,25,2022,46,4,1,753,2016m4,1,942,1,1,13,1,320,1,3,4,,2024-04-17 20:11
100874,10087402,25,2022,82,2,,,,,,,3,12,2,,,,4,,2024-04-17 20:11
100876,10087601,25,2022,61,6,1,284,2016m8,1,510,1,2,19,1,200,1,3,4,,2024-04-17 20:11
100876,10087602,25,2022,61,5,1,969,2018m11,3,951,1,2,19,2,100,2,2,4,,2024-04-17 20:11
100876,10087603,25,2022,32,6,1,841,2022m1,1,311,1,1,19,1,245,1,2,4,,2024-04-17 20:11
100876,10087604,25,2022,30,6,1,861,2018m9,1,243,1,1,19,1,330,1,3,4,,2024-04-17 20:11
100880,10088001,25,2022,87,3,2,478,1964m4,4,521,2,2,12,1,300,,2,3,,2024-04-17 20:11
100880,10088002,25,2022,78,2,,,,,,,2,12,2,,,,3,,2024-04-17 20:11
110168,10088101,25,2022,46,5,,,,,,,2,16,2,,,,2,,2024-04-17 20:11
100883,10088302,25,2022,63,3,2,11,2016m3,5,611,2,3,16,2,,,4,3,,2024-04-17 20:11
100883,10088304,25,2022,38,6,,,,,,,1,16,2,,,,5,,2024-04-17 20:11
100886,10088601,25,2022,63,2,,,,,,,2,16,2,,,,2,,2024-04-17 20:11
100886,10088602,25,2022,31,6,,,,,,,1,16,2,,,,4,,2024-04-17 20:11
100886,10088603,25,2022,57,3,2,31,1990m3,4,630,2,2,16,1,260,,4,4,,2024-04-17 20:11
100887,10088701,25,2022,75,2,2,479,1999m4,4,532,2,2,16,1,78,,4,4,,2024-04-17 20:11
100887,10088702,25,2022,66,2,,,,,,,2,16,2,,,,4,,2024-04-17 20:11
100890,10089001,25,2022,63,3,,,,,,,3,16,1,,,,3,,2024-04-17 20:11
110324,10089002,25,2022,68,3,,,,,,,3,16,2,,,,6,,2024-04-17 20:11
100890,10089005,25,2022,92,1,,,,,,,3,16,2,,,,2,,2024-04-17 20:11
100890,10089006,25,2022,32,5,1,721,2020m3,1,312,1,1,16,2,220,1,4,3,,2024-04-17 20:11
100891,10089101,25,2022,67,3,,,,,,,2,16,1,,,,4,,2024-04-17 20:11
100891,10089102,25,2022,65,2,1,871,2015m9,1,429,1,2,16,2,170,1,3,5,,2024-04-17 20:11
110368,10089105,25,2022,29,6,1,869,2017m11,1,246,1,2,16,2,300,1,3,5,,2024-04-17 20:11
100892,10089202,25,2022,50,4,1,911,2022m4,1,432,1,3,16,2,290,1,3,5,,2024-04-17 20:11
100893,10089301,25,2022,63,3,,,,,,,2,16,1,,,,6,,2024-04-17 20:11
100893,10089302,25,2022,62,3,1,861,2021m4,1,246,1,2,16,2,230,1,3,4,,2024-04-17 20:11
110131,10089303,25,2022,37,6,1,620,2013m4,1,223,1,2,16,1,282,1,4,2,,2024-04-17 20:11
100893,10089306,25,2022,53,2,,,,,,,1,16,1,,,,3,,2024-04-17 20:11
100895,10089501,25,2022,67,3,2,492,2011m1,4,875,2,2,16,1,100,,4,4,,2024-04-17 20:11
100895,10089502,25,2022,64,3,,,,,,,2,16,2,,,,4,,2024-04-17 20:11
100896,10089601,25,2022,56,6,1,872,2007m6,1,875,1,2,16,1,120,1,4,2,,2024-04-17 20:11
100896,10089602,25,2022,52,6,1,872,2019m4,1,421,1,2,16,2,130,2,4,3,,2024-04-17 20:11
100896,10089604,25,2022,20,4,,,,,,,1,16,1,,,,5,,2024-04-17 20:11
100897,10089701,25,2022,45,5,1,841,1999m1,1,992,1,2,16,1,270,1,2,3,,2024-04-17 20:11
100897,10089702,25,2022,39,4,,,,,,,2,16,2,,,,3,,2024-04-17 20:11
100897,10089703,25,2022,15,2,,,,,,,1,16,1,,,,2,,2024-04-17 20:11
100900,10090001,25,2022,60,6,,,,,,,2,16,1,,,,3,,2024-04-17 20:11
100900,10090002,25,2022,58,6,1,478,2014m9,1,314,1,2,16,2,250,2,4,3,,2024-04-17 20:11
100900,10090003,25,2022,26,6,1,871,2018m3,1,421,1,1,16,2,240,1,4,4,,2024-04-17 20:11
100901,10090101,25,2022,66,3,1,872,2020m6,1,421,1,3,11,2,81,2,3,5,,2024-04-17 20:11
110116,10090102,25,2022,36,4,1,351,2015m10,1,762,1,2,19,1,360,1,3,4,,2024-04-17 20:11
100901,10090103,25,2022,30,4,2,949,2020m5,4,312,2,1,11,2,50,,3,4,,2024-04-17 20:11
100902,10090201,25,2022,49,3,2,912,2018m3,4,432,2,2,11,1,400,,3,4,,2024-04-17 20:11
100902,10090202,25,2022,49,3,3,912,2018m3,5,432,2,2,11,2,,,4,4,,2024-04-17 20:11
100902,10090203,25,2022,24,5,1,612,2020m4,1,772,1,1,11,1,250,2,3,4,,2024-04-17 20:11
100902,10090204,25,2022,23,5,1,851,2021m3,1,247,1,1,11,2,240,1,3,4,,2024-04-17 20:11
100903,10090301,25,2022,68,2,,,,,,,2,11,1,,,,4,,2024-04-17 20:11
100903,10090302,25,2022,67,2,1,551,2022m8,1,941,1,2,11,2,197,1,3,4,,2024-04-17 20:11
100904,10090401,25,2022,41,3,1,753,2002m2,1,942,1,2,11,1,390,1,3,4,,2024-04-17 20:11
100904,10090402,25,2022,41,4,1,471,2020m12,2,521,1,2,11,2,18,2,3,5,,2024-04-17 20:11
100904,10090403,25,2022,17,2,,,,,,,1,11,1,,,,4,,2024-04-17 20:11
100904,10090404,25,2022,15,2,,,,,,,1,11,1,,,,4,,2024-04-17 20:11
100905,10090501,25,2022,65,3,1,411,2020m3,3,782,1,3,11,1,397,2,3,5,,2024-04-17 20:11
110086,10090502,25,2022,64,3,2,562,2022m4,4,442,2,3,11,2,230,,3,4,,2024-04-17 20:11
110020,10090503,25,2022,41,6,1,312,2015m6,1,854,1,2,15,1,500,1,3,3,,2024-04-17 20:11
110415,10090504,25,2022,39,5,1,856,2006m9,1,862,1,1,11,1,305,2,2,5,,2024-04-17 20:11
100906,10090602,25,2022,75,2,,,,,,,3,11,2,,,,4,,2024-04-17 20:11
100908,10090802,25,2022,83,2,,,,,,,3,11,2,,,,5,,2024-04-17 20:11
100909,10090901,25,2022,81,3,2,11,1999m2,4,611,2,2,11,1,,,3,5,,2024-04-17 20:11
100909,10090902,25,2022,76,3,,,,,,,2,11,2,,,,5,,2024-04-17 20:11
100910,10091001,25,2022,33,6,1,467,2014m11,1,312,1,1,1,1,350,1,2,3,,2024-04-17 20:11
100911,10091101,25,2022,39,6,1,620,,1,223,1,2,1,1,350,1,2,4,,2024-04-17 20:11
100911,10091105,25,2022,34,6,,,,,,,2,1,2,,,,4,,2024-04-17 20:11
100912,10091201,25,2022,38,6,2,426,2021m1,4,875,2,1,9,1,500,,2,3,,2024-04-17 20:11
100913,10091301,25,2022,33,6,1,529,2022m6,2,312,1,2,8,2,180,2,3,4,,2024-04-17 20:11
100913,10091302,25,2022,38,5,1,741,2017m11,1,862,1,2,8,1,350,1,2,4,,2024-04-17 20:11
100914,10091401,25,2022,58,3,,,,,,,2,11,1,,,,5,,2024-04-17 20:11
100914,10091402,25,2022,54,3,1,751,2020m5,3,753,1,2,11,2,178,2,3,4,,2024-04-17 20:11
100914,10091403,25,2022,32,5,1,259,2014m2,1,899,1,1,11,1,320,1,3,4,,2024-04-17 20:11
100914,10091404,25,2022,29,3,,,,,,,1,11,2,,,,4,,2024-04-17 20:11
100915,10091501,25,2022,86,2,,,,,,,2,11,1,,,,6,,2024-04-17 20:11
100915,10091502,25,2022,78,2,,,,,,,2,11,2,,,,6,,2024-04-17 20:11
100916,10091601,25,2022,47,3,1,303,2013m5,1,141,1,2,11,1,695,1,2,3,,2024-04-17 20:11
100916,10091602,25,2022,51,3,,,,,,,2,11,2,,,,4,,2024-04-17 20:11
100916,10091603,25,2022,19,4,,,,,,,1,11,2,,,,3,,2024-04-17 20:11
100916,10091604,25,2022,15,2,,,,,,,1,11,1,,,,3,,2024-04-17 20:11
100917,10091701,25,2022,47,3,2,969,2019m7,4,873,2,1,5,1,200,,3,6,,2024-04-17 20:11
100918,10091801,25,2022,53,3,1,682,2020m9,1,312,1,2,8,2,170,2,2,4,,2024-04-17 20:11
100918,10091802,25,2022,60,3,1,411,2020m12,1,141,1,2,8,1,400,2,2,4,,2024-04-17 20:11
100918,10091803,25,2022,22,4,,,,,,,1,8,2,,,,5,,2024-04-17 20:11
100919,10091901,25,2022,57,6,1,872,2011m7,1,312,1,3,8,2,300,1,2,4,,2024-04-17 20:11
100920,10092001,25,2022,50,3,1,862,2017m4,1,245,1,2,8,2,100,2,3,4,,2024-04-17 20:11
100920,10092002,25,2022,54,3,1,411,2000m2,1,782,1,2,8,1,400,1,3,4,,2024-04-17 20:11
100920,10092003,25,2022,24,5,,,,,,,1,8,2,,,,5,,2024-04-17 20:11
100920,10092004,25,2022,22,4,,,,,,,1,8,1,,,,5,,2024-04-17 20:11
100921,10092101,25,2022,76,2,,,,,,,2,11,1,,,,4,,2024-04-17 20:11
100921,10092102,25,2022,76,2,,,,,,,2,11,2,,,,4,,2024-04-17 20:11
100923,10092301,25,2022,83,2,,,,,,,2,11,1,,,,5,,2024-04-17 20:11
100923,10092302,25,2022,75,1,,,,,,,2,11,2,,,,5,,2024-04-17 20:11
100924,10092401,25,2022,66,3,2,11,2012m8,4,611,2,2,10,1,600,,2,4,,2024-04-17 20:11
100924,10092402,25,2022,61,2,3,11,2012m8,5,611,2,2,10,2,,,2,4,,2024-04-17 20:11
110212,10092403,25,2022,35,6,1,465,2019m10,1,285,1,2,10,1,260,1,3,4,,2024-04-17 20:11
100925,10092501,25,2022,62,6,2,961,2017m3,4,422,2,2,10,1,300,,2,4,,2024-04-17 20:11
100925,10092502,25,2022,58,5,1,759,2015m5,1,521,1,2,10,2,250,2,2,4,,2024-04-17 20:11
110278,10092503,25,2022,31,6,1,211,2020m6,1,232,1,1,1,2,450,1,3,4,,2024-04-17 20:11
110279,10092504,25,2022,29,6,1,582,2021m5,1,312,1,1,1,1,330,1,2,5,,2024-04-17 20:11
100926,10092601,25,2022,57,3,1,162,1999m3,1,730,1,2,10,1,385,1,4,6,,2024-04-17 20:11
100926,10092602,25,2022,45,3,1,107,2020m11,1,899,1,2,10,2,195,1,3,3,,2024-04-17 20:11
100926,10092603,25,2022,18,2,,,,,,,1,10,1,,,,4,,2024-04-17 20:11
100927,10092701,25,2022,53,5,1,101,2004m5,1,762,1,2,10,1,350,1,3,5,,2024-04-17 20:11
100927,10092702,25,2022,51,5,1,711,2009m8,1,330,1,2,10,2,250,2,3,4,,2024-04-17 20:11
100927,10092704,25,2022,22,4,1,912,2022m3,2,521,1,1,10,1,200,2,3,4,,2024-04-17 20:11
100929,10092901,25,2022,86,2,1,872,2016m3,3,429,1,3,4,2,27,2,3,5,,2024-04-17 20:11
100930,10093001,25,2022,63,2,1,411,1992m3,3,782,1,1,12,1,360,2,3,4,,2024-04-17 20:11
100932,10093201,25,2022,74,3,1,842,2012m3,2,,1,2,10,1,66,2,3,4,,2024-04-17 20:11
100932,10093202,25,2022,68,2,1,11,2015m3,3,991,1,2,10,2,100,2,3,4,,2024-04-17 20:11
110087,10093203,25,2022,44,6,1,872,2013m2,1,311,1,2,10,1,340,1,2,4,,2024-04-17 20:11
100933,10093301,25,2022,86,2,,,,,,,3,9,2,,,,5,,2024-04-17 20:11
100934,10093401,25,2022,47,6,1,424,2018m11,1,783,1,3,9,1,300,1,3,6,,2024-04-17 20:11
110308,10093402,25,2022,42,5,2,651,2017m2,4,510,2,3,9,2,300,,3,6,,2024-04-17 20:11
100936,10093601,25,2022,80,2,2,11,1960m3,4,611,2,2,9,1,70,,3,5,,2024-04-17 20:11
100936,10093602,25,2022,64,2,,,,,,,2,9,2,,,,5,,2024-04-17 20:11
100937,10093701,25,2022,76,2,2,11,1996m5,4,611,2,3,9,1,50,,3,5,,2024-04-17 20:11
100938,10093801,25,2022,78,1,,,,,,,2,9,1,,,,6,,2024-04-17 20:11
100938,10093802,25,2022,73,2,,,,,,,2,9,2,,,,6,,2024-04-17 20:11
110416,10093803,25,2022,19,4,,,,,,,1,9,2,,,,5,,2024-04-17 20:11
110416,10093804,25,2022,17,2,,,,,,,1,9,2,,,,5,,2024-04-17 20:11
100940,10094001,25,2022,68,2,2,31,1988m6,4,630,2,2,9,1,100,,4,5,,2024-04-17 20:11
100940,10094002,25,2022,64,2,,,,,,,2,9,2,,,,5,,2024-04-17 20:11
100942,10094201,25,2022,71,2,,,,,,,3,9,2,,,,6,,2024-04-17 20:11
100943,10094301,25,2022,59,2,,,,,,,2,9,1,,,,6,,2024-04-17 20:11
100943,10094302,25,2022,54,3,1,102,2015m11,2,710,1,2,9,2,180,2,3,5,,2024-04-17 20:11
100944,10094401,25,2022,44,3,1,641,2005m4,1,320,1,2,1,2,350,1,2,3,,2024-04-17 20:11
100944,10094402,25,2022,48,5,2,465,2015m4,4,521,2,2,1,1,500,,3,3,,2024-04-17 20:11
100945,10094501,25,2022,52,3,1,759,2015m6,1,531,1,2,8,2,250,1,3,4,,2024-04-17 20:11
100945,10094503,25,2022,22,4,,,,,,,1,8,1,,,,4,,2024-04-17 20:11
100945,10094504,25,2022,55,3,1,411,2000m6,1,792,1,2,8,1,300,2,3,4,,2024-04-17 20:11
100946,10094601,25,2022,67,3,3,11,2020m3,5,611,2,2,9,1,,,3,5,,2024-04-17 20:11
100946,10094602,25,2022,67,2,2,11,2010m2,4,611,2,2,9,2,50,,3,5,,2024-04-17 20:11
100948,10094801,25,2022,80,2,1,841,2020m3,2,941,1,2,9,1,27,2,3,5,,2024-04-17 20:11
100948,10094802,25,2022,76,2,2,11,2017m3,4,611,2,2,9,2,30,,3,6,,2024-04-17 20:11
100950,10095001,25,2022,59,2,,,,,,,3,9,2,,,,6,,2024-04-17 20:11
100950,10095002,25,2022,35,3,1,303,2022m6,2,854,1,1,9,1,180,2,3,6,,2024-04-17 20:11
100951,10095101,25,2022,70,3,,,,,,,2,9,2,,,,5,,2024-04-17 20:11
100951,10095102,25,2022,69,3,,,,,,,2,9,1,,,,5,,2024-04-17 20:11
100953,10095301,25,2022,60,2,,,,,,,3,9,2,,,,4,,2024-04-17 20:11
100954,10095401,25,2022,46,3,2,251,2017m6,4,743,2,2,8,1,200,,4,5,,2024-04-17 20:11
100954,10095402,25,2022,50,3,1,861,2022m7,1,441,1,2,8,2,290,1,3,5,,2024-04-17 20:11
100954,10095403,25,2022,24,4,,,,,,,1,8,1,,,,5,,2024-04-17 20:11
100954,10095404,25,2022,23,4,,,,,,,1,8,2,,,,5,,2024-04-17 20:11
100954,10095405,25,2022,18,2,,,,,,,1,8,2,,,,5,,2024-04-17 20:11
100955,10095501,25,2022,75,2,2,11,1970m2,4,611,2,2,9,1,70,,3,5,,2024-04-17 20:11
100955,10095502,25,2022,67,2,,,,,,,2,9,2,,,,5,,2024-04-17 20:11
100956,10095601,25,2022,61,4,2,107,1982m4,4,710,2,2,9,1,300,,2,4,,2024-04-17 20:11
100956,10095602,25,2022,60,5,3,107,1990m10,5,710,2,2,9,2,,,2,4,,2024-04-17 20:11
100956,10095605,25,2022,25,4,,,,,,,1,9,1,,,,4,,2024-04-17 20:11
100957,10095701,25,2022,64,3,2,11,,4,611,2,2,9,1,60,,3,4,,2024-04-17 20:11
100957,10095702,25,2022,61,2,1,561,1998m7,1,441,1,2,9,2,240,1,2,4,,2024-04-17 20:11
100958,10095801,25,2022,85,4,,,,,,,2,9,1,,,,5,,2024-04-17 20:11
100958,10095802,25,2022,81,2,1,851,2021m3,3,952,1,2,9,2,27,2,3,5,,2024-04-17 20:11
100958,10095803,25,2022,54,3,,,,,,,3,9,1,,,,5,,2024-04-17 20:11
100958,10095804,25,2022,29,2,,,,,,,1,9,1,,,,4,,2024-04-17 20:11
100960,10096001,25,2022,55,5,2,421,2009m7,4,782,2,2,8,1,650,,2,4,,2024-04-17 20:11
100960,10096002,25,2022,50,4,,,,,,,2,8,2,,,,4,,2024-04-17 20:11
100961,10096101,25,2022,57,6,1,682,2020m11,2,762,1,2,8,1,245,2,3,6,,2024-04-17 20:11
100961,10096103,25,2022,24,4,,,,,,,1,8,1,,,,5,,2024-04-17 20:11
100962,10096201,25,2022,75,2,,,,,,,2,8,1,,,,5,,2024-04-17 20:11
100962,10096202,25,2022,69,3,,,,,,,2,8,2,,,,5,,2024-04-17 20:11
110132,10096203,25,2022,42,6,2,424,2020m1,4,312,2,2,8,1,1000,,2,4,,2024-04-17 20:11
100963,10096301,25,2022,54,6,2,561,2019m10,4,521,2,2,8,1,400,,2,5,,2024-04-17 20:11
100964,10096401,25,2022,68,6,1,857,2020m9,2,312,1,2,9,1,190,2,2,4,,2024-04-17 20:11
100964,10096402,25,2022,63,3,,,,,,,2,9,2,,,,4,,2024-04-17 20:11
100965,10096501,25,2022,71,5,1,382,2007m3,1,121,1,2,9,1,300,1,2,3,,2024-04-17 20:11
100965,10096502,25,2022,70,6,1,861,2020m11,1,421,1,2,9,2,250,1,2,3,,2024-04-17 20:11
100966,10096602,25,2022,56,2,,,,,,,2,8,2,,,,5,,2024-04-17 20:11
110328,10096603,25,2022,32,5,,,,,,,2,1,2,,,,4,,2024-04-17 20:11
100968,10096801,25,2022,73,2,,,,,,,2,8,1,,,,5,,2024-04-17 20:11
100968,10096802,25,2022,67,2,,,,,,,2,8,2,,,,5,,2024-04-17 20:11
110091,10096803,25,2022,45,3,1,239,2017m10,2,843,1,3,8,1,250,2,3,5,,2024-04-17 20:11
100969,10096901,25,2022,76,6,,,,,,,2,8,1,,,,5,,2024-04-17 20:11
100969,10096902,25,2022,71,2,,,,,,,2,8,2,,,,5,,2024-04-17 20:11
100970,10097002,25,2022,74,2,1,872,2021m7,2,900,1,3,12,2,27,2,3,4,,2024-04-17 20:11
100971,10097102,25,2022,84,3,,,,,,,3,8,1,,,,5,,2024-04-17 20:11
100972,10097201,25,2022,90,3,1,872,2020m9,2,432,1,3,8,1,27,2,2,5,,2024-04-17 20:11
100973,10097301,25,2022,50,3,2,259,2011m7,4,851,2,2,8,1,500,,2,4,,2024-04-17 20:11
100973,10097302,25,2022,49,6,1,872,2019m1,1,247,1,2,8,2,225,1,3,4,,2024-04-17 20:11
100973,10097303,25,2022,23,4,,,,,,,1,8,1,,,,4,,2024-04-17 20:11
100973,10097304,25,2022,20,4,,,,,,,1,8,1,,,,4,,2024-04-17 20:11
100975,10097501,25,2022,52,3,1,493,2016m5,1,875,1,3,8,1,200,2,3,5,,2024-04-17 20:11
100975,10097503,25,2022,26,3,1,682,2018m7,1,762,1,1,8,1,190,1,3,5,,2024-04-17 20:11
100975,10097504,25,2022,24,3,1,682,2017m6,1,762,1,1,8,1,190,2,3,5,,2024-04-17 20:11
100975,10097505,25,2022,15,2,,,,,,,1,8,1,,,,5,,2024-04-17 20:11
100975,10097506,25,2022,78,2,,,,,,,3,8,2,,,,5,,2024-04-17 20:11
100976,10097601,25,2022,62,2,1,970,2017m12,3,951,1,3,8,2,180,2,3,6,,2024-04-17 20:11
100976,10097602,25,2022,27,4,,,,,,,1,8,1,,,,6,,2024-04-17 20:11
100978,10097801,25,2022,75,2,,,,,,,3,8,2,,,,6,,2024-04-17 20:11
100981,10098101,25,2022,53,3,2,759,2013m1,4,284,2,3,8,1,300,,3,5,,2024-04-17 20:11
100982,10098201,25,2022,61,6,1,949,2008m1,1,248,1,2,8,1,400,1,2,5,,2024-04-17 20:11
100982,10098202,25,2022,57,6,,,,,,,2,8,2,,,,5,,2024-04-17 20:11
100982,10098203,25,2022,30,4,,,,,,,1,8,1,,,,5,,2024-04-17 20:11
100982,10098204,25,2022,27,6,1,582,2021m3,1,222,1,1,8,2,245,1,3,5,,2024-04-17 20:11
100982,10098205,25,2022,24,3,1,843,2021m3,1,980,1,1,8,1,195,1,3,5,,2024-04-17 20:11
100983,10098301,25,2022,76,2,,,,,,,3,15,2,,,,6,,2024-04-17 20:11
100984,10098401,25,2022,54,3,1,742,2008m2,1,941,1,2,8,1,250,1,3,4,,2024-04-17 20:11
100984,10098402,25,2022,51,3,1,851,2010m3,1,441,1,2,8,2,180,2,3,4,,2024-04-17 20:11
100984,10098403,25,2022,25,5,,,,,,,1,8,1,,,,5,,2024-04-17 20:11
100985,10098501,25,2022,46,6,1,851,1999m4,1,252,1,2,1,2,300,1,2,3,,2024-04-17 20:11
100985,10098502,25,2022,52,5,1,844,1999m3,1,311,1,2,1,1,400,1,2,3,,2024-04-17 20:11
100985,10098503,25,2022,19,4,1,562,2022m3,2,441,1,1,1,2,25,2,3,3,,2024-04-17 20:11
100985,10098504,25,2022,17,2,,,,,,,1,1,1,,,,3,,2024-04-17 20:11
100986,10098601,25,2022,54,3,,,,,,,2,8,2,,,,5,,2024-04-17 20:11
100986,10098602,25,2022,57,3,1,340,2021m1,1,753,1,2,8,1,340,2,3,5,,2024-04-17 20:11
100988,10098801,25,2022,45,5,1,301,2002m3,1,854,1,2,8,1,400,1,2,3,,2024-04-17 20:11
100988,10098802,25,2022,43,5,1,641,2005m4,1,320,1,2,8,2,300,1,3,2,,2024-04-17 20:11
100988,10098803,25,2022,15,2,,,,,,,1,8,2,,,,3,,2024-04-17 20:11
100989,10098902,25,2022,73,2,,,,,,,2,8,2,,,,4,,2024-04-17 20:11
110021,10098903,25,2022,51,5,3,291,2017m6,5,313,2,2,8,2,,,3,5,,2024-04-17 20:11
110417,10098905,25,2022,20,3,1,969,2021m10,2,951,1,1,8,2,80,2,2,6,,2024-04-17 20:11
100990,10099001,25,2022,88,2,,,,,,,3,8,1,,,,6,,2024-04-17 20:11
100991,10099101,25,2022,61,2,1,492,2013m1,1,875,1,2,8,1,300,1,3,4,,2024-04-17 20:11
100991,10099102,25,2022,64,2,2,478,2005m12,4,521,2,2,8,2,150,,2,4,,2024-04-17 20:11
110392,10099103,25,2022,33,6,,,,,,,2,8,2,,,,5,,2024-04-17 20:11
100992,10099201,25,2022,69,3,1,851,2017m3,2,,1,2,15,1,84,2,3,5,,2024-04-17 20:11
100992,10099202,25,2022,70,3,,,,,,,2,15,2,,,,5,,2024-04-17 20:11
100993,10099301,25,2022,74,2,,,,,,,3,15,2,,,,5,,2024-04-17 20:11
110152,10099302,25,2022,52,3,2,561,2011m2,4,441,2,3,15,1,250,,3,6,,2024-04-17 20:11
100993,10099303,25,2022,51,3,1,259,2021m6,2,743,1,1,15,1,445,2,3,5,,2024-04-17 20:11
100994,10099401,25,2022,70,2,1,682,2015m3,1,875,1,2,15,1,243,1,2,4,,2024-04-17 20:11
100994,10099402,25,2022,63,2,,,,,,,2,15,2,,,,4,,2024-04-17 20:11
100995,10099501,25,2022,76,2,,,,,,,3,15,2,,,,5,,2024-04-17 20:11
100996,10099601,25,2022,81,1,,,,,,,3,15,2,,,,6,,2024-04-17 20:11
100997,10099702,25,2022,83,1,,,,,,,3,15,2,,,,5,,2024-04-17 20:11
100997,10099703,25,2022,72,1,,,,,,,1,15,1,,,,5,,2024-04-17 20:11
101000,10100001,25,2022,73,2,,,,,,,2,15,1,,,,4,,2024-04-17 20:11
101000,10100002,25,2022,73,2,,,,,,,2,15,2,,,,3,,2024-04-17 20:11
101001,10100101,25,2022,65,3,1,463,2018m2,1,710,1,2,15,1,220,1,3,4,,2024-04-17 20:11
101001,10100102,25,2022,61,3,1,751,2017m3,2,441,1,2,15,2,,2,3,5,,2024-04-17 20:11
110170,10100103,25,2022,35,6,2,479,2018m2,4,532,2,2,2,2,400,,3,4,,2024-04-17 20:11
110340,10100104,25,2022,32,4,1,313,2019m7,1,312,1,1,15,1,250,1,2,4,,2024-04-17 20:11
101003,10100302,25,2022,68,2,2,11,2003m4,4,611,2,3,15,2,30,,3,5,,2024-04-17 20:11
101005,10100501,25,2022,65,3,,,,,,,2,15,1,,,,6,,2024-04-17 20:11
101005,10100502,25,2022,62,2,,,,,,,2,15,2,,,,6,,2024-04-17 20:11
101008,10100801,25,2022,78,2,,,,,,,2,15,1,,,,6,,2024-04-17 20:11
101008,10100802,25,2022,74,2,,,,,,,2,15,2,,,,6,,2024-04-17 20:11
101010,10101001,25,2022,84,2,2,11,2005m4,4,611,2,2,15,1,30,,3,5,,2024-04-17 20:11
101010,10101002,25,2022,80,1,3,11,2010m9,5,611,2,2,15,2,,,2,5,,2024-04-17 20:11
101011,10101101,25,2022,77,2,,,,,,,3,8,2,,,,5,,2024-04-17 20:11
101011,10101102,25,2022,33,6,1,855,2015m6,2,254,1,1,8,2,150,2,3,5,,2024-04-17 20:11
101012,10101201,25,2022,62,2,1,411,2012m6,3,910,1,2,8,1,290,2,3,5,,2024-04-17 20:11
101012,10101202,25,2022,57,2,,,,,,,2,8,2,,,,5,,2024-04-17 20:11
101014,10101401,25,2022,65,5,2,912,2015m6,4,238,2,2,11,1,250,,3,4,,2024-04-17 20:11
101014,10101402,25,2022,62,3,1,969,2021m1,2,951,1,2,11,2,130,2,3,4,,2024-04-17 20:11
110022,10101403,25,2022,39,6,1,107,2019m4,1,239,1,1,8,1,315,1,2,4,,2024-04-17 20:11
101017,10101701,25,2022,65,2,1,492,2018m1,1,873,1,2,2,1,250,1,3,5,,2024-04-17 20:11
101017,10101702,25,2022,59,2,1,872,2021m6,2,421,1,2,2,2,80,2,3,5,,2024-04-17 20:11
101018,10101801,25,2022,52,5,2,473,2013m1,4,531,2,2,15,1,500,,2,5,,2024-04-17 20:11
101018,10101802,25,2022,52,5,,,,,,,2,15,2,,,,5,,2024-04-17 20:11
101018,10101803,25,2022,24,4,,,,,,,1,15,1,,,,5,,2024-04-17 20:11
101019,10101901,25,2022,56,3,2,662,2022m2,4,510,2,2,15,2,100,,3,5,,2024-04-17 20:11
101019,10101902,25,2022,60,3,1,412,2019m10,2,782,1,2,15,1,200,2,3,5,,2024-04-17 20:11
110213,10101903,25,2022,33,5,1,861,2011m4,1,245,1,2,15,2,250,1,3,5,,2024-04-17 20:11
101019,10101904,25,2022,31,5,1,561,2019m7,1,441,1,1,15,1,280,1,3,5,,2024-04-17 20:11
101020,10102001,25,2022,79,1,,,,,,,3,15,2,,,,6,,2024-04-17 20:11
110118,10102002,25,2022,49,5,1,493,2011m1,1,875,1,2,7,1,350,1,3,6,,2024-04-17 20:11
101021,10102101,25,2022,48,3,,,,,,,2,15,1,,,,5,,2024-04-17 20:11
101021,10102102,25,2022,44,5,1,872,2021m3,2,247,1,2,15,2,100,2,3,5,,2024-04-17 20:11
101021,10102103,25,2022,20,4,,,,,,,1,15,2,,,,5,,2024-04-17 20:11
101021,10102104,25,2022,18,2,,,,,,,1,15,1,,,,5,,2024-04-17 20:11
101022,10102201,25,2022,56,3,2,451,2003m2,4,510,2,2,15,1,300,,3,5,,2024-04-17 20:11
101022,10102202,25,2022,56,3,1,682,2022m1,1,274,1,2,15,2,150,1,3,5,,2024-04-17 20:11
110418,10102203,25,2022,28,6,1,411,2018m3,1,782,1,2,15,2,270,1,3,5,,2024-04-17 20:11
101022,10102204,25,2022,26,6,,,,,,,1,15,1,,,,5,,2024-04-17 20:11
101023,10102301,25,2022,50,3,2,662,2005m1,4,510,2,3,15,2,250,,3,5,,2024-04-17 20:11
101024,10102401,25,2022,34,6,1,851,2014m3,1,252,1,1,7,2,350,1,2,4,,2024-04-17 20:11
101026,10102601,25,2022,33,6,1,843,2014m10,1,752,1,1,2,1,320,1,3,5,,2024-04-17 20:11
101027,10102701,25,2022,61,2,,,,,,,1,15,2,,,,6,,2024-04-17 20:11
101029,10102901,25,2022,51,3,1,477,2007m12,1,875,1,2,2,1,800,2,3,3,,2024-04-17 20:11
101029,10102902,25,2022,48,3,,,,,,,2,2,2,,,,3,,2024-04-17 20:11
101029,10102903,25,2022,19,4,,,,,,,1,2,2,,,,3,,2024-04-17 20:11
101029,10102904,25,2022,16,2,,,,,,,1,2,2,,,,3,,2024-04-17 20:11
101030,10103001,25,2022,57,3,2,475,1990m10,4,783,2,2,15,1,300,,3,5,,2024-04-17 20:11
101030,10103002,25,2022,57,3,,,,,,,2,15,2,,,,5,,2024-04-17 20:11
110214,10103003,25,2022,36,6,1,493,2014m3,1,875,1,2,2,1,800,2,3,5,,2024-04-17 20:11
101031,10103101,25,2022,54,3,,,,,,,1,15,2,,,,6,,2024-04-17 20:11
101032,10103202,25,2022,74,2,2,11,1969m3,4,611,2,3,15,2,40,,3,4,,2024-04-17 20:11
101033,10103302,25,2022,61,2,1,132,2021m10,1,721,1,3,14,2,180,2,2,4,,2024-04-17 20:11
110185,10103303,25,2022,36,4,,,,,,,2,14,2,,,,4,,2024-04-17 20:11
110280,10103304,25,2022,34,5,1,851,2018m3,1,253,1,1,14,2,270,1,2,3,,2024-04-17 20:11
101034,10103401,25,2022,55,3,2,492,2003m8,4,875,2,2,14,1,250,,3,4,,2024-04-17 20:11
110245,10103403,25,2022,28,6,1,841,2022m1,1,286,1,1,14,1,300,1,3,5,,2024-04-17 20:11
101034,10103404,25,2022,22,4,,,,,,,1,14,1,,,,4,,2024-04-17 20:11
101034,10103405,25,2022,48,3,,,,,,,2,14,2,,,,3,,2024-04-17 20:11
101035,10103501,25,2022,75,3,2,11,1976m3,4,611,2,2,14,1,250,,2,4,,2024-04-17 20:11
101035,10103502,25,2022,66,2,3,11,2012m2,5,611,2,2,14,2,,,3,4,,2024-04-17 20:11
101036,10103601,25,2022,79,2,,,,,,,3,14,2,,,,6,,2024-04-17 20:11
101037,10103701,25,2022,54,3,1,252,1987m9,1,741,1,2,14,1,472,1,2,3,,2024-04-17 20:11
101037,10103702,25,2022,54,3,1,872,2021m3,1,421,1,2,14,2,181,1,3,4,,2024-04-17 20:11
110134,10103703,25,2022,31,5,1,252,2018m7,1,412,1,1,14,1,377,1,2,4,,2024-04-17 20:11
101037,10103704,25,2022,27,5,,,,,,,1,14,1,,,,5,,2024-04-17 20:11
101039,10103901,25,2022,67,3,,,,,,,2,14,1,,,,3,,2024-04-17 20:11
101039,10103902,25,2022,62,3,1,561,2012m10,1,952,1,2,14,2,250,2,2,3,,2024-04-17 20:11
101040,10104001,25,2022,58,6,,,,,,,2,14,1,,,,4,,2024-04-17 20:11
101040,10104002,25,2022,50,6,,,,,,,2,14,2,,,,4,,2024-04-17 20:11
110369,10104003,25,2022,24,6,1,713,2021m5,1,224,1,1,3,2,200,1,3,5,,2024-04-17 20:11
101041,10104101,25,2022,63,3,2,11,1986m3,4,611,2,2,14,1,500,,2,3,,2024-04-17 20:11
101041,10104102,25,2022,57,5,3,11,2009m9,5,611,2,2,14,2,,,3,3,,2024-04-17 20:11
110023,10104103,25,2022,35,5,2,561,2019m11,4,441,2,2,1,1,1000,,4,3,,2024-04-17 20:11
110186,10104104,25,2022,32,6,,,,,,,1,1,2,,,,5,,2024-04-17 20:11
101042,10104201,25,2022,85,2,2,471,1989m12,4,521,2,3,14,2,35,,3,6,,2024-04-17 20:11
101044,10104401,25,2022,58,3,1,682,2020m8,2,942,1,2,8,1,220,2,3,5,,2024-04-17 20:11
101044,10104402,25,2022,58,3,1,853,2020m6,2,941,1,2,8,2,140,2,3,5,,2024-04-17 20:11
101044,10104403,25,2022,33,6,1,715,2020m9,1,312,1,1,8,1,260,2,3,5,,2024-04-17 20:11
101045,10104501,25,2022,74,3,,,,,,,3,8,2,,,,4,,2024-04-17 20:11
101047,10104701,25,2022,44,6,1,411,2016m11,1,231,1,2,8,1,450,1,2,4,,2024-04-17 20:11
101047,10104702,25,2022,43,6,,,,,,,2,8,2,,,,4,,2024-04-17 20:11
101049,10104901,25,2022,81,2,2,11,1977m10,4,611,2,2,14,1,45,,3,5,,2024-04-17 20:11
101049,10104902,25,2022,78,2,3,11,1977m3,5,611,2,2,14,2,,,3,5,,2024-04-17 20:11
101051,10105102,25,2022,92,1,,,,,,,3,14,2,,,,5,,2024-04-17 20:11
101051,10105103,25,2022,63,6,,,,,,,3,14,2,,,,5,,2024-04-17 20:11
101052,10105202,25,2022,67,6,1,872,2021m10,2,421,1,3,14,2,100,2,2,4,,2024-04-17 20:11
101053,10105301,25,2022,75,3,,,,,,,2,14,1,,,,4,,2024-04-17 20:11
101053,10105302,25,2022,73,2,,,,,,,2,14,2,,,,4,,2024-04-17 20:11
101054,10105401,25,2022,49,5,1,841,1997m8,1,311,1,2,14,1,350,1,3,3,,2024-04-17 20:11
101054,10105402,25,2022,45,6,2,855,2010m7,4,254,2,2,14,2,400,,2,3,,2024-04-17 20:11
101054,10105403,25,2022,15,2,,,,,,,1,14,2,,,,3,,2024-04-17 20:11
101056,10105602,25,2022,58,3,1,521,2022m2,1,921,1,2,14,2,95,2,2,3,,2024-04-17 20:11
101056,10105603,25,2022,29,6,1,582,2017m1,1,285,1,1,14,1,200,1,2,3,,2024-04-17 20:11
101056,10105604,25,2022,59,6,1,283,2022m3,1,312,1,2,14,1,417,1,3,4,,2024-04-17 20:11
101057,10105701,25,2022,45,4,1,320,2015m10,1,312,1,3,11,1,350,1,2,4,,2024-04-17 20:11
110370,10105702,25,2022,45,2,2,561,2020m10,4,441,2,3,11,2,400,,3,4,,2024-04-17 20:11
101058,10105801,25,2022,47,3,1,421,2017m5,3,782,1,1,14,1,260,2,3,5,,2024-04-17 20:11
101059,10105902,25,2022,41,3,,,,,,,2,15,2,,,,4,,2024-04-17 20:11
101059,10105903,25,2022,15,2,,,,,,,1,15,2,,,,4,,2024-04-17 20:11
101060,10106001,25,2022,43,3,1,265,2010m11,1,232,1,2,14,1,395,1,3,4,,2024-04-17 20:11
101060,10106002,25,2022,42,5,1,872,2019m3,1,247,1,2,14,2,255,1,3,4,,2024-04-17 20:11
101061,10106102,25,2022,49,3,1,221,1999m5,1,312,1,3,14,2,265,1,2,5,,2024-04-17 20:11
101062,10106201,25,2022,53,5,1,241,1995m7,1,841,1,2,14,1,450,1,2,3,,2024-04-17 20:11
101062,10106202,25,2022,50,5,,,,,,,2,14,2,,,,3,,2024-04-17 20:11
101062,10106203,25,2022,24,3,,,,,,,1,14,1,,,,5,,2024-04-17 20:11
101062,10106204,25,2022,22,3,1,492,2022m5,1,312,1,1,14,1,180,1,3,3,,2024-04-17 20:11
101063,10106301,25,2022,46,3,2,561,2019m2,4,441,2,2,14,1,320,,2,3,,2024-04-17 20:11
101063,10106302,25,2022,47,3,3,561,2019m2,5,442,2,2,14,2,,,3,3,,2024-04-17 20:11
101063,10106303,25,2022,19,3,,,,,,,1,14,1,,,,3,,2024-04-17 20:11
101066,10106601,25,2022,81,2,,,,,,,3,14,1,,,,6,,2024-04-17 20:11
101067,10106701,25,2022,73,2,,,,,,,3,14,2,,,,6,,2024-04-17 20:11
101068,10106801,25,2022,74,2,1,753,2012m10,2,942,1,2,7,1,150,2,3,5,,2024-04-17 20:11
101068,10106802,25,2022,68,2,,,,,,,2,7,2,,,,4,,2024-04-17 20:11
101069,10106901,25,2022,59,3,2,493,2017m1,4,873,2,2,14,1,300,,4,4,,2024-04-17 20:11
101069,10106902,25,2022,56,3,1,471,2018m10,2,521,1,2,14,2,140,2,3,4,,2024-04-17 20:11
101069,10106903,25,2022,24,3,1,561,2022m8,2,521,1,1,14,2,92,2,4,6,,2024-04-17 20:11
101069,10106904,25,2022,22,4,1,562,2022m4,2,441,1,1,14,2,73,2,4,6,,2024-04-17 20:11
101070,10107001,25,2022,53,3,1,423,2016m6,1,762,1,2,7,1,450,1,3,4,,2024-04-17 20:11
101070,10107002,25,2022,51,3,2,855,2004m2,4,286,2,2,7,2,200,,3,4,,2024-04-17 20:11
110226,10107003,25,2022,28,6,1,862,2020m5,1,243,1,1,7,2,340,1,2,4,,2024-04-17 20:11
101070,10107004,25,2022,26,6,1,303,2021m10,1,312,1,1,7,2,210,1,3,4,,2024-04-17 20:11
101070,10107005,25,2022,20,3,,,,,,,1,7,1,,,,4,,2024-04-17 20:11
101071,10107101,25,2022,79,1,,,,,,,3,13,2,,,,6,,2024-04-17 20:11
101073,10107301,25,2022,78,1,,,,,,,3,8,2,,,,5,,2024-04-17 20:11
101073,10107302,25,2022,54,3,1,271,2022m6,1,312,1,3,8,2,190,1,3,5,,2024-04-17 20:11
101073,10107303,25,2022,17,2,,,,,,,1,8,1,,,,5,,2024-04-17 20:11
101074,10107401,25,2022,78,2,,,,,,,3,8,1,,,,4,,2024-04-17 20:11
101075,10107501,25,2022,46,4,1,753,1997m3,1,412,1,2,13,1,350,1,2,4,,2024-04-17 20:11
101075,10107502,25,2022,42,5,,,,,,,2,13,2,,,,4,,2024-04-17 20:11
101076,10107601,25,2022,77,2,2,472,1972m12,4,521,2,2,13,1,250,,4,5,,2024-04-17 20:11
101076,10107602,25,2022,69,2,3,472,1972m12,5,521,2,2,13,2,,,4,5,,2024-04-17 20:11
101078,10107801,25,2022,69,5,2,12,1978m1,4,611,2,2,13,1,500,,3,3,,2024-04-17 20:11
101078,10107802,25,2022,65,3,3,12,1981m12,5,611,2,2,13,2,,,3,3,,2024-04-17 20:11
101079,10107902,25,2022,82,1,2,11,2022m1,4,611,2,3,13,2,30,,3,4,,2024-04-17 20:11
101080,10108001,25,2022,80,2,,,,,,,2,13,1,,,,4,,2024-04-17 20:11
101080,10108002,25,2022,81,2,,,,,,,2,13,2,,,,4,,2024-04-17 20:11
101081,10108101,25,2022,80,2,2,953,1979m4,4,752,2,2,13,1,60,,3,3,,2024-04-17 20:11
101081,10108102,25,2022,80,2,,,,,,,2,13,2,,,,3,,2024-04-17 20:11
101082,10108202,25,2022,77,2,1,841,2022m3,2,941,1,3,13,2,27,2,3,3,,2024-04-17 20:11
101087,10108701,25,2022,83,2,1,102,1995m2,2,710,1,3,13,2,150,2,3,3,,2024-04-17 20:11
101088,10108801,25,2022,66,2,2,11,1983m4,4,611,2,2,13,1,300,,3,4,,2024-04-17 20:11
101088,10108802,25,2022,58,2,3,11,1983m4,5,611,2,2,13,2,,,3,3,,2024-04-17 20:11
101089,10108901,25,2022,88,1,,,,,,,3,13,2,,,,5,,2024-04-17 20:11
101090,10109001,25,2022,79,3,,,,,,,3,8,2,,,,5,,2024-04-17 20:11
101090,10109002,25,2022,53,6,2,855,2011m10,4,312,2,3,8,1,180,,3,5,,2024-04-17 20:11
101090,10109003,25,2022,48,6,1,492,2018m8,1,873,1,1,8,1,240,1,3,5,,2024-04-17 20:11
101090,10109004,25,2022,28,6,3,855,2017m8,5,254,2,1,8,1,,,4,5,,2024-04-17 20:11
101091,10109101,25,2022,71,2,2,472,1987m5,4,521,2,2,8,1,350,,3,5,,2024-04-17 20:11
101091,10109102,25,2022,65,2,,,,,,,2,8,2,,,,5,,2024-04-17 20:11
110393,10109103,25,2022,40,5,1,473,2018m10,1,531,1,1,8,1,200,1,3,5,,2024-04-17 20:11
101092,10109201,25,2022,53,3,1,492,2021m4,2,873,1,2,8,1,290,2,3,5,,2024-04-17 20:11
101092,10109202,25,2022,48,3,1,471,2012m7,2,532,1,2,8,2,150,2,3,5,,2024-04-17 20:11
101092,10109204,25,2022,20,3,,,,,,,1,8,1,,,,5,,2024-04-17 20:11
101093,10109301,25,2022,74,1,,,,,,,2,13,1,,,,5,,2024-04-17 20:11
101093,10109302,25,2022,74,1,,,,,,,2,13,2,,,,5,,2024-04-17 20:11
101094,10109401,25,2022,73,2,1,872,2017m5,1,421,1,3,13,2,70,2,2,3,,2024-04-17 20:11
101095,10109501,25,2022,96,1,,,,,,,3,13,2,,,,6,,2024-04-17 20:11
101096,10109601,25,2022,90,1,,,,,,,3,13,2,,,,6,,2024-04-17 20:11
101098,10109801,25,2022,76,2,,,,,,,2,13,1,,,,5,,2024-04-17 20:11
101098,10109802,25,2022,70,2,,,,,,,2,13,2,,,,5,,2024-04-17 20:11
101099,10109901,25,2022,67,2,2,11,2020m3,4,611,2,3,13,2,10,,4,5,,2024-04-17 20:11
101100,10110001,25,2022,80,6,,,,,,,2,13,1,,,,4,,2024-04-17 20:11
101100,10110002,25,2022,75,5,,,,,,,2,13,2,,,,4,,2024-04-17 20:11
101101,10110101,25,2022,50,3,2,32,2004m1,4,630,2,2,13,1,500,,2,4,,2024-04-17 20:11
101101,10110102,25,2022,41,3,1,872,2021m3,1,441,1,2,13,2,180,2,2,4,,2024-04-17 20:11
101102,10110201,25,2022,66,2,2,11,1980m3,4,611,2,2,13,1,200,,3,5,,2024-04-17 20:11
101102,10110202,25,2022,60,2,3,11,1984m2,5,611,2,2,13,2,,,3,4,,2024-04-17 20:11
101103,10110301,25,2022,81,1,1,841,2022m3,2,941,1,3,13,2,27,2,2,5,,2024-04-17 20:11
101104,10110401,25,2022,83,1,,,,,,,3,13,2,,,,5,,2024-04-17 20:11
101105,10110501,25,2022,73,2,2,32,2010m4,4,630,2,2,13,1,250,,3,5,,2024-04-17 20:11
101105,10110502,25,2022,73,2,,,,,,,2,13,2,,,,5,,2024-04-17 20:11
101105,10110503,25,2022,92,1,,,,,,,3,13,2,,,,5,,2024-04-17 20:11
101106,10110601,25,2022,74,2,2,32,2010m9,4,630,2,2,13,1,100,,4,5,,2024-04-17 20:11
101106,10110602,25,2022,74,1,,,,,,,2,13,2,,,,5,,2024-04-17 20:11
101107,10110701,25,2022,76,2,3,474,1988m9,5,521,2,2,13,1,,,2,4,,2024-04-17 20:11
101107,10110702,25,2022,71,2,2,141,1988m9,4,722,2,2,13,2,70,,3,4,,2024-04-17 20:11
101108,10110801,25,2022,70,4,2,11,2009m3,4,611,2,2,13,1,150,,3,5,,2024-04-17 20:11
101108,10110802,25,2022,71,3,,,,,,,2,13,2,,,,5,,2024-04-17 20:11
110201,10110803,25,2022,41,5,1,841,2003m6,1,311,1,3,13,2,250,2,3,5,,2024-04-17 20:11
101109,10110901,25,2022,50,5,2,20,2002m7,4,612,2,2,13,1,300,,3,5,,2024-04-17 20:11
101109,10110902,25,2022,46,5,,,,,,,2,13,2,,,,5,,2024-04-17 20:11
101111,10111101,25,2022,59,3,1,14,1987m11,1,262,1,2,13,1,550,1,2,4,,2024-04-17 20:11
101111,10111102,25,2022,59,3,,,,,,,2,13,2,,,,4,,2024-04-17 20:11
101112,10111201,25,2022,58,5,2,11,1999m2,5,611,2,2,13,1,,,2,4,,2024-04-17 20:11
101112,10111202,25,2022,57,3,1,701,2019m3,2,213,1,2,13,2,187,2,2,4,,2024-04-17 20:11
110311,10111203,25,2022,30,5,1,422,2018m11,1,753,1,1,13,1,240,1,2,5,,2024-04-17 20:11
101112,10111204,25,2022,28,6,1,851,2017m3,1,252,1,1,13,2,250,1,2,4,,2024-04-17 20:11
101113,10111302,25,2022,87,2,1,841,2020m3,3,941,1,3,13,2,27,2,2,5,,2024-04-17 20:11
101114,10111401,25,2022,46,5,2,32,2007m5,4,630,2,3,13,1,500,,2,5,,2024-04-17 20:11
101115,10111501,25,2022,85,2,,,,,,,3,12,2,,,,5,,2024-04-17 20:11
101116,10111601,25,2022,77,2,,,,,,,2,12,1,,,,4,,2024-04-17 20:11
101116,10111602,25,2022,70,2,,,,,,,2,12,2,,,,4,,2024-04-17 20:11
101117,10111702,25,2022,86,3,2,11,2010m3,4,611,2,3,12,2,40,,3,3,,2024-04-17 20:11
101118,10111801,25,2022,85,2,,,,,,,3,8,2,,,,5,,2024-04-17 20:11
101118,10111802,25,2022,59,5,2,651,,4,510,2,3,8,2,150,,3,5,,2024-04-17 20:11
101119,10111902,25,2022,74,2,,,,,,,3,12,2,,,,5,,2024-04-17 20:11
101120,10112001,25,2022,68,2,2,11,1969m3,4,611,2,2,12,1,550,,3,4,,2024-04-17 20:11
101120,10112002,25,2022,69,2,3,11,1977m3,5,611,2,2,12,2,,,3,4,,2024-04-17 20:11
110071,10112003,25,2022,39,5,1,862,2017m4,1,245,1,2,12,2,260,1,2,4,,2024-04-17 20:11
101121,10112101,25,2022,49,3,1,11,2012m3,3,991,1,2,12,1,150,2,3,5,,2024-04-17 20:11
101121,10112102,25,2022,28,4,1,561,2020m3,3,442,1,1,12,1,70,2,3,5,,2024-04-17 20:11
101121,10112103,25,2022,26,4,,,,,,,1,12,1,,,,5,,2024-04-17 20:11
101121,10112104,25,2022,39,2,,,,,,,2,12,2,,,,5,,2024-04-17 20:11
101122,10112201,25,2022,88,2,,,,,,,3,12,2,,,,4,,2024-04-17 20:11
101124,10112402,25,2022,54,6,1,561,2022m9,1,441,1,2,8,2,280,1,3,5,,2024-04-17 20:11
101124,10112404,25,2022,23,4,,,,,,,1,8,2,,,,5,,2024-04-17 20:11
101126,10112601,25,2022,69,3,2,475,1980m3,4,521,2,2,16,1,250,,4,4,,2024-04-17 20:11
101126,10112602,25,2022,64,3,3,475,2005m3,5,521,2,2,16,2,,,4,3,,2024-04-17 20:11
101128,10112801,25,2022,82,1,2,472,2016m10,4,521,2,3,16,2,65,,4,4,,2024-04-17 20:11
101129,10112901,25,2022,55,5,2,423,2008m1,4,753,2,2,16,1,300,,4,3,,2024-04-17 20:11
101129,10112902,25,2022,47,3,2,855,2014m5,4,286,2,2,16,2,300,,4,3,,2024-04-17 20:11
101129,10112903,25,2022,26,6,,,,,,,1,16,1,,,,3,,2024-04-17 20:11
101129,10112904,25,2022,24,6,,,,,,,1,16,2,,,,4,,2024-04-17 20:11
101129,10112905,25,2022,22,3,,,,,,,1,16,1,,,,3,,2024-04-17 20:11
101130,10113001,25,2022,95,2,,,,,,,3,16,1,,,,6,,2024-04-17 20:11
101131,10113101,25,2022,44,6,1,263,2011m11,1,864,1,1,1,2,285,1,3,4,,2024-04-17 20:11
101131,10113102,25,2022,72,2,,,,,,,2,1,1,,,,4,,2024-04-17 20:11
101131,10113103,25,2022,70,2,,,,,,,2,1,2,,,,4,,2024-04-17 20:11
101133,10113302,25,2022,80,1,,,,,,,3,11,2,,,,5,,2024-04-17 20:11
101133,10113303,25,2022,31,6,1,562,2021m7,2,441,1,1,11,1,105,2,2,5,,2024-04-17 20:11
101134,10113401,25,2022,92,1,,,,,,,3,11,2,,,,6,,2024-04-17 20:11
101135,10113501,25,2022,60,3,,,,,,,2,11,1,,,,3,,2024-04-17 20:11
101135,10113502,25,2022,57,3,1,852,2001m2,1,441,1,2,11,2,247,1,2,3,,2024-04-17 20:11
110153,10113503,25,2022,31,6,,,,,,,1,1,2,,,,4,,2024-04-17 20:11
101136,10113601,25,2022,67,5,2,561,2012m9,4,442,2,2,11,1,150,,4,4,,2024-04-17 20:11
101136,10113602,25,2022,63,3,3,561,2012m9,5,441,2,2,11,2,,,4,4,,2024-04-17 20:11
101136,10113604,25,2022,36,6,2,12,2021m2,4,613,2,1,11,1,,,4,4,,2024-04-17 20:11
101137,10113702,25,2022,81,1,,,,,,,3,11,2,,,,5,,2024-04-17 20:11
101138,10113801,25,2022,63,3,1,751,2021m2,3,910,1,3,11,1,200,2,3,4,,2024-04-17 20:11
110024,10113803,25,2022,34,5,1,107,2021m10,2,819,1,1,4,2,160,2,3,5,,2024-04-17 20:11
110119,10113804,25,2022,35,6,1,411,2013m4,1,312,1,2,1,1,240,1,3,5,,2024-04-17 20:11
101140,10114001,25,2022,62,2,1,493,2022m9,2,873,1,3,11,1,227,2,3,5,,2024-04-17 20:11
101140,10114004,25,2022,27,5,,,,,,,1,11,1,,,,5,,2024-04-17 20:11
101141,10114101,25,2022,78,2,2,11,2013m3,4,611,2,2,11,1,25,,3,5,,2024-04-17 20:11
101141,10114102,25,2022,72,2,,,,,,,2,11,2,,,,5,,2024-04-17 20:11
101144,10114401,25,2022,84,2,2,11,1958m2,4,611,2,3,11,1,50,,3,4,,2024-04-17 20:11
101144,10114402,25,2022,55,5,1,872,2017m10,1,421,1,3,11,2,71,2,3,4,,2024-04-17 20:11
101146,10114601,25,2022,60,3,2,424,2019m2,4,783,2,2,11,1,250,,3,5,,2024-04-17 20:11
101146,10114602,25,2022,55,3,1,701,2022m7,1,441,1,2,11,2,237,1,3,5,,2024-04-17 20:11
110247,10114603,25,2022,30,6,1,853,2021m1,1,313,1,1,4,1,270,1,3,4,,2024-04-17 20:11
101148,10114801,25,2022,84,3,2,11,2019m3,4,611,2,2,11,1,40,,3,3,,2024-04-17 20:11
101148,10114802,25,2022,81,2,,,,,,,2,11,2,,,,3,,2024-04-17 20:11
101149,10114901,25,2022,60,3,2,952,1998m10,4,751,2,2,11,1,1050,,2,3,,2024-04-17 20:11
101149,10114902,25,2022,52,4,3,952,1998m10,5,313,2,2,11,2,,,2,3,,2024-04-17 20:11
110264,10114903,25,2022,29,6,1,715,2021m3,1,222,1,1,1,2,400,1,3,4,,2024-04-17 20:11
110371,10114904,25,2022,26,6,1,582,2022m3,1,312,1,1,1,1,220,1,3,5,,2024-04-17 20:11
101149,10114905,25,2022,21,4,,,,,,,1,11,2,,,,3,,2024-04-17 20:11
101150,10115001,25,2022,51,6,1,842,1996m7,1,213,1,2,11,1,570,1,2,3,,2024-04-17 20:11
101150,10115002,25,2022,52,6,1,841,1992m7,1,311,1,2,11,2,500,1,2,3,,2024-04-17 20:11
101151,10115102,25,2022,87,2,,,,,,,3,10,2,,,,4,,2024-04-17 20:11
101152,10115201,25,2022,74,2,2,11,1969m3,4,611,2,2,10,1,50,,4,5,,2024-04-17 20:11
101152,10115202,25,2022,72,2,3,11,2010m8,5,611,2,2,10,2,,,4,5,,2024-04-17 20:11
101155,10115501,25,2022,60,2,1,421,2019m7,1,910,1,2,10,1,250,1,3,4,,2024-04-17 20:11
101155,10115502,25,2022,56,2,,,,,,,2,10,2,,,,3,,2024-04-17 20:11
110312,10115503,25,2022,32,3,,,,,,,2,10,2,,,,4,,2024-04-17 20:11
110372,10115504,25,2022,31,3,1,262,2015m1,1,753,1,2,10,1,230,2,3,4,,2024-04-17 20:11
110092,10115602,25,2022,40,5,1,872,2022m1,1,421,1,3,10,2,119,2,2,4,,2024-04-17 20:11
101157,10115701,25,2022,81,2,,,,,,,3,10,2,,,,5,,2024-04-17 20:11
101158,10115801,25,2022,69,2,,,,,,,3,10,1,,,,4,,2024-04-17 20:11
101158,10115802,25,2022,39,6,1,204,2015m1,1,312,1,1,10,1,300,1,3,4,,2024-04-17 20:11
101160,10116001,25,2022,89,2,,,,,,,2,10,1,,,,5,,2024-04-17 20:11
101160,10116002,25,2022,79,2,,,,,,,2,10,2,,,,4,,2024-04-17 20:11
101161,10116101,25,2022,32,6,1,262,2018m11,1,236,1,1,10,1,280,1,3,3,,2024-04-17 20:11
101162,10116202,25,2022,88,1,,,,,,,3,10,2,,,,5,,2024-04-17 20:11
101163,10116301,25,2022,88,2,,,,,,,2,10,1,,,,5,,2024-04-17 20:11
101163,10116302,25,2022,84,2,1,872,2020m2,3,941,1,2,10,2,27,2,3,5,,2024-04-17 20:11
101165,10116501,25,2022,83,2,2,11,1966m3,4,611,2,3,10,1,80,,3,5,,2024-04-17 20:11
101166,10116601,25,2022,89,1,,,,,,,3,10,2,,,,2,,2024-04-17 20:11
101166,10116602,25,2022,63,2,,,,,,,2,10,2,,,,4,,2024-04-17 20:11
101167,10116701,25,2022,89,1,,,,,,,3,10,2,,,,4,,2024-04-17 20:11
101168,10116801,25,2022,71,2,2,11,1978m10,4,611,2,2,10,1,50,,4,5,,2024-04-17 20:11
101168,10116802,25,2022,67,2,,,,,,,2,10,2,,,,4,,2024-04-17 20:11
110282,10116803,25,2022,35,5,1,222,2011m2,1,832,1,1,10,1,375,1,3,4,,2024-04-17 20:11
101170,10117001,25,2022,61,6,2,949,2008m7,4,248,2,2,8,1,100,,1,5,,2024-04-17 20:11
101170,10117002,25,2022,61,6,1,872,2021m9,2,421,1,2,8,2,120,2,3,5,,2024-04-17 20:11
101170,10117004,25,2022,28,6,1,872,2021m6,2,314,1,1,8,2,220,1,2,5,,2024-04-17 20:11
101170,10117005,25,2022,24,4,,,,,,,1,8,1,,,,4,,2024-04-17 20:11
101171,10117101,25,2022,68,3,,,,,,,2,12,2,,,,4,,2024-04-17 20:11
110058,10117103,25,2022,43,6,,,,,,,2,8,2,,,,3,,2024-04-17 20:11
101171,10117104,25,2022,63,6,1,422,2014m2,3,792,1,2,12,1,250,2,2,4,,2024-04-17 20:11
101174,10117401,25,2022,57,3,2,952,1995m1,4,751,2,2,10,1,200,,2,5,,2024-04-17 20:11
101174,10117402,25,2022,53,3,3,952,2015m6,5,751,2,2,10,2,,,2,5,,2024-04-17 20:11
110341,10117403,25,2022,26,5,1,561,2020m8,3,442,1,1,1,1,200,2,4,4,,2024-04-17 20:11
101175,10117501,25,2022,61,4,2,106,1995m9,4,811,2,2,10,1,1000,,2,3,,2024-04-17 20:11
101175,10117502,25,2022,60,2,3,106,1995m9,5,521,2,2,10,2,,,2,3,,2024-04-17 20:11
110248,10117504,25,2022,33,6,1,106,2021m5,1,811,1,2,1,1,400,1,2,3,,2024-04-17 20:11
101175,10117505,25,2022,30,6,1,107,2021m5,1,239,1,1,10,2,280,1,2,4,,2024-04-17 20:11
101176,10117601,25,2022,60,2,2,11,1987m3,4,611,2,3,10,1,60,,2,6,,2024-04-17 20:11
101176,10117603,25,2022,34,3,3,11,2011m9,5,611,2,1,10,1,,,3,6,,2024-04-17 20:11
101177,10117701,25,2022,62,3,2,11,,4,611,2,2,10,1,250,,3,4,,2024-04-17 20:11
101177,10117702,25,2022,60,3,,,,,,,2,10,2,,,,4,,2024-04-17 20:11
101177,10117705,25,2022,33,4,1,320,2022m3,1,899,1,1,10,1,250,1,2,4,,2024-04-17 20:11
101178,10117801,25,2022,78,2,2,11,1970m3,4,611,2,2,10,1,80,,2,5,,2024-04-17 20:11
101178,10117802,25,2022,70,2,3,11,1975m5,5,611,2,2,10,2,,,2,5,,2024-04-17 20:11
101180,10118001,25,2022,58,3,1,752,2011m10,1,313,1,3,10,2,200,1,2,6,,2024-04-17 20:11
101180,10118003,25,2022,32,6,,,,,,,1,10,1,,,,6,,2024-04-17 20:11
101181,10118101,25,2022,41,6,1,231,2011m5,1,312,1,2,1,1,280,1,3,4,,2024-04-17 20:11
101181,10118102,25,2022,44,6,1,231,2012m11,1,312,1,2,1,2,160,1,3,4,,2024-04-17 20:11
101184,10118403,25,2022,29,6,1,259,2020m11,1,235,1,1,8,1,240,1,3,5,,2024-04-17 20:11
101187,10118701,25,2022,51,3,1,712,2014m8,1,313,1,2,8,1,350,1,3,4,,2024-04-17 20:11
101187,10118702,25,2022,50,3,1,641,1991m1,1,313,1,2,8,2,450,1,3,4,,2024-04-17 20:11
101187,10118703,25,2022,24,5,,,,,,,1,8,1,,,,4,,2024-04-17 20:11
101187,10118704,25,2022,22,3,1,562,2022m6,1,441,1,1,8,1,150,1,3,5,,2024-04-17 20:11
101187,10118705,25,2022,22,3,1,961,2020m3,1,422,1,1,8,2,200,1,3,5,,2024-04-17 20:11
101189,10118901,25,2022,53,3,1,301,1991m5,1,854,1,2,8,1,380,1,2,4,,2024-04-17 20:11
101189,10118902,25,2022,52,3,1,682,2017m3,1,313,1,2,8,2,210,1,2,3,,2024-04-17 20:11
101189,10118903,25,2022,24,5,,,,,,,1,8,1,,,,4,,2024-04-17 20:11
101189,10118904,25,2022,22,4,,,,,,,1,8,1,,,,4,,2024-04-17 20:11
101191,10119101,25,2022,55,3,1,477,2007m5,2,953,1,3,8,2,250,2,3,5,,2024-04-17 20:11
101191,10119102,25,2022,24,4,,,,,,,1,8,2,,,,4,,2024-04-17 20:11
101191,10119103,25,2022,21,4,,,,,,,1,8,2,,,,5,,2024-04-17 20:11
101192,10119201,25,2022,83,6,,,,,,,2,8,1,,,,4,,2024-04-17 20:11
101192,10119202,25,2022,77,3,,,,,,,2,8,2,,,,4,,2024-04-17 20:11
110249,10119203,25,2022,52,4,2,478,2002m3,4,521,2,2,8,1,600,,3,4,,2024-04-17 20:11
110249,10119204,25,2022,36,6,,,,,,,2,8,2,,,,4,,2024-04-17 20:11
101194,10119401,25,2022,44,6,1,292,2010m2,1,274,1,2,8,1,320,1,2,4,,2024-04-17 20:11
101194,10119402,25,2022,40,6,1,759,2011m11,1,399,1,2,8,2,430,1,2,4,,2024-04-17 20:11
101196,10119601,25,2022,69,3,,,,,,,2,8,1,,,,5,,2024-04-17 20:11
101196,10119602,25,2022,63,2,1,561,2018m9,2,952,1,2,8,2,130,2,3,5,,2024-04-17 20:11
110250,10119603,25,2022,38,6,1,841,2013m2,1,224,1,2,19,2,320,1,2,3,,2024-04-17 20:11
110105,10119605,25,2022,34,3,2,451,2020m6,4,510,2,2,8,1,400,,3,5,,2024-04-17 20:11
101199,10119901,25,2022,42,6,1,303,2006m5,1,313,1,2,8,1,400,1,2,3,,2024-04-17 20:11
101199,10119902,25,2022,42,5,1,851,2020m3,2,253,1,2,8,2,130,2,3,3,,2024-04-17 20:11
101201,10120101,25,2022,72,3,,,,,,,2,8,1,,,,5,,2024-04-17 20:11
101201,10120102,25,2022,68,3,,,,,,,2,8,2,,,,5,,2024-04-17 20:11
101202,10120201,25,2022,67,6,,,,,,,2,8,1,,,,4,,2024-04-17 20:11
101202,10120202,25,2022,68,3,,,,,,,2,8,2,,,,5,,2024-04-17 20:11
110073,10120203,25,2022,40,6,1,843,2010m1,1,311,1,2,8,1,350,1,2,3,,2024-04-17 20:11
101203,10120301,25,2022,87,2,,,,,,,3,8,2,,,,5,,2024-04-17 20:11
101204,10120401,25,2022,78,6,,,,,,,2,8,1,,,,4,,2024-04-17 20:11
101204,10120402,25,2022,77,3,,,,,,,2,8,2,,,,4,,2024-04-17 20:11
101205,10120502,25,2022,81,3,,,,,,,3,8,2,,,,4,,2024-04-17 20:11
101206,10120601,25,2022,58,6,1,272,2010m4,1,312,1,2,8,1,700,1,2,3,,2024-04-17 20:11
101206,10120602,25,2022,55,6,1,852,2006m3,1,252,1,2,8,2,400,1,2,3,,2024-04-17 20:11
101206,10120603,25,2022,31,5,1,181,2020m10,1,892,1,1,8,1,340,1,2,3,,2024-04-17 20:11
101206,10120604,25,2022,27,6,,,,,,,1,8,1,,,,3,,2024-04-17 20:11
101206,10120605,25,2022,82,3,,,,,,,3,8,2,,,,3,,2024-04-17 20:11
101208,10120801,25,2022,44,6,1,721,2005m12,1,231,1,2,8,1,500,1,2,3,,2024-04-17 20:11
101208,10120802,25,2022,42,5,,,,,,,2,8,2,,,,3,,2024-04-17 20:11
101209,10120901,25,2022,45,3,1,251,2015m3,1,743,1,2,10,1,330,1,3,4,,2024-04-17 20:11
101209,10120902,25,2022,47,3,1,105,2021m6,1,930,1,2,10,2,260,2,3,4,,2024-04-17 20:11
101210,10121001,25,2022,44,5,1,259,2015m7,1,239,1,2,8,1,380,1,3,4,,2024-04-17 20:11
101210,10121002,25,2022,42,5,,,,,,,2,8,2,,,,4,,2024-04-17 20:11
101211,10121101,25,2022,48,6,1,262,2018m1,1,864,1,2,8,1,350,1,3,3,,2024-04-17 20:11
101211,10121102,25,2022,42,5,2,961,2017m7,4,422,2,2,8,2,150,,2,3,,2024-04-17 20:11
101213,10121301,25,2022,45,6,1,701,2001m5,1,239,1,2,10,2,550,1,2,3,,2024-04-17 20:11
101213,10121302,25,2022,46,6,1,842,2019m3,1,311,1,2,10,1,330,1,2,3,,2024-04-17 20:11
101215,10121501,25,2022,58,5,1,581,1995m2,1,313,1,2,8,1,480,1,2,4,,2024-04-17 20:11
101215,10121502,25,2022,53,3,,,,,,,2,8,2,,,,4,,2024-04-17 20:11
101215,10121503,25,2022,27,6,,,,,,,1,8,1,,,,4,,2024-04-17 20:11
101215,10121504,25,2022,24,6,,,,,,,1,8,2,,,,4,,2024-04-17 20:11
101216,10121601,25,2022,48,6,1,612,2010m6,1,772,1,2,8,1,400,1,2,3,,2024-04-17 20:11
101216,10121602,25,2022,45,5,1,872,2014m3,1,247,1,2,8,2,300,1,2,3,,2024-04-17 20:11
101216,10121603,25,2022,18,2,,,,,,,1,8,1,,,,3,,2024-04-17 20:11
101216,10121604,25,2022,16,2,,,,,,,1,8,2,,,,3,,2024-04-17 20:11
101217,10121701,25,2022,71,3,,,,,,,2,9,1,,,,5,,2024-04-17 20:11
101217,10121702,25,2022,67,2,,,,,,,2,9,2,,,,4,,2024-04-17 20:11
101218,10121801,25,2022,58,6,2,561,1995m4,4,441,2,2,9,1,800,,3,4,,2024-04-17 20:11
101218,10121802,25,2022,55,3,3,561,2005m3,5,441,2,2,9,2,,,2,3,,2024-04-17 20:11
101218,10121805,25,2022,92,2,,,,,,,3,9,2,,,,3,,2024-04-17 20:11
101219,10121901,25,2022,65,6,,,,,,,2,9,1,,,,4,,2024-04-17 20:11
101219,10121902,25,2022,66,5,,,,,,,2,9,2,,,,4,,2024-04-17 20:11
101219,10121903,25,2022,31,6,,,,,,,1,9,2,,,,4,,2024-04-17 20:11
101220,10122001,25,2022,73,3,1,872,2019m1,2,421,1,3,9,2,27,2,3,5,,2024-04-17 20:11
101221,10122101,25,2022,73,2,,,,,,,3,9,2,,,,5,,2024-04-17 20:11
101222,10122202,25,2022,79,2,,,,,,,3,3,2,,,,6,,2024-04-17 20:11
110074,10122301,25,2022,75,2,,,,,,,2,14,1,,,,4,,2024-04-17 20:11
101223,10122302,25,2022,49,6,1,494,2008m3,1,922,1,1,3,1,240,1,3,5,,2024-04-17 20:11
110074,10122303,25,2022,75,1,,,,,,,2,14,2,,,,4,,2024-04-17 20:11
101225,10122501,25,2022,69,2,1,872,2020m6,1,421,1,3,3,2,130,1,2,4,,2024-04-17 20:11
101226,10122601,25,2022,52,3,1,561,2018m10,2,922,1,2,1,1,300,2,3,4,,2024-04-17 20:11
101226,10122602,25,2022,48,3,,,,,,,2,1,2,,,,4,,2024-04-17 20:11
101226,10122603,25,2022,20,4,,,,,,,1,1,2,,,,4,,2024-04-17 20:11
101226,10122604,25,2022,16,2,,,,,,,1,1,1,,,,4,,2024-04-17 20:11
101227,10122701,25,2022,65,6,1,426,2021m7,2,875,1,2,8,1,600,2,1,4,,2024-04-17 20:11
101227,10122702,25,2022,62,3,1,872,2019m4,1,421,1,2,8,2,195,2,3,4,,2024-04-17 20:11
101229,10122901,25,2022,37,6,1,411,2014m11,1,312,1,1,8,1,500,1,3,4,,2024-04-17 20:11
101230,10123001,25,2022,53,3,1,871,2018m3,1,243,1,3,8,2,215,1,3,5,,2024-04-17 20:11
110353,10123002,25,2022,31,4,1,181,2015m8,1,285,1,2,8,1,200,1,3,4,,2024-04-17 20:11
101230,10123003,25,2022,29,6,1,283,2020m1,1,312,1,1,8,2,250,1,3,5,,2024-04-17 20:11
101232,10123201,25,2022,68,3,,,,,,,1,8,1,,,,6,,2024-04-17 20:11
101233,10123302,25,2022,42,5,,,,,,,3,1,2,,,,4,,2024-04-17 20:11
101235,10123501,25,2022,46,6,,,,,,,3,8,1,,,,4,,2024-04-17 20:11
101235,10123503,25,2022,19,3,,,,,,,1,8,2,,,,4,,2024-04-17 20:11
101236,10123602,25,2022,72,6,,,,,,,3,8,2,,,,4,,2024-04-17 20:11
101237,10123701,25,2022,51,3,2,424,2021m5,4,783,2,2,8,1,400,,3,5,,2024-04-17 20:11
101237,10123702,25,2022,50,3,,,,,,,2,8,2,,,,5,,2024-04-17 20:11
110373,10123703,25,2022,26,6,1,111,2021m9,1,510,1,1,1,1,300,1,3,4,,2024-04-17 20:11
101238,10123802,25,2022,67,2,,,,,,,2,8,2,,,,4,,2024-04-17 20:11
101238,10123803,25,2022,45,6,1,953,2022m3,1,761,1,1,8,1,250,1,2,4,,2024-04-17 20:11
110154,10124003,25,2022,31,6,1,285,2017m12,1,234,1,1,8,1,480,1,2,4,,2024-04-17 20:11
101240,10124004,25,2022,91,2,,,,,,,3,8,1,,,,5,,2024-04-17 20:11
101241,10124101,25,2022,42,5,1,521,2008m3,1,312,1,2,8,1,300,1,2,3,,2024-04-17 20:11
101241,10124102,25,2022,37,3,,,,,,,2,8,2,,,,3,,2024-04-17 20:11
101242,10124201,25,2022,54,6,1,681,2016m12,1,139,1,2,19,1,500,1,2,4,,2024-04-17 20:11
101242,10124202,25,2022,52,6,2,855,2002m9,4,254,2,2,19,2,100,,3,4,,2024-04-17 20:11
101243,10124301,25,2022,74,3,,,,,,,2,8,1,,,,3,,2024-04-17 20:11
101243,10124302,25,2022,67,3,,,,,,,2,8,2,,,,3,,2024-04-17 20:11
101244,10124402,25,2022,53,6,,,,,,,2,1,2,,,,5,,2024-04-17 20:11
101245,10124501,25,2022,56,3,1,421,2000m3,1,312,1,2,8,1,380,1,3,5,,2024-04-17 20:11
101245,10124502,25,2022,60,3,,,,,,,2,8,2,,,,5,,2024-04-17 20:11
101245,10124503,25,2022,25,3,1,861,2018m10,2,312,1,1,8,2,190,2,3,5,,2024-04-17 20:11
101245,10124504,25,2022,24,6,,,,,,,1,8,2,,,,5,,2024-04-17 20:11
101246,10124601,25,2022,59,3,1,911,2013m10,1,312,1,2,8,1,460,1,2,4,,2024-04-17 20:11
101246,10124602,25,2022,53,3,1,682,2021m10,1,312,1,2,8,2,240,1,2,4,,2024-04-17 20:11
101246,10124604,25,2022,20,4,1,562,2021m11,2,441,1,1,8,1,40,2,3,4,,2024-04-17 20:11
101249,10124901,25,2022,82,2,,,,,,,3,8,2,,,,5,,2024-04-17 20:11
101251,10125101,25,2022,74,2,,,,,,,2,8,1,,,,6,,2024-04-17 20:11
101251,10125102,25,2022,67,2,2,467,2020m6,4,941,2,2,8,2,30,,2,6,,2024-04-17 20:11
101254,10125402,25,2022,47,6,2,855,2008m3,4,254,2,2,8,2,1300,,2,4,,2024-04-17 20:11
101255,10125501,25,2022,73,3,2,561,1990m4,4,442,2,2,8,1,500,,2,3,,2024-04-17 20:11
101255,10125502,25,2022,67,3,3,561,1990m4,5,442,2,2,8,2,,,2,3,,2024-04-17 20:11
101257,10125701,25,2022,57,3,1,259,2019m12,1,851,1,2,8,1,390,1,2,4,,2024-04-17 20:11
101257,10125702,25,2022,54,3,1,132,2021m9,1,822,1,2,8,2,225,1,3,5,,2024-04-17 20:11
110314,10125703,25,2022,31,4,,,,,,,2,8,2,,,,5,,2024-04-17 20:11
101257,10125704,25,2022,85,2,,,,,,,3,8,2,,,,4,,2024-04-17 20:11
101257,10125705,25,2022,18,2,,,,,,,1,8,2,,,,5,,2024-04-17 20:11
101258,10125801,25,2022,83,6,1,872,2020m1,2,247,1,2,8,1,70,2,2,6,,2024-04-17 20:11
101260,10126002,25,2022,75,2,,,,,,,3,8,2,,,,4,,2024-04-17 20:11
101262,10126202,25,2022,62,3,1,561,2014m1,2,952,1,2,8,2,150,2,3,4,,2024-04-17 20:11
101263,10126301,25,2022,70,3,1,872,2017m3,2,247,1,3,8,2,27,2,3,5,,2024-04-17 20:11
101264,10126402,25,2022,72,2,1,561,2020m12,2,952,1,2,8,2,200,2,3,4,,2024-04-17 20:11
101265,10126502,25,2022,52,3,3,763,2016m6,5,313,2,2,8,2,,,3,5,,2024-04-17 20:11
101266,10126601,25,2022,50,3,1,472,2014m1,1,710,1,2,8,1,245,1,3,5,,2024-04-17 20:11
101266,10126602,25,2022,50,3,1,471,2018m12,1,521,1,2,8,2,190,1,3,5,,2024-04-17 20:11
101266,10126603,25,2022,27,6,1,479,2018m10,1,531,1,1,8,2,167,1,3,5,,2024-04-17 20:11
101266,10126604,25,2022,22,5,,,,,,,1,8,2,,,,5,,2024-04-17 20:11
101267,10126701,25,2022,73,2,1,841,2021m3,2,992,1,3,15,1,,2,3,5,,2024-04-17 20:11
110342,10126702,25,2022,72,2,,,,,,,3,15,2,,,,5,,2024-04-17 20:11
110230,10126703,25,2022,42,6,1,682,2021m5,1,139,1,3,15,1,180,2,3,4,,2024-04-17 20:11
110265,10126704,25,2022,39,3,,,,,,,2,15,2,,,,5,,2024-04-17 20:11
101269,10126901,25,2022,53,6,1,107,2019m12,2,873,1,2,15,1,180,2,3,5,,2024-04-17 20:11
101269,10126902,25,2022,50,6,1,851,2015m3,1,252,1,2,15,2,162,2,2,5,,2024-04-17 20:11
101269,10126903,25,2022,21,3,1,292,2020m2,1,851,1,1,15,1,260,1,2,5,,2024-04-17 20:11
101269,10126904,25,2022,16,2,,,,,,,1,15,2,,,,4,,2024-04-17 20:11
101270,10127001,25,2022,63,3,2,340,2017m11,4,753,2,2,2,1,400,,3,5,,2024-04-17 20:11
101270,10127002,25,2022,62,3,,,,,,,2,2,2,,,,4,,2024-04-17 20:11
101271,10127101,25,2022,64,3,2,423,2001m3,4,762,2,2,15,1,500,,3,5,,2024-04-17 20:11
101271,10127102,25,2022,63,3,,,,,,,2,15,2,,,,5,,2024-04-17 20:11
101271,10127103,25,2022,34,5,1,423,2009m3,1,312,1,1,15,2,250,1,2,5,,2024-04-17 20:11
110187,10127104,25,2022,32,5,1,862,2015m3,1,243,1,1,2,2,290,1,3,5,,2024-04-17 20:11
101272,10127201,25,2022,59,2,,,,,,,3,15,2,,,,4,,2024-04-17 20:11
110136,10127202,25,2022,35,5,,,,,,,2,15,2,,,,4,,2024-04-17 20:11
101272,10127203,25,2022,32,3,1,411,2017m4,3,910,1,1,15,1,250,2,3,5,,2024-04-17 20:11
101273,10127301,25,2022,46,5,1,303,2008m8,1,853,1,2,15,1,360,1,3,4,,2024-04-17 20:11
101273,10127302,25,2022,45,6,2,682,2015m4,4,274,2,2,15,2,400,,3,4,,2024-04-17 20:11
101273,10127303,25,2022,15,2,,,,,,,1,15,2,,,,4,,2024-04-17 20:11
101274,10127401,25,2022,60,3,1,421,2011m1,1,874,1,2,15,1,410,1,3,4,,2024-04-17 20:11
101274,10127402,25,2022,56,3,,,,,,,2,15,2,,,,5,,2024-04-17 20:11
101274,10127403,25,2022,28,5,1,478,2022m1,1,521,1,1,15,2,260,1,2,5,,2024-04-17 20:11
101274,10127404,25,2022,19,4,,,,,,,1,15,2,,,,5,,2024-04-17 20:11
101275,10127501,25,2022,45,5,1,423,2002m9,1,772,1,3,15,1,510,1,3,4,,2024-04-17 20:11
110120,10127502,25,2022,46,3,1,561,2016m11,1,442,1,3,15,2,230,2,3,5,,2024-04-17 20:11
101275,10127503,25,2022,17,2,,,,,,,1,15,2,,,,4,,2024-04-17 20:11
101276,10127601,25,2022,76,3,,,,,,,2,15,1,,,,4,,2024-04-17 20:11
101276,10127602,25,2022,71,2,1,872,2022m2,2,421,1,2,15,2,66,2,2,4,,2024-04-17 20:11
110026,10127701,25,2022,70,2,,,,,,,3,15,2,,,,5,,2024-04-17 20:11
101277,10127702,25,2022,49,3,1,529,2013m4,1,312,1,3,15,1,210,1,2,6,,2024-04-17 20:11
101279,10127901,25,2022,74,2,,,,,,,3,15,2,,,,4,,2024-04-17 20:11
101281,10128102,25,2022,52,3,1,561,2012m1,3,952,1,3,15,2,160,2,2,5,,2024-04-17 20:11
101281,10128103,25,2022,21,4,1,561,2021m5,2,442,1,1,15,2,80,2,2,5,,2024-04-17 20:11
101281,10128104,25,2022,18,2,,,,,,,1,15,2,,,,5,,2024-04-17 20:11
101282,10128201,25,2022,75,1,,,,,,,3,15,1,,,,5,,2024-04-17 20:11
110089,10128302,25,2022,54,3,1,477,2017m8,1,236,1,2,15,1,280,1,3,4,,2024-04-17 20:11
110089,10128304,25,2022,39,3,,,,,,,2,15,2,,,,5,,2024-04-17 20:11
101284,10128401,25,2022,56,3,1,472,2016m6,1,521,1,3,15,2,300,1,2,5,,2024-04-17 20:11
101285,10128501,25,2022,49,3,1,841,2022m1,2,,1,3,15,2,100,2,2,5,,2024-04-17 20:11
101286,10128601,25,2022,55,3,1,475,1990m3,1,753,1,2,9,1,190,1,3,4,,2024-04-17 20:11
101286,10128602,25,2022,54,2,,,,,,,2,9,2,,,,4,,2024-04-17 20:11
101286,10128603,25,2022,29,6,,,,,,,1,9,2,,,,4,,2024-04-17 20:11
101286,10128604,25,2022,28,5,1,,2021m7,1,273,1,1,9,2,200,1,2,3,,2024-04-17 20:11
101286,10128605,25,2022,23,4,,,,,,,1,9,2,,,,4,,2024-04-17 20:11
101287,10128701,25,2022,41,5,1,953,2008m4,1,,1,1,9,1,230,2,2,5,,2024-04-17 20:11
101288,10128801,25,2022,81,2,,,,,,,3,15,1,,,,6,,2024-04-17 20:11
101289,10128901,25,2022,52,3,2,952,2013m7,4,751,2,2,3,1,150,,2,4,,2024-04-17 20:11
101289,10128902,25,2022,50,3,,,,,,,2,3,2,,,,4,,2024-04-17 20:11
110232,10128903,25,2022,30,4,1,529,2022m9,2,921,1,1,3,2,120,2,3,4,,2024-04-17 20:11
101292,10129201,25,2022,42,6,1,411,2014m7,1,312,1,2,12,1,300,1,2,4,,2024-04-17 20:11
101293,10129301,25,2022,35,6,1,762,2013m8,1,313,1,2,14,2,290,1,3,3,,2024-04-17 20:11
101293,10129303,25,2022,36,5,1,492,2014m11,1,871,1,2,14,1,500,1,2,3,,2024-04-17 20:11
101294,10129401,25,2022,56,3,2,134,1996m12,4,821,2,2,14,1,800,,3,3,,2024-04-17 20:11
101294,10129402,25,2022,51,3,3,134,2007m10,5,930,2,2,14,2,,,3,4,,2024-04-17 20:11
101294,10129404,25,2022,24,5,1,861,2022m1,1,314,1,1,14,2,170,2,2,4,,2024-04-17 20:11
101295,10129501,25,2022,72,3,,,,,,,2,14,1,,,,3,,2024-04-17 20:11
101295,10129502,25,2022,64,3,,,,,,,2,14,2,,,,4,,2024-04-17 20:11
101296,10129601,25,2022,65,5,,,,,,,2,14,1,,,,4,,2024-04-17 20:11
101296,10129602,25,2022,61,3,1,111,2022m1,2,710,1,2,14,2,50,2,3,4,,2024-04-17 20:11
101296,10129603,25,2022,31,6,1,222,2022m5,1,312,1,1,14,1,240,1,2,3,,2024-04-17 20:11
101296,10129604,25,2022,29,5,1,953,2015m8,1,399,1,1,14,2,500,1,2,3,,2024-04-17 20:11
101297,10129701,25,2022,64,6,1,853,2019m3,2,251,1,2,3,1,200,2,2,3,,2024-04-17 20:11
101297,10129702,25,2022,57,6,1,902,1989m6,1,311,1,2,3,2,700,1,2,3,,2024-04-17 20:11
101297,10129703,25,2022,24,4,,,,,,,1,3,1,,,,3,,2024-04-17 20:11
101297,10129704,25,2022,21,4,,,,,,,1,3,1,,,,4,,2024-04-17 20:11
101298,10129802,25,2022,56,3,2,561,2015m6,4,312,2,2,7,2,600,,2,3,,2024-04-17 20:11
101299,10129901,25,2022,51,3,1,231,1996m12,1,753,1,2,14,1,480,1,2,4,,2024-04-17 20:11
101299,10129902,25,2022,48,3,2,561,2019m5,4,441,2,2,14,2,250,,4,4,,2024-04-17 20:11
101299,10129903,25,2022,23,6,,,,,,,1,14,1,,,,4,,2024-04-17 20:11
101299,10129904,25,2022,20,3,,,,,,,1,14,1,,,,4,,2024-04-17 20:11
101300,10130001,25,2022,46,3,1,451,2017m6,2,510,1,2,14,1,300,2,3,4,,2024-04-17 20:11
101300,10130003,25,2022,41,5,1,861,2019m1,1,243,1,2,14,2,295,1,3,4,,2024-04-17 20:11
101302,10130201,25,2022,74,3,,,,,,,2,14,1,,,,4,,2024-04-17 20:11
101302,10130202,25,2022,75,3,,,,,,,2,14,2,,,,4,,2024-04-17 20:11
101303,10130301,25,2022,51,6,1,844,1998m5,1,411,1,2,14,1,500,1,2,3,,2024-04-17 20:11
101303,10130302,25,2022,51,5,1,861,2020m7,1,243,1,2,14,2,300,1,2,3,,2024-04-17 20:11
101303,10130303,25,2022,24,4,,,,,,,1,14,2,,,,4,,2024-04-17 20:11
101303,10130304,25,2022,22,4,,,,,,,1,14,1,,,,4,,2024-04-17 20:11
101304,10130401,25,2022,61,3,,,,,,,2,14,1,,,,4,,2024-04-17 20:11
101304,10130402,25,2022,61,5,1,872,2022m1,1,421,1,2,14,2,190,2,3,4,,2024-04-17 20:11
110159,10130403,25,2022,34,6,1,631,2015m6,1,223,1,2,8,1,750,1,2,4,,2024-04-17 20:11
101305,10130501,25,2022,64,2,2,426,1992m4,4,875,2,2,14,1,100,,3,4,,2024-04-17 20:11
101305,10130502,25,2022,59,2,2,961,1996m5,4,422,2,2,14,2,50,,3,4,,2024-04-17 20:11
110079,10130503,25,2022,38,5,1,861,2014m7,1,245,1,2,14,2,250,1,2,3,,2024-04-17 20:11
110156,10130504,25,2022,30,5,1,241,2021m12,1,312,1,1,13,1,450,1,2,3,,2024-04-17 20:11
110059,10130505,25,2022,35,5,1,861,2016m1,1,243,1,2,14,2,,1,3,3,,2024-04-17 20:11
101307,10130701,25,2022,87,3,,,,,,,3,14,1,,,,5,,2024-04-17 20:11
101308,10130801,25,2022,63,3,2,11,1979m4,4,611,2,2,14,1,500,,3,4,,2024-04-17 20:11
101308,10130802,25,2022,58,3,3,11,1983m5,5,611,2,2,14,2,,,3,4,,2024-04-17 20:11
110157,10130803,25,2022,39,6,1,711,2013m3,1,330,1,2,14,1,200,1,3,4,,2024-04-17 20:11
110121,10130804,25,2022,35,6,1,463,2022m5,2,510,1,1,8,1,1000,2,2,4,,2024-04-17 20:11
101309,10130901,25,2022,66,5,,,,,,,2,14,1,,,,3,,2024-04-17 20:11
101309,10130902,25,2022,64,5,,,,,,,2,14,2,,,,3,,2024-04-17 20:11
101309,10130903,25,2022,32,6,,,,,,,1,14,1,,,,4,,2024-04-17 20:11
101310,10131001,25,2022,70,3,1,682,2004m7,1,942,1,2,14,1,160,2,3,4,,2024-04-17 20:11
101310,10131002,25,2022,65,2,,,,,,,2,14,2,,,,4,,2024-04-17 20:11
110188,10131003,25,2022,40,3,1,273,2013m11,1,843,1,1,15,1,390,1,2,5,,2024-04-17 20:11
101312,10131201,25,2022,73,2,,,,,,,3,8,2,,,,4,,2024-04-17 20:11
101315,10131501,25,2022,37,5,1,951,2009m8,1,772,1,2,14,1,325,1,3,4,,2024-04-17 20:11
101315,10131502,25,2022,35,6,1,872,2011m8,1,312,1,2,14,2,110,1,3,4,,2024-04-17 20:11
101316,10131601,25,2022,64,2,,,,,,,2,14,1,,,,5,,2024-04-17 20:11
101316,10131602,25,2022,63,2,1,872,2018m10,1,421,1,2,14,2,65,2,3,5,,2024-04-17 20:11
110216,10131603,25,2022,35,5,1,252,2011m12,1,851,1,3,14,1,400,1,2,4,,2024-04-17 20:11
101317,10131701,25,2022,52,3,,,,,,,3,14,2,,,,5,,2024-04-17 20:11
101317,10131702,25,2022,21,3,1,562,2021m3,2,441,1,1,14,1,130,2,3,6,,2024-04-17 20:11
101317,10131703,25,2022,17,2,,,,,,,1,14,2,,,,6,,2024-04-17 20:11
101317,10131704,25,2022,17,2,,,,,,,1,14,2,,,,6,,2024-04-17 20:11
101319,10131901,25,2022,69,3,,,,,,,2,6,1,,,,3,,2024-04-17 20:11
101319,10131902,25,2022,62,3,1,969,2015m12,2,421,1,2,6,2,100,2,3,3,,2024-04-17 20:11
101321,10132102,25,2022,70,2,,,,,,,3,6,2,,,,6,,2024-04-17 20:11
101324,10132401,25,2022,85,2,,,,,,,2,6,1,,,,5,,2024-04-17 20:11
101324,10132402,25,2022,81,2,,,,,,,2,6,2,,,,5,,2024-04-17 20:11
101325,10132501,25,2022,63,2,1,969,2018m7,1,441,1,3,6,2,200,1,3,5,,2024-04-17 20:11
101325,10132502,25,2022,36,5,1,423,2021m8,1,762,1,1,6,1,250,1,3,6,,2024-04-17 20:11
101327,10132701,25,2022,85,3,1,872,2017m3,2,941,1,3,6,1,27,2,2,4,,2024-04-17 20:11
101327,10132702,25,2022,55,3,1,952,1994m6,1,851,1,2,6,1,380,1,2,4,,2024-04-17 20:11
101327,10132703,25,2022,52,3,,,,,,,2,6,2,,,,4,,2024-04-17 20:11
110419,10132704,25,2022,26,6,1,582,2022m1,1,224,1,1,1,2,220,1,2,4,,2024-04-17 20:11
101327,10132705,25,2022,25,6,1,491,2022m7,2,431,1,1,6,2,170,2,2,4,,2024-04-17 20:11
101328,10132802,25,2022,80,2,1,841,2020m1,3,941,1,3,6,2,27,2,2,5,,2024-04-17 20:11
101329,10132901,25,2022,87,3,1,872,2018m3,2,941,1,2,6,1,27,2,2,4,,2024-04-17 20:11
101329,10132902,25,2022,85,2,1,872,2019m3,2,941,1,2,6,2,27,2,2,4,,2024-04-17 20:11
101330,10133001,25,2022,70,3,2,493,2021m4,4,873,2,2,6,1,80,,3,4,,2024-04-17 20:11
101330,10133002,25,2022,66,2,1,872,2022m1,1,421,1,2,6,2,145,1,2,4,,2024-04-17 20:11
110189,10133003,25,2022,42,5,1,301,2011m7,1,854,1,2,6,1,380,1,2,3,,2024-04-17 20:11
110028,10133004,25,2022,40,6,,,,,,,2,6,2,,,,4,,2024-04-17 20:11
110190,10133005,25,2022,38,6,1,852,2015m3,1,252,1,2,13,2,320,1,3,4,,2024-04-17 20:11
101331,10133102,25,2022,76,4,,,,,,,3,8,2,,,,4,,2024-04-17 20:11
101332,10133201,25,2022,61,6,1,715,2021m10,2,271,1,2,8,1,530,1,3,4,,2024-04-17 20:11
101332,10133202,25,2022,61,6,,,,,,,2,8,2,,,,4,,2024-04-17 20:11
101333,10133301,25,2022,82,3,,,,,,,2,8,1,,,,4,,2024-04-17 20:11
101333,10133302,25,2022,80,2,,,,,,,2,8,2,,,,4,,2024-04-17 20:11
101334,10133401,25,2022,82,2,1,841,2019m2,2,314,1,2,8,1,27,2,3,4,,2024-04-17 20:11
101334,10133402,25,2022,82,2,,,,,,,2,8,2,,,,4,,2024-04-17 20:11
101335,10133501,25,2022,58,6,1,411,1989m4,1,313,1,2,8,1,780,1,2,3,,2024-04-17 20:11
101335,10133502,25,2022,54,6,1,681,2022m6,2,399,1,2,8,2,225,2,3,4,,2024-04-17 20:11
101335,10133503,25,2022,28,6,1,491,2021m6,1,762,1,1,8,1,290,1,2,5,,2024-04-17 20:11
101335,10133504,25,2022,25,4,1,844,2022m1,1,411,1,1,8,1,225,1,2,4,,2024-04-17 20:11
101336,10133601,25,2022,54,3,,,,,,,2,8,1,,,,3,,2024-04-17 20:11
101336,10133602,25,2022,53,3,,,,,,,2,8,2,,,,3,,2024-04-17 20:11
101336,10133603,25,2022,29,5,1,732,2019m11,1,285,1,1,8,2,270,1,3,3,,2024-04-17 20:11
101336,10133604,25,2022,26,5,1,620,2019m3,1,224,1,1,8,1,250,1,3,2,,2024-04-17 20:11
101338,10133801,25,2022,76,3,,,,,,,2,3,1,,,,4,,2024-04-17 20:11
101338,10133802,25,2022,67,2,,,,,,,2,3,2,,,,4,,2024-04-17 20:11
110420,10133803,25,2022,42,5,1,611,2014m5,1,311,1,1,3,1,330,1,2,3,,2024-04-17 20:11
101339,10133901,25,2022,75,1,,,,,,,1,3,1,,,,6,,2024-04-17 20:11
101342,10134201,25,2022,88,2,,,,,,,1,3,2,,,,6,,2024-04-17 20:11
101346,10134601,25,2022,83,3,,,,,,,2,4,1,,,,5,,2024-04-17 20:11
101346,10134602,25,2022,83,2,,,,,,,2,4,2,,,,5,,2024-04-17 20:11
101350,10135001,25,2022,53,5,3,732,2013m10,5,285,2,2,4,2,,,3,4,,2024-04-17 20:11
101350,10135002,25,2022,48,5,2,713,2013m10,4,285,2,2,4,1,0,,3,4,,2024-04-17 20:11
101351,10135101,25,2022,51,4,1,949,2009m12,1,248,1,3,11,2,235,1,2,4,,2024-04-17 20:11
110421,10135102,25,2022,25,6,1,471,2022m1,1,521,1,1,4,2,204,1,2,5,,2024-04-17 20:11
110334,10135103,25,2022,24,5,1,562,2021m3,1,441,1,1,11,2,210,2,3,5,,2024-04-17 20:11
101352,10135201,25,2022,67,6,1,701,2013m11,1,131,1,2,4,1,3000,1,2,3,,2024-04-17 20:11
101352,10135202,25,2022,70,3,2,855,2015m1,4,254,2,2,4,2,700,,2,3,,2024-04-17 20:11
101352,10135204,25,2022,37,6,1,855,2015m11,1,254,1,1,4,1,1000,1,2,3,,2024-04-17 20:11
101354,10135401,25,2022,57,3,1,422,2015m8,3,783,1,2,4,1,400,2,3,4,,2024-04-17 20:11
101354,10135402,25,2022,58,3,,,,,,,2,4,2,,,,4,,2024-04-17 20:11
110374,10135403,25,2022,26,6,1,271,2019m2,1,245,1,1,1,2,225,1,3,5,,2024-04-17 20:11
101357,10135701,25,2022,35,5,,,,,,,2,4,2,,,,3,,2024-04-17 20:11
101357,10135702,25,2022,41,3,2,451,,4,510,2,2,4,1,500,,4,3,,2024-04-17 20:11
101358,10135801,25,2022,49,5,1,352,2000m10,1,236,1,2,15,1,540,1,2,4,,2024-04-17 20:11
101358,10135802,25,2022,52,5,,,,,,,2,15,2,,,,4,,2024-04-17 20:11
101358,10135804,25,2022,17,2,,,,,,,1,15,1,,,,4,,2024-04-17 20:11
101361,10136101,25,2022,52,3,1,681,2009m11,1,313,1,3,2,2,200,1,3,4,,2024-04-17 20:11
101362,10136201,25,2022,60,6,,,,,,,2,2,1,,,,4,,2024-04-17 20:11
101362,10136202,25,2022,53,3,,,,,,,2,2,2,,,,3,,2024-04-17 20:11
110397,10136203,25,2022,29,6,,,,,,,1,2,2,,,,5,,2024-04-17 20:11
101362,10136204,25,2022,26,6,1,271,2018m12,1,245,1,1,2,2,250,1,3,4,,2024-04-17 20:11
101363,10136301,25,2022,78,3,,,,,,,3,8,2,,,,3,,2024-04-17 20:11
101363,10136302,25,2022,53,6,1,423,2011m3,1,771,1,1,8,1,230,1,3,4,,2024-04-17 20:11
101364,10136401,25,2022,71,3,,,,,,,3,8,2,,,,4,,2024-04-17 20:11
110029,10136402,25,2022,44,6,1,721,2019m4,1,231,1,2,8,1,400,1,2,3,,2024-04-17 20:11
110283,10136403,25,2022,36,4,1,651,2018m4,1,320,1,1,8,1,340,2,3,5,,2024-04-17 20:11
101364,10136404,25,2022,43,6,1,851,2008m3,1,253,1,3,8,2,300,1,3,3,,2024-04-17 20:11
101364,10136405,25,2022,15,2,,,,,,,1,8,2,,,,4,,2024-04-17 20:11
101365,10136501,25,2022,76,3,,,,,,,3,8,2,,,,4,,2024-04-17 20:11
101365,10136502,25,2022,47,6,1,612,2018m1,1,772,1,1,8,1,300,2,3,3,,2024-04-17 20:11
101366,10136601,25,2022,48,3,2,952,2009m7,4,941,2,2,8,1,100,,3,3,,2024-04-17 20:11
101366,10136602,25,2022,48,5,,,,,,,2,8,2,,,,3,,2024-04-17 20:11
101369,10136901,25,2022,73,2,,,,,,,2,13,1,,,,4,,2024-04-17 20:11
101369,10136902,25,2022,73,2,1,11,2020m10,3,991,1,2,13,2,30,2,3,4,,2024-04-17 20:11
101370,10137001,25,2022,68,3,3,11,2021m8,5,611,2,2,2,1,,,3,5,,2024-04-17 20:11
101370,10137002,25,2022,67,3,2,11,1982m1,4,611,2,2,2,2,55,,2,5,,2024-04-17 20:11
101370,10137003,25,2022,40,4,1,478,2009m6,2,521,1,1,2,1,250,2,2,5,,2024-04-17 20:11
110158,10137004,25,2022,38,6,2,562,2021m2,4,441,2,2,1,2,300,,2,5,,2024-04-17 20:11
101371,10137101,25,2022,81,3,,,,,,,2,8,1,,,,4,,2024-04-17 20:11
101371,10137102,25,2022,79,2,,,,,,,2,8,2,,,,4,,2024-04-17 20:11
101372,10137201,25,2022,80,6,,,,,,,2,2,1,,,,4,,2024-04-17 20:11
101372,10137202,25,2022,72,3,,,,,,,2,2,2,,,,4,,2024-04-17 20:11
101373,10137301,25,2022,49,3,2,961,2013m6,4,422,2,2,2,1,600,,3,4,,2024-04-17 20:11
101373,10137302,25,2022,45,5,,,,,,,2,2,2,,,,5,,2024-04-17 20:11
101373,10137303,25,2022,15,2,,,,,,,1,2,2,,,,3,,2024-04-17 20:11
101374,10137401,25,2022,52,3,1,466,2009m11,1,312,1,2,2,1,330,1,3,6,,2024-04-17 20:11
101374,10137402,25,2022,51,3,1,291,2012m6,1,441,1,2,2,2,230,1,3,5,,2024-04-17 20:11
110251,10137403,25,2022,28,3,1,264,2016m3,2,864,1,1,15,1,270,2,3,5,,2024-04-17 20:11
101374,10137404,25,2022,25,4,,,,,,,1,2,2,,,,5,,2024-04-17 20:11
101375,10137501,25,2022,81,3,,,,,,,2,2,1,,,,5,,2024-04-17 20:11
101375,10137502,25,2022,68,3,1,872,1986m5,1,421,1,2,2,2,100,2,3,5,,2024-04-17 20:11
110030,10137503,25,2022,46,6,1,843,2006m7,1,311,1,2,15,1,540,1,2,4,,2024-04-17 20:11
101376,10137602,25,2022,61,4,,,,,,,3,2,1,,,,5,,2024-04-17 20:11
101377,10137701,25,2022,91,1,,,,,,,3,2,2,,,,6,,2024-04-17 20:11
101378,10137801,25,2022,64,3,,,,,,,2,7,2,,,,6,,2024-04-17 20:11
101378,10137802,25,2022,70,6,,,,,,,2,7,1,,,,6,,2024-04-17 20:11
101378,10137804,25,2022,40,6,2,855,2021m7,4,254,2,3,7,2,300,,3,6,,2024-04-17 20:11
101379,10137901,25,2022,79,2,1,872,2015m3,2,429,1,3,2,2,27,2,2,4,,2024-04-17 20:11
101379,10137902,25,2022,15,2,,,,,,,1,2,1,,,,4,,2024-04-17 20:11
101380,10138002,25,2022,63,3,,,,,,,3,2,2,,,,5,,2024-04-17 20:11
101380,10138003,25,2022,29,5,1,969,2020m2,1,423,1,1,2,1,260,1,4,4,,2024-04-17 20:11
101381,10138101,25,2022,55,3,1,139,2018m7,1,822,1,2,2,1,230,1,3,5,,2024-04-17 20:11
101381,10138102,25,2022,51,3,1,861,2019m11,1,246,1,2,2,2,174,1,3,5,,2024-04-17 20:11
101381,10138103,25,2022,23,3,,,,,,,1,2,1,,,,5,,2024-04-17 20:11
101381,10138104,25,2022,19,3,,,,,,,1,2,1,,,,5,,2024-04-17 20:11
101381,10138105,25,2022,21,4,,,,,,,1,2,2,,,,5,,2024-04-17 20:11
101381,10138106,25,2022,76,3,,,,,,,2,2,2,,,,5,,2024-04-17 20:11
101382,10138201,25,2022,61,3,2,424,1992m10,4,783,2,2,2,1,350,,2,5,,2024-04-17 20:11
101382,10138202,25,2022,54,3,3,251,2021m5,5,783,2,2,2,2,,,3,5,,2024-04-17 20:11
101382,10138203,25,2022,30,5,,,,,,,1,2,1,,,,5,,2024-04-17 20:11
101382,10138204,25,2022,26,5,1,301,2022m1,2,854,1,1,2,1,250,2,3,5,,2024-04-17 20:11
101383,10138301,25,2022,64,2,1,172,2011m5,1,891,1,3,14,1,170,2,3,5,,2024-04-17 20:11
101385,10138501,25,2022,69,3,1,682,2016m8,3,274,1,3,2,1,10,2,3,6,,2024-04-17 20:11
101386,10138601,25,2022,53,6,1,411,2019m2,1,236,1,1,2,1,400,1,3,5,,2024-04-17 20:11
101387,10138702,25,2022,81,3,,,,,,,3,2,2,,,,4,,2024-04-17 20:11
101387,10138703,25,2022,53,6,,,,,,,1,2,1,,,,4,,2024-04-17 20:11
101388,10138801,25,2022,68,2,2,474,2010m8,4,521,2,3,2,2,100,,3,5,,2024-04-17 20:11
101388,10138803,25,2022,46,3,1,259,2022m2,1,851,1,1,2,1,200,1,3,5,,2024-04-17 20:11
110296,10138804,25,2022,45,3,2,856,2022m2,4,254,2,1,2,1,100,,3,5,,2024-04-17 20:11
110122,10138805,25,2022,42,3,1,961,2016m9,1,422,1,2,2,2,400,2,2,5,,2024-04-17 20:11
101391,10139101,25,2022,60,6,1,853,2021m3,2,251,1,2,8,1,500,2,2,3,,2024-04-17 20:11
101391,10139102,25,2022,55,6,1,852,1989m4,1,252,1,2,8,2,750,1,2,3,,2024-04-17 20:11
101391,10139104,25,2022,27,4,,,,,,,1,8,1,,,,3,,2024-04-17 20:11
101392,10139201,25,2022,64,6,1,682,2022m1,3,942,1,2,8,1,200,2,3,3,,2024-04-17 20:11
101392,10139202,25,2022,64,6,,,,,,,2,8,2,,,,3,,2024-04-17 20:11
110191,10139204,25,2022,37,6,2,911,2020m6,4,422,2,2,8,1,400,,3,5,,2024-04-17 20:11
101393,10139301,25,2022,45,6,1,424,2019m11,1,782,1,1,8,1,450,1,3,5,,2024-04-17 20:11
101394,10139401,25,2022,61,6,,,,,,,2,8,2,,,,4,,2024-04-17 20:11
101394,10139404,25,2022,31,6,1,861,2019m2,1,241,1,1,8,2,400,1,2,3,,2024-04-17 20:11
101395,10139501,25,2022,73,1,,,,,,,3,13,2,,,,5,,2024-04-17 20:11
101396,10139602,25,2022,80,1,,,,,,,3,13,2,,,,4,,2024-04-17 20:11
110137,10139603,25,2022,60,2,1,422,2010m3,3,753,1,2,13,1,100,2,3,4,,2024-04-17 20:11
110137,10139604,25,2022,53,3,2,11,2018m6,4,611,2,2,13,2,100,,4,4,,2024-04-17 20:11
101397,10139701,25,2022,86,2,2,11,1957m12,4,611,2,3,13,2,25,,3,4,,2024-04-17 20:11
101398,10139801,25,2022,65,3,1,411,2021m1,3,782,1,3,13,1,60,2,3,4,,2024-04-17 20:11
110252,10139804,25,2022,28,3,1,241,2018m10,1,753,1,1,13,1,450,1,3,4,,2024-04-17 20:11
101399,10139901,25,2022,79,2,2,11,1963m12,4,611,2,3,13,2,20,,3,4,,2024-04-17 20:11
101400,10140001,25,2022,87,1,2,11,2020m1,4,611,2,3,13,2,30,,3,4,,2024-04-17 20:11
101401,10140101,25,2022,79,2,,,,,,,2,13,1,,,,4,,2024-04-17 20:11
101401,10140102,25,2022,76,2,1,11,2015m9,3,991,1,2,13,2,80,2,3,4,,2024-04-17 20:11
110139,10140103,25,2022,53,6,1,752,2021m1,2,392,1,3,8,2,300,2,3,4,,2024-04-17 20:11
101403,10140301,25,2022,86,4,2,11,1960m3,4,611,2,2,13,1,40,,3,4,,2024-04-17 20:11
101403,10140302,25,2022,86,2,3,11,1960m3,5,611,2,2,13,2,,,3,4,,2024-04-17 20:11
101404,10140402,25,2022,70,2,,,,,,,3,13,2,,,,4,,2024-04-17 20:11
110061,10140403,25,2022,40,5,1,852,2013m3,1,243,1,2,13,2,500,1,3,3,,2024-04-17 20:11
101406,10140601,25,2022,68,2,1,751,2020m1,1,942,1,2,13,1,150,2,3,4,,2024-04-17 20:11
101406,10140602,25,2022,64,2,2,471,1980m3,4,521,2,2,13,2,300,,3,4,,2024-04-17 20:11
110062,10140603,25,2022,40,5,1,861,2009m9,1,245,1,2,13,1,500,1,3,3,,2024-04-17 20:11
110253,10140604,25,2022,38,4,1,473,2018m1,1,521,1,2,13,1,400,1,3,3,,2024-04-17 20:11
101407,10140702,25,2022,52,3,1,751,2014m10,2,941,1,3,13,2,240,2,3,5,,2024-04-17 20:11
110284,10140703,25,2022,27,3,1,762,2022m3,2,522,1,2,13,2,160,2,3,4,,2024-04-17 20:11
110422,10140704,25,2022,25,5,1,851,2018m3,1,253,1,1,13,2,190,1,3,4,,2024-04-17 20:11
101409,10140901,25,2022,83,1,2,11,1960m3,4,611,2,3,13,2,30,,3,4,,2024-04-17 20:11
101410,10141001,25,2022,63,2,1,426,1986m3,3,875,1,2,13,1,350,2,3,4,,2024-04-17 20:11
101410,10141002,25,2022,56,3,1,872,2015m2,2,429,1,2,13,2,180,2,3,4,,2024-04-17 20:11
110192,10141003,25,2022,34,6,1,841,2014m7,1,311,1,2,15,1,400,1,3,4,,2024-04-17 20:11
110090,10141004,25,2022,32,5,,,,,,,2,13,2,,,,3,,2024-04-17 20:11
101411,10141102,25,2022,83,2,2,11,2012m9,5,611,2,3,13,2,,,3,4,,2024-04-17 20:11
101413,10141301,25,2022,42,5,1,465,2007m3,2,875,1,1,6,1,450,2,3,4,,2024-04-17 20:11
110063,10141302,25,2022,40,2,,,,,,,1,8,2,,,,6,,2024-04-17 20:11
110001,11000104,25,2022,56,6,,,,,,,2,11,1,,,,5,,2024-04-17 20:11
110003,11000303,25,2022,45,3,1,259,2004m2,1,842,1,2,8,1,400,1,4,4,,2024-04-17 20:11
110005,11000502,25,2022,40,5,1,424,2011m6,1,312,1,2,8,1,370,1,3,4,,2024-04-17 20:11
110009,11000902,25,2022,39,3,1,471,2001m8,1,312,1,2,10,2,350,1,2,4,,2024-04-17 20:11
110011,11001102,25,2022,37,5,2,561,2022m5,4,441,2,2,8,1,200,,3,5,,2024-04-17 20:11
110015,11001503,25,2022,41,6,1,861,2010m3,1,243,1,2,2,2,300,1,2,4,,2024-04-17 20:11
110016,11001602,25,2022,38,6,1,856,2021m3,1,254,1,2,11,2,167,2,3,3,,2024-04-17 20:11
110018,11001802,25,2022,43,6,1,582,2008m2,1,222,1,2,8,1,380,1,2,4,,2024-04-17 20:11
110424,11001902,25,2022,27,5,1,451,2016m5,1,392,1,1,5,2,225,1,3,5,,2024-04-17 20:11
110020,11002002,25,2022,39,5,,,,,,,2,15,2,,,,4,,2024-04-17 20:11
110021,11002102,25,2022,54,6,2,291,2015m5,4,510,2,2,8,1,500,,3,5,,2024-04-17 20:11
110023,11002302,25,2022,34,6,3,561,2019m12,5,442,2,2,1,2,,,2,3,,2024-04-17 20:11
110028,11002802,25,2022,42,6,1,620,2015m8,1,224,1,2,6,1,400,1,3,4,,2024-04-17 20:11
110029,11002902,25,2022,41,6,1,852,2006m3,1,252,1,2,8,2,400,1,2,3,,2024-04-17 20:11
110030,11003002,25,2022,42,6,2,474,2014m12,4,521,2,2,15,2,250,,3,4,,2024-04-17 20:11
110032,11003202,25,2022,37,5,3,561,2019m10,5,441,2,2,16,2,,,4,5,,2024-04-17 20:11
110049,11004902,25,2022,41,6,1,861,2019m3,1,320,1,2,2,2,250,1,2,4,,2024-04-17 20:11
110051,11005102,25,2022,41,6,2,855,2013m6,4,254,2,2,12,1,400,,3,4,,2024-04-17 20:11
110052,11005205,25,2022,36,3,2,961,2022m3,4,422,2,2,10,2,200,,2,4,,2024-04-17 20:11
110055,11005502,25,2022,49,5,2,682,2020m9,4,274,2,2,6,1,,,4,5,,2024-04-17 20:11
110057,11005702,25,2022,41,6,1,582,2020m1,1,222,1,2,8,1,670,1,2,3,,2024-04-17 20:11
110059,11005902,25,2022,36,6,1,721,2019m1,1,231,1,2,14,1,300,1,3,3,,2024-04-17 20:11
110061,11006102,25,2022,40,6,1,476,2013m5,1,521,1,2,13,1,570,1,3,3,,2024-04-17 20:11
110062,11006202,25,2022,35,6,1,302,2017m4,1,312,1,2,13,2,350,1,3,3,,2024-04-17 20:11
110064,11006402,25,2022,47,3,1,472,2011m5,1,521,1,2,8,1,420,2,2,4,,2024-04-17 20:11
110066,11006602,25,2022,42,5,1,529,2010m1,1,921,1,2,12,1,420,1,2,4,,2024-04-17 20:11
110071,11007102,25,2022,37,4,1,105,2017m3,1,811,1,2,12,1,270,1,2,4,,2024-04-17 20:11
110073,11007302,25,2022,43,6,1,561,2017m5,1,244,1,2,8,2,300,1,2,3,,2024-04-17 20:11
110079,11007902,25,2022,39,6,1,721,2012m4,1,231,1,2,14,1,300,1,3,3,,2024-04-17 20:11
110081,11008102,25,2022,33,6,1,421,2016m1,1,312,1,2,15,2,240,1,3,5,,2024-04-17 20:11
110085,11008502,25,2022,39,3,1,262,2014m3,1,863,1,2,5,1,340,1,3,4,,2024-04-17 20:11
110087,11008702,25,2022,41,5,,,,,,,2,10,2,,,,4,,2024-04-17 20:11
110375,11009202,25,2022,40,3,1,612,2007m5,1,772,1,3,10,1,330,1,3,5,,2024-04-17 20:11
110095,11009502,25,2022,41,6,1,953,2000m3,1,761,1,2,1,1,500,1,3,4,,2024-04-17 20:11
110105,11010503,25,2022,30,5,,,,,,,2,8,2,,,,5,,2024-04-17 20:11
110110,11011002,25,2022,44,4,,,,,,,2,7,1,,,,4,,2024-04-17 20:11
110115,11011502,25,2022,31,3,,,,,,,2,8,2,,,,5,,2024-04-17 20:11
110116,11011602,25,2022,37,6,1,759,2020m2,1,399,1,2,19,2,80,2,2,4,,2024-04-17 20:11
110118,11011802,25,2022,53,3,,,,,,,2,7,2,,,,6,,2024-04-17 20:11
110119,11011902,25,2022,35,6,,,,,,,2,1,2,,,,5,,2024-04-17 20:11
110122,11012202,25,2022,41,3,1,952,2010m3,1,751,1,2,2,1,350,1,2,5,,2024-04-17 20:11
110124,11012402,25,2022,45,6,1,721,2013m7,1,231,1,2,19,1,480,1,2,3,,2024-04-17 20:11
110127,11012702,25,2022,38,6,,,,,,,2,12,2,,,,4,,2024-04-17 20:11
110129,11012902,25,2022,43,6,1,844,2012m12,1,411,1,2,1,1,400,1,2,4,,2024-04-17 20:11
110130,11013002,25,2022,49,6,1,581,2000m9,1,281,1,2,1,1,720,1,2,4,,2024-04-17 20:11
110131,11013102,25,2022,38,6,,,,,,,2,16,2,,,,4,,2024-04-17 20:11
110132,11013202,25,2022,39,6,,,,,,,2,8,2,,,,4,,2024-04-17 20:11
110132,11013204,25,2022,63,3,1,471,2018m3,2,442,1,3,8,2,195,2,2,5,,2024-04-17 20:11
110136,11013602,25,2022,41,5,1,465,2008m5,1,312,1,2,15,1,300,1,3,4,,2024-04-17 20:11
110140,11014002,25,2022,46,6,1,611,2003m3,1,311,1,2,2,1,350,1,2,4,,2024-04-17 20:11
110144,11014402,25,2022,33,6,1,292,2022m4,1,235,1,2,8,1,400,1,3,4,,2024-04-17 20:11
110145,11014502,25,2022,39,6,,,,,,,2,15,2,,,,5,,2024-04-17 20:11
110147,11014702,25,2022,33,4,2,561,2017m10,4,441,2,2,8,1,700,,2,5,,2024-04-17 20:11
110148,11014802,25,2022,36,3,2,952,2020m11,4,751,2,2,15,1,400,,2,5,,2024-04-17 20:11
110149,11014902,25,2022,42,6,,,,,,,2,15,2,,,,4,,2024-04-17 20:11
110150,11015002,25,2022,34,3,,,,,,,2,14,2,,,,4,,2024-04-17 20:11
110151,11015102,25,2022,38,6,1,852,2012m3,1,252,1,2,13,1,500,1,3,3,,2024-04-17 20:11
110157,11015702,25,2022,34,5,,,,,,,2,14,2,,,,4,,2024-04-17 20:11
110158,11015802,25,2022,42,6,3,,,,,,2,1,1,,,,5,,2024-04-17 20:11
110168,11016802,25,2022,47,6,1,851,2002m3,1,286,1,2,16,1,210,1,4,3,,2024-04-17 20:11
110170,11017002,25,2022,38,6,2,479,2020m6,4,532,2,2,2,1,100,,3,5,,2024-04-17 20:11
110173,11017302,25,2022,37,4,1,843,2013m3,1,980,1,2,2,1,450,1,2,4,,2024-04-17 20:11
110177,11017702,25,2022,32,3,1,681,2022m2,2,314,1,2,8,2,195,2,3,4,,2024-04-17 20:11
110181,11018102,25,2022,30,3,1,132,2021m4,2,822,1,3,1,2,156,2,3,6,,2024-04-17 20:11
110183,11018302,25,2022,41,3,,,,,,,2,3,2,,,,4,,2024-04-17 20:11
110184,11018402,25,2022,36,6,,,,,,,2,8,2,,,,4,,2024-04-17 20:11
110185,11018502,25,2022,36,6,1,844,2013m10,1,411,1,2,14,1,420,1,2,4,,2024-04-17 20:11
110189,11018902,25,2022,37,6,,,,,,,2,6,2,,,,4,,2024-04-17 20:11
110190,11019002,25,2022,40,6,1,902,2015m2,1,282,1,2,13,1,300,1,2,3,,2024-04-17 20:11
110191,11019102,25,2022,36,5,,,,,,,2,8,2,,,,5,,2024-04-17 20:11
110203,11020302,25,2022,27,5,,,,,,,2,8,2,,,,4,,2024-04-17 20:11
110207,11020702,25,2022,35,6,1,592,2022m5,2,283,1,2,8,1,250,2,3,4,,2024-04-17 20:11
110210,11021002,25,2022,32,4,1,843,2010m9,1,799,1,2,15,1,300,1,3,4,,2024-04-17 20:11
110211,11021102,25,2022,33,6,,,,,,,2,8,2,,,,4,,2024-04-17 20:11
110212,11021202,25,2022,31,5,1,851,2017m1,1,253,1,2,10,2,280,1,2,4,,2024-04-17 20:11
110213,11021302,25,2022,41,5,1,861,2013m3,1,245,1,2,15,1,250,1,3,5,,2024-04-17 20:11
110214,11021402,25,2022,32,6,,,,,,,2,2,2,,,,5,,2024-04-17 20:11
110354,11021602,25,2022,35,6,1,869,2018m6,1,245,1,2,14,2,340,2,2,4,,2024-04-17 20:11
110232,11023202,25,2022,50,3,,,,,,,3,3,2,,,,4,,2024-04-17 20:11
110235,11023502,25,2022,45,3,2,411,2016m12,4,141,2,2,19,1,300,,3,4,,2024-04-17 20:11
110239,11023902,25,2022,39,6,1,501,2018m12,2,222,1,2,1,1,600,2,2,4,,2024-04-17 20:11
110240,11024002,25,2022,32,6,2,467,2020m6,4,521,2,2,10,1,400,,3,4,,2024-04-17 20:11
110244,11024402,25,2022,50,5,1,862,2000m3,1,246,1,2,13,2,270,1,3,4,,2024-04-17 20:11
110246,11024602,25,2022,78,3,,,,,,,3,11,1,,,,6,,2024-04-17 20:11
110248,11024802,25,2022,32,5,,,,,,,2,1,2,,,,4,,2024-04-17 20:11
110250,11025002,25,2022,40,3,2,340,2018m6,4,741,2,2,19,1,800,,2,3,,2024-04-17 20:11
110253,11025302,25,2022,32,5,,,,,,,2,13,2,,,,3,,2024-04-17 20:11
110254,11025402,25,2022,40,6,1,582,2019m7,1,313,1,2,16,1,520,1,2,2,,2024-04-17 20:11
110265,11026502,25,2022,31,5,1,741,2019m1,1,762,1,2,15,1,220,1,3,5,,2024-04-17 20:11
110270,11027002,25,2022,33,6,,,,,,,2,10,1,,,,4,,2024-04-17 20:11
110274,11027402,25,2022,39,6,,,,,,,2,8,2,,,,3,,2024-04-17 20:11
110275,11027502,25,2022,34,5,1,262,2014m2,1,312,1,2,8,2,320,1,3,5,,2024-04-17 20:11
110297,11029702,25,2022,36,5,1,231,2022m2,1,863,1,2,10,1,400,1,2,4,,2024-04-17 20:11
110298,11029802,25,2022,42,3,1,862,2015m3,1,246,1,2,11,2,190,1,3,4,,2024-04-17 20:11
110302,11030202,25,2022,30,3,1,303,2020m2,2,854,1,2,10,2,320,2,3,4,,2024-04-17 20:11
110312,11031202,25,2022,35,6,1,340,2019m3,1,930,1,2,10,1,300,1,3,4,,2024-04-17 20:11
110314,11031402,25,2022,30,3,1,411,2020m1,3,910,1,2,8,1,400,2,4,5,,2024-04-17 20:11
110339,11033902,25,2022,36,6,1,464,2018m3,1,274,1,2,1,1,300,1,2,3,,2024-04-17 20:11
110346,11034602,25,2022,26,5,,,,,,,2,16,2,,,,4,,2024-04-17 20:11
110353,11035302,25,2022,32,5,1,862,2022m1,1,245,1,2,8,2,250,1,3,4,,2024-04-17 20:11
110355,11035502,25,2022,27,5,,,,,,,2,16,2,,,,2,,2024-04-17 20:11
110356,11035602,25,2022,40,5,1,251,2021m11,1,899,1,2,2,1,373,1,2,4,,2024-04-17 20:11
110360,11036002,25,2022,35,6,1,844,2017m5,2,213,1,1,1,2,219,2,3,5,,2024-04-17 20:11
110362,11036202,25,2022,29,5,,,,,,,2,12,2,,,,4,,2024-04-17 20:11
110372,11037202,25,2022,28,3,2,961,2021m3,4,422,2,2,10,2,250,,3,4,,2024-04-17 20:11
110403,11040302,25,2022,37,5,1,662,2011m3,1,132,1,2,19,1,950,1,2,4,,2024-04-17 20:11
110408,11040802,25,2022,35,6,1,701,2012m7,1,234,1,2,8,1,360,1,3,4,,2024-04-17 20:11
110411,11041102,25,2022,35,6,,,,,,,2,11,2,,,,3,,2024-04-17 20:11
110414,11041402,25,2022,34,6,1,713,2022m2,1,273,1,2,1,1,340,1,3,3,,2024-04-17 20:11
110416,11041603,25,2022,51,3,1,759,2018m3,1,273,1,2,9,1,290,1,3,5,,2024-04-17 20:11
110416,11041604,25,2022,48,5,2,472,2015m4,4,521,2,2,9,2,3000,,3,5,,2024-04-17 20:11
110418,11041802,25,2022,30,6,1,303,2019m5,1,854,1,2,15,1,400,1,2,5,,2024-04-17 20:11
200001,20000101,25,2022,37,6,1,843,2008m7,1,980,1,2,9,1,260,1,2,4,,2024-04-17 20:11
200001,20000102,25,2022,40,5,,,,,,,2,9,2,,,,4,,2024-04-17 20:11
200002,20000201,25,2022,65,3,2,479,2015m5,4,531,2,2,9,1,200,,2,4,,2024-04-17 20:11
200002,20000202,25,2022,66,3,,,,,,,2,9,2,,,,4,,2024-04-17 20:11
200003,20000301,25,2022,76,2,,,,,,,3,9,2,,,,6,,2024-04-17 20:11
200004,20000401,25,2022,64,2,1,969,2018m2,1,421,1,3,9,2,155,1,2,4,,2024-04-17 20:11
200005,20000502,25,2022,63,3,2,11,1995m2,4,611,2,2,9,1,240,,2,4,,2024-04-17 20:11
200005,20000503,25,2022,60,3,1,561,2016m4,2,441,1,2,9,2,80,2,3,4,,2024-04-17 20:11
200005,20000504,25,2022,25,6,,,,,,,1,9,2,,,,4,,2024-04-17 20:11
200005,20000505,25,2022,21,3,1,843,2021m10,1,980,1,1,9,1,156,1,2,4,,2024-04-17 20:11
200007,20000701,25,2022,82,3,2,11,1992m2,4,611,2,2,9,1,300,,2,3,,2024-04-17 20:11
200007,20000702,25,2022,80,2,3,11,1992m2,5,611,2,2,9,2,,,2,3,,2024-04-17 20:11
200008,20000801,25,2022,64,2,1,561,2012m3,2,442,1,3,9,2,75,2,2,5,,2024-04-17 20:11
200008,20000802,25,2022,43,3,,,,,,,1,9,1,,,,5,,2024-04-17 20:11
200009,20000901,25,2022,72,3,2,561,1984m9,4,441,2,2,9,1,250,,2,4,,2024-04-17 20:11
200009,20000902,25,2022,70,2,3,561,1984m9,5,441,2,2,9,2,,,3,4,,2024-04-17 20:11
200009,20000903,25,2022,36,6,3,561,2016m8,5,442,2,1,9,1,,,2,4,,2024-04-17 20:11
200010,20001002,25,2022,77,2,,,,,,,3,9,2,,,,5,,2024-04-17 20:11
200011,20001101,25,2022,77,2,,,,,,,3,9,1,,,,5,,2024-04-17 20:11
200012,20001201,25,2022,68,3,,,,,,,2,9,1,,,,3,,2024-04-17 20:11
200012,20001202,25,2022,69,2,,,,,,,2,9,2,,,,3,,2024-04-17 20:11
200013,20001301,25,2022,49,5,2,291,2000m7,4,761,2,2,9,1,400,,2,4,,2024-04-17 20:11
200013,20001302,25,2022,54,3,,,,,,,2,9,2,,,,4,,2024-04-17 20:11
200013,20001303,25,2022,20,4,,,,,,,1,9,1,,,,4,,2024-04-17 20:11
200013,20001304,25,2022,17,2,,,,,,,1,9,1,,,,4,,2024-04-17 20:11
200014,20001401,25,2022,52,6,2,464,1996m6,4,274,2,2,9,1,300,,2,4,,2024-04-17 20:11
200014,20001402,25,2022,51,6,2,561,2012m5,4,441,2,2,9,2,200,,3,4,,2024-04-17 20:11
200014,20001403,25,2022,22,5,,,,,,,1,9,1,,,,4,,2024-04-17 20:11
200014,20001404,25,2022,17,2,,,,,,,1,9,2,,,,4,,2024-04-17 20:11
200015,20001501,25,2022,43,6,1,843,2000m9,1,980,1,2,9,1,260,1,2,4,,2024-04-17 20:11
200015,20001502,25,2022,36,6,,,,,,,2,9,2,,,,4,,2024-04-17 20:11
200016,20001601,25,2022,64,6,1,581,2012m5,1,281,1,3,9,2,206,1,2,4,,2024-04-17 20:11
200017,20001701,25,2022,71,1,,,,,,,3,9,2,,,,6,,2024-04-17 20:11
200018,20001801,25,2022,66,2,,,,,,,2,8,1,,,,5,,2024-04-17 20:11
200018,20001802,25,2022,63,2,,,,,,,2,8,2,,,,5,,2024-04-17 20:11
200019,20001901,25,2022,80,2,,,,,,,3,9,2,,,,6,,2024-04-17 20:11
200020,20002001,25,2022,57,3,2,493,2014m3,4,873,2,2,9,1,300,,3,4,,2024-04-17 20:11
200020,20002002,25,2022,54,3,,,,,,,2,9,2,,,,4,,2024-04-17 20:11
200020,20002003,25,2022,87,1,,,,,,,3,9,2,,,,4,,2024-04-17 20:11
210252,20002004,25,2022,33,6,2,855,2021m10,4,254,2,1,9,2,500,,2,4,,2024-04-17 20:11
200020,20002005,25,2022,31,5,1,911,2017m6,2,432,1,1,9,1,150,2,3,4,,2024-04-17 20:11
200021,20002101,25,2022,86,2,,,,,,,3,9,2,,,,6,,2024-04-17 20:11
200022,20002201,25,2022,61,2,1,871,2012m2,1,421,1,3,9,2,177,1,2,5,,2024-04-17 20:11
200022,20002202,25,2022,40,3,,,,,,,1,9,2,,,,4,,2024-04-17 20:11
200023,20002301,25,2022,52,3,2,961,1998m3,4,422,2,2,9,2,300,,2,3,,2024-04-17 20:11
200023,20002302,25,2022,52,3,2,426,1999m6,4,875,2,2,9,1,250,,3,4,,2024-04-17 20:11
200023,20002303,25,2022,21,4,,,,,,,1,9,1,,,,3,,2024-04-17 20:11
200024,20002401,25,2022,59,6,2,969,2012m2,4,429,2,2,9,1,300,,2,3,,2024-04-17 20:11
200024,20002402,25,2022,53,3,2,969,2014m3,4,429,2,2,9,2,150,,2,3,,2024-04-17 20:11
200024,20002404,25,2022,26,4,3,969,2021m11,5,429,2,1,9,1,,,2,3,,2024-04-17 20:11
200025,20002501,25,2022,48,6,2,474,2001m8,4,521,2,3,9,2,250,,2,5,,2024-04-17 20:11
200025,20002502,25,2022,74,2,,,,,,,3,9,2,,,,5,,2024-04-17 20:11
200026,20002601,25,2022,68,3,2,11,2013m3,4,611,2,2,9,1,50,,3,4,,2024-04-17 20:11
200026,20002602,25,2022,62,2,1,852,2000m2,1,441,1,2,9,2,180,1,2,4,,2024-04-17 20:11
200027,20002701,25,2022,82,2,1,841,2015m3,2,941,1,3,9,2,27,2,2,5,,2024-04-17 20:11
200028,20002801,25,2022,81,2,2,11,1995m2,4,611,2,3,9,2,100,,2,4,,2024-04-17 20:11
200029,20002901,25,2022,69,6,2,11,2013m3,4,611,2,2,9,1,120,,2,4,,2024-04-17 20:11
200029,20002902,25,2022,68,3,3,11,2014m5,5,611,2,2,9,2,,,2,4,,2024-04-17 20:11
200030,20003001,25,2022,82,1,,,,,,,3,9,2,,,,4,,2024-04-17 20:11
200030,20003002,25,2022,61,2,1,421,2006m7,3,782,1,2,9,1,200,2,3,4,,2024-04-17 20:11
200030,20003003,25,2022,55,5,,,,,,,2,9,2,,,,4,,2024-04-17 20:11
200031,20003101,25,2022,62,2,2,11,2005m1,4,611,2,2,9,1,250,,2,3,,2024-04-17 20:11
200031,20003102,25,2022,65,2,3,11,2005m1,5,611,2,2,9,2,,,2,4,,2024-04-17 20:11
200032,20003201,25,2022,70,2,2,11,2018m1,4,611,2,2,9,1,70,,3,4,,2024-04-17 20:11
200032,20003202,25,2022,71,2,3,11,2018m1,5,611,2,2,9,2,,,3,4,,2024-04-17 20:11
200032,20003203,25,2022,49,3,1,479,2007m3,1,922,1,3,9,1,230,1,2,4,,2024-04-17 20:11
200033,20003301,25,2022,76,2,2,11,1976m2,4,611,2,2,9,1,50,,3,4,,2024-04-17 20:11
200033,20003302,25,2022,66,2,1,562,2013m3,1,952,1,2,9,2,60,2,2,4,,2024-04-17 20:11
200034,20003402,25,2022,81,1,,,,,,,3,9,2,,,,5,,2024-04-17 20:11
200036,20003601,25,2022,77,2,2,11,2009m3,4,611,2,3,9,1,50,,2,4,,2024-04-17 20:11
200037,20003701,25,2022,72,3,2,11,1977m5,4,611,2,2,9,1,130,,3,4,,2024-04-17 20:11
200037,20003702,25,2022,61,2,2,478,2000m6,4,521,2,2,9,2,90,,3,4,,2024-04-17 20:11
200038,20003801,25,2022,80,3,2,11,1975m2,4,611,2,2,9,1,50,,3,4,,2024-04-17 20:11
200038,20003802,25,2022,72,2,3,11,1985m6,5,611,2,2,9,2,,,3,4,,2024-04-17 20:11
200038,20003803,25,2022,42,6,2,713,2010m3,4,510,2,1,9,1,300,,2,4,,2024-04-17 20:11
200039,20003901,25,2022,78,3,,,,,,,3,1,2,,,,4,,2024-04-17 20:11
200039,20003902,25,2022,53,6,1,842,1997m6,1,234,1,2,1,1,300,1,3,4,,2024-04-17 20:11
200039,20003903,25,2022,49,6,,,,,,,2,1,2,,,,4,,2024-04-17 20:11
200040,20004001,25,2022,76,3,,,,,,,3,1,2,,,,4,,2024-04-17 20:11
200041,20004101,25,2022,73,6,2,471,2014m7,4,521,2,2,1,1,180,,3,4,,2024-04-17 20:11
200041,20004102,25,2022,67,6,,,,,,,2,1,2,,,,4,,2024-04-17 20:11
200042,20004201,25,2022,42,3,2,529,2015m1,4,521,2,2,1,1,300,,3,4,,2024-04-17 20:11
200042,20004202,25,2022,40,6,,,,,,,2,1,2,,,,4,,2024-04-17 20:11
200043,20004301,25,2022,61,5,2,464,2014m6,4,521,2,2,1,1,500,,4,4,,2024-04-17 20:11
200043,20004302,25,2022,60,6,,,,,,,2,1,2,,,,4,,2024-04-17 20:11
200043,20004303,25,2022,33,6,1,862,2016m12,1,273,1,1,1,1,280,1,3,4,,2024-04-17 20:11
200043,20004304,25,2022,33,6,1,582,2017m1,1,222,1,1,1,1,280,1,3,4,,2024-04-17 20:11
200044,20004401,25,2022,76,3,,,,,,,2,1,1,,,,4,,2024-04-17 20:11
200044,20004402,25,2022,69,3,,,,,,,2,1,2,,,,4,,2024-04-17 20:11
200045,20004501,25,2022,59,3,1,463,2020m8,3,922,1,3,1,1,112,2,4,6,,2024-04-17 20:11
200046,20004601,25,2022,90,2,,,,,,,2,1,1,,,,5,,2024-04-17 20:11
200046,20004602,25,2022,81,2,,,,,,,2,1,2,,,,5,,2024-04-17 20:11
200047,20004701,25,2022,79,2,,,,,,,2,1,1,,,,5,,2024-04-17 20:11
200047,20004702,25,2022,78,2,,,,,,,2,1,2,,,,5,,2024-04-17 20:11
200048,20004801,25,2022,53,2,1,561,2021m11,1,441,1,2,1,1,200,1,3,5,,2024-04-17 20:11
200048,20004802,25,2022,48,3,2,762,2021m1,4,,2,2,1,2,150,,3,5,,2024-04-17 20:11
200049,20004901,25,2022,64,3,1,969,2016m9,2,421,1,2,1,2,120,2,3,5,,2024-04-17 20:11
200049,20004902,25,2022,64,3,1,494,1988m9,1,922,1,2,1,1,100,1,4,5,,2024-04-17 20:11
200050,20005001,25,2022,73,6,,,,,,,2,1,1,,,,4,,2024-04-17 20:11
200050,20005002,25,2022,74,3,,,,,,,2,1,2,,,,4,,2024-04-17 20:11
200051,20005101,25,2022,79,2,1,285,1987m5,1,864,1,3,1,2,70,1,3,5,,2024-04-17 20:11
200051,20005102,25,2022,49,3,1,494,1996m3,2,922,1,3,1,1,150,2,4,5,,2024-04-17 20:11
210001,20005202,25,2022,36,6,,,,,,,2,1,2,,,,4,,2024-04-17 20:11
200053,20005301,25,2022,62,3,1,861,2015m2,1,441,1,2,1,2,150,1,3,5,,2024-04-17 20:11
200053,20005302,25,2022,75,6,,,,,,,2,1,1,,,,5,,2024-04-17 20:11
200054,20005401,25,2022,54,3,2,961,2013m3,4,422,2,3,1,2,130,,3,6,,2024-04-17 20:11
200055,20005501,25,2022,56,3,1,467,2017m1,1,313,1,3,1,2,150,1,3,5,,2024-04-17 20:11
200055,20005502,25,2022,28,3,,,,,,,1,1,1,,,,5,,2024-04-17 20:11
200055,20005503,25,2022,24,4,,,,,,,1,1,1,,,,5,,2024-04-17 20:11
200056,20005601,25,2022,47,5,1,141,2017m1,1,313,1,3,1,2,200,1,3,5,,2024-04-17 20:11
200056,20005602,25,2022,17,2,,,,,,,1,1,2,,,,5,,2024-04-17 20:11
200057,20005701,25,2022,61,3,,,,,,,3,1,2,,,,5,,2024-04-17 20:11
200059,20005901,25,2022,58,6,2,463,2017m10,4,510,2,2,1,1,500,,3,4,,2024-04-17 20:11
200059,20005902,25,2022,53,3,,,,,,,2,1,2,,,,4,,2024-04-17 20:11
200059,20005903,25,2022,27,4,,,,,,,1,1,1,,,,4,,2024-04-17 20:11
200059,20005904,25,2022,24,4,,,,,,,1,1,2,,,,4,,2024-04-17 20:11
200060,20006001,25,2022,34,6,1,851,2012m3,1,253,1,1,1,2,200,1,3,3,,2024-04-17 20:11
200061,20006101,25,2022,70,2,2,492,1995m3,4,873,2,2,1,1,130,,4,4,,2024-04-17 20:11
200061,20006102,25,2022,66,2,1,969,2016m3,1,421,1,2,1,2,70,1,4,4,,2024-04-17 20:11
200063,20006301,25,2022,62,3,1,251,2010m3,1,863,1,2,1,1,350,1,3,4,,2024-04-17 20:11
200063,20006302,25,2022,59,3,,,,,,,2,1,2,,,,4,,2024-04-17 20:11
210154,20006303,25,2022,32,6,,,,,,,2,1,2,,,,4,,2024-04-17 20:11
200063,20006304,25,2022,27,5,1,862,2019m1,1,243,1,1,1,2,170,1,3,4,,2024-04-17 20:11
200064,20006401,25,2022,42,6,1,713,2012m6,1,285,1,2,1,1,500,1,3,4,,2024-04-17 20:11
200064,20006402,25,2022,42,5,,,,,,,2,1,2,,,,4,,2024-04-17 20:11
200066,20006601,25,2022,90,2,,,,,,,2,1,1,,,,4,,2024-04-17 20:11
200066,20006602,25,2022,83,2,1,851,2018m3,2,952,1,2,1,2,27,2,3,4,,2024-04-17 20:11
200067,20006701,25,2022,79,6,,,,,,,2,1,1,,,,3,,2024-04-17 20:11
200067,20006702,25,2022,74,6,,,,,,,2,1,2,,,,3,,2024-04-17 20:11
200068,20006801,25,2022,62,6,1,422,2009m2,1,274,1,2,1,1,500,1,3,4,,2024-04-17 20:11
200068,20006802,25,2022,57,3,,,,,,,2,1,2,,,,4,,2024-04-17 20:11
200068,20006803,25,2022,31,5,1,721,2022m5,1,231,1,1,1,2,290,1,3,4,,2024-04-17 20:11
200068,20006804,25,2022,29,6,,,,,,,1,1,2,,,,4,,2024-04-17 20:11
200069,20006901,25,2022,57,6,2,682,1998m3,4,274,2,2,1,1,200,,2,3,,2024-04-17 20:11
200069,20006902,25,2022,51,5,1,862,2017m3,2,245,1,2,1,2,120,2,2,3,,2024-04-17 20:11
200069,20006903,25,2022,26,4,,,,,,,1,1,2,,,,3,,2024-04-17 20:11
200069,20006904,25,2022,24,6,1,851,2022m2,1,252,1,1,1,2,250,1,2,3,,2024-04-17 20:11
200070,20007001,25,2022,81,5,,,,,,,2,1,1,,,,4,,2024-04-17 20:11
200070,20007002,25,2022,77,3,,,,,,,2,1,2,,,,4,,2024-04-17 20:11
200071,20007101,25,2022,72,6,,,,,,,1,1,2,,,,3,,2024-04-17 20:11
200072,20007201,25,2022,85,6,,,,,,,2,1,1,,,,4,,2024-04-17 20:11
200072,20007202,25,2022,74,4,,,,,,,2,1,2,,,,4,,2024-04-17 20:11
200073,20007301,25,2022,69,2,,,,,,,3,1,2,,,,4,,2024-04-17 20:11
200073,20007302,25,2022,40,5,,,,,,,1,1,1,,,,4,,2024-04-17 20:11
200073,20007303,25,2022,42,6,,,,,,,1,1,1,,,,4,,2024-04-17 20:11
200074,20007401,25,2022,48,6,1,464,2014m2,1,312,1,3,9,2,300,1,2,4,,2024-04-17 20:11
210155,20007402,25,2022,83,2,,,,,,,2,9,1,,,,4,,2024-04-17 20:11
210155,20007403,25,2022,74,2,1,841,2021m3,2,941,1,2,9,2,27,2,2,4,,2024-04-17 20:11
200074,20007404,25,2022,19,2,,,,,,,1,9,1,,,,4,,2024-04-17 20:11
200076,20007601,25,2022,83,1,2,11,1960m3,4,611,2,3,13,2,50,,3,5,,2024-04-17 20:11
200077,20007701,25,2022,86,1,2,11,1958m3,4,611,2,3,13,2,20,,3,5,,2024-04-17 20:11
200078,20007801,25,2022,60,2,2,462,2010m1,4,521,2,2,13,1,50,,4,5,,2024-04-17 20:11
200078,20007802,25,2022,59,3,1,861,2006m2,1,421,1,2,13,2,230,2,2,5,,2024-04-17 20:11
210253,20007803,25,2022,34,6,1,842,2021m2,1,311,1,2,13,1,250,2,3,5,,2024-04-17 20:11
200079,20007901,25,2022,91,2,2,11,1952m4,4,611,2,2,13,1,100,,3,5,,2024-04-17 20:11
200079,20007902,25,2022,83,2,3,11,,5,611,2,2,13,2,,,3,5,,2024-04-17 20:11
200080,20008001,25,2022,59,3,1,872,2016m1,1,441,1,2,13,2,150,2,3,5,,2024-04-17 20:11
200080,20008002,25,2022,23,3,1,841,2021m2,1,311,1,1,13,1,190,2,3,5,,2024-04-17 20:11
200081,20008101,25,2022,58,3,2,11,1989m3,4,611,2,2,13,1,350,,3,5,,2024-04-17 20:11
200081,20008102,25,2022,50,3,,,,,,,2,13,2,,,,5,,2024-04-17 20:11
200081,20008103,25,2022,15,2,,,,,,,1,13,1,,,,5,,2024-04-17 20:11
200082,20008201,25,2022,57,3,2,952,1993m2,4,751,2,2,13,1,300,,3,5,,2024-04-17 20:11
200082,20008202,25,2022,57,3,3,952,1993m2,5,314,2,2,13,2,,,3,5,,2024-04-17 20:11
210002,20008203,25,2022,31,3,,,,,,,2,6,2,,,,5,,2024-04-17 20:11
210070,20008204,25,2022,29,6,1,423,2022m4,1,312,1,1,6,2,200,1,3,5,,2024-04-17 20:11
200082,20008205,25,2022,27,4,1,844,2019m11,1,411,1,1,13,1,250,1,2,5,,2024-04-17 20:11
200083,20008301,25,2022,62,3,1,412,2000m3,3,910,1,2,13,1,250,2,3,6,,2024-04-17 20:11
200083,20008302,25,2022,56,6,,,,,,,2,13,2,,,,6,,2024-04-17 20:11
200083,20008303,25,2022,21,4,,,,,,,1,13,2,,,,5,,2024-04-17 20:11
200083,20008304,25,2022,19,4,,,,,,,1,13,2,,,,5,,2024-04-17 20:11
200083,20008305,25,2022,16,2,,,,,,,1,13,1,,,,6,,2024-04-17 20:11
200084,20008401,25,2022,64,3,,,,,,,2,14,1,,,,4,,2024-04-17 20:11
200084,20008402,25,2022,60,3,,,,,,,2,14,2,,,,4,,2024-04-17 20:11
200084,20008403,25,2022,86,2,2,471,1988m2,4,521,2,3,14,2,50,,2,4,,2024-04-17 20:11
200084,20008404,25,2022,39,6,1,467,2017m10,1,521,1,3,14,1,160,2,3,4,,2024-04-17 20:11
200084,20008405,25,2022,37,5,1,861,2011m3,1,243,1,1,14,2,200,1,3,4,,2024-04-17 20:11
200085,20008501,25,2022,83,2,1,841,2022m3,2,941,1,2,14,1,27,2,2,5,,2024-04-17 20:11
200085,20008502,25,2022,78,2,,,,,,,2,14,2,,,,5,,2024-04-17 20:11
200086,20008601,25,2022,66,3,,,,,,,2,14,1,,,,4,,2024-04-17 20:11
200086,20008602,25,2022,62,2,1,872,2015m5,1,421,1,2,14,2,100,2,2,4,,2024-04-17 20:11
200086,20008604,25,2022,29,6,1,852,2020m3,1,252,1,1,14,1,220,1,2,4,,2024-04-17 20:11
200088,20008801,25,2022,83,2,,,,,,,2,14,1,,,,5,,2024-04-17 20:11
200088,20008802,25,2022,75,2,2,479,2021m6,4,532,2,2,14,2,50,,3,5,,2024-04-17 20:11
200090,20009001,25,2022,79,2,,,,,,,2,14,1,,,,4,,2024-04-17 20:11
200090,20009002,25,2022,79,2,,,,,,,2,14,2,,,,4,,2024-04-17 20:11
200091,20009101,25,2022,78,3,2,452,1976m3,4,521,2,2,14,1,50,,3,4,,2024-04-17 20:11
200091,20009102,25,2022,71,2,,,,,,,2,14,2,,,,4,,2024-04-17 20:11
200092,20009201,25,2022,78,2,1,851,2022m3,2,399,1,2,14,1,27,2,1,4,,2024-04-17 20:11
200092,20009202,25,2022,78,2,,,,,,,2,14,2,,,,4,,2024-04-17 20:11
200093,20009301,25,2022,65,6,2,475,2013m8,4,521,2,2,1,1,200,,4,4,,2024-04-17 20:11
200093,20009302,25,2022,61,5,,,,,,,2,1,2,,,,4,,2024-04-17 20:11
200094,20009401,25,2022,76,2,,,,,,,2,3,1,,,,5,,2024-04-17 20:11
200094,20009402,25,2022,71,2,1,872,2022m2,2,900,1,2,3,2,62,2,2,5,,2024-04-17 20:11
200095,20009501,25,2022,59,3,1,273,2022m2,1,843,1,2,3,1,280,1,3,4,,2024-04-17 20:11
200095,20009502,25,2022,53,3,1,871,2019m9,1,421,1,2,3,2,200,2,2,4,,2024-04-17 20:11
210254,20009503,25,2022,25,6,1,733,2021m11,1,283,1,1,8,2,190,1,2,4,,2024-04-17 20:11
200096,20009601,25,2022,66,2,,,,,,,1,3,1,,,,6,,2024-04-17 20:11
200098,20009801,25,2022,64,2,1,259,2018m1,1,910,1,3,3,1,240,1,2,4,,2024-04-17 20:11
200099,20009901,25,2022,63,3,2,492,2018m12,4,873,2,2,3,1,100,,3,5,,2024-04-17 20:11
200099,20009902,25,2022,59,3,,,,,,,2,3,2,,,,5,,2024-04-17 20:11
200099,20009903,25,2022,34,6,1,424,2020m10,1,313,1,1,3,2,230,1,3,4,,2024-04-17 20:11
200100,20010001,25,2022,81,2,,,,,,,2,14,1,,,,4,,2024-04-17 20:11
200100,20010002,25,2022,75,2,,,,,,,2,14,2,,,,4,,2024-04-17 20:11
200101,20010101,25,2022,69,2,,,,,,,2,3,1,,,,6,,2024-04-17 20:11
200101,20010102,25,2022,70,2,,,,,,,2,3,2,,,,6,,2024-04-17 20:11
200102,20010201,25,2022,65,2,,,,,,,3,3,2,,,,6,,2024-04-17 20:11
200103,20010301,25,2022,83,2,,,,,,,3,3,2,,,,6,,2024-04-17 20:11
200105,20010501,25,2022,73,2,,,,,,,3,3,2,,,,5,,2024-04-17 20:11
200106,20010601,25,2022,82,6,,,,,,,3,3,1,,,,5,,2024-04-17 20:11
200107,20010701,25,2022,85,2,,,,,,,3,3,2,,,,6,,2024-04-17 20:11
200108,20010801,25,2022,84,2,,,,,,,3,3,2,,,,6,,2024-04-17 20:11
200109,20010901,25,2022,85,1,,,,,,,3,3,2,,,,5,,2024-04-17 20:11
200109,20010902,25,2022,63,3,,,,,,,1,3,2,,,,5,,2024-04-17 20:11
200111,20011101,25,2022,68,6,1,969,2005m2,3,423,1,2,14,1,60,2,3,4,,2024-04-17 20:11
200111,20011102,25,2022,65,5,,,,,,,2,14,2,,,,4,,2024-04-17 20:11
200112,20011201,25,2022,80,2,2,11,1998m3,4,611,2,2,14,1,40,,3,5,,2024-04-17 20:11
200112,20011202,25,2022,71,2,3,11,1998m3,5,611,2,2,14,2,,,3,5,,2024-04-17 20:11
200113,20011301,25,2022,77,2,2,11,1978m3,4,611,2,2,14,1,100,,3,3,,2024-04-17 20:11
200113,20011302,25,2022,74,1,3,11,1970m10,5,611,2,2,14,2,,,3,3,,2024-04-17 20:11
200114,20011401,25,2022,81,4,,,,,,,2,14,1,,,,3,,2024-04-17 20:11
200114,20011402,25,2022,78,5,,,,,,,2,14,2,,,,3,,2024-04-17 20:11
200115,20011501,25,2022,63,2,2,11,1994m3,4,611,2,2,14,1,200,,2,4,,2024-04-17 20:11
200115,20011502,25,2022,57,3,3,11,1987m1,5,611,2,2,14,2,,,2,4,,2024-04-17 20:11
200116,20011601,25,2022,88,1,,,,,,,3,14,2,,,,5,,2024-04-17 20:11
200117,20011701,25,2022,87,1,,,,,,,3,1,2,,,,4,,2024-04-17 20:11
200118,20011801,25,2022,58,2,2,11,1987m3,4,611,2,2,14,1,50,,3,4,,2024-04-17 20:11
200118,20011802,25,2022,56,2,3,11,1989m12,5,611,2,2,14,2,,,3,4,,2024-04-17 20:11
210003,20011803,25,2022,33,5,2,12,2018m9,4,613,2,2,14,1,500,,2,4,,2024-04-17 20:11
200119,20011901,25,2022,75,2,2,11,1966m3,4,611,2,2,14,1,200,,2,3,,2024-04-17 20:11
200119,20011902,25,2022,71,2,3,11,1978m12,5,611,2,2,14,2,,,3,4,,2024-04-17 20:11
200120,20012001,25,2022,85,1,,,,,,,3,14,2,,,,5,,2024-04-17 20:11
200122,20012202,25,2022,29,3,1,411,2021m7,3,910,1,2,14,1,200,2,3,4,,2024-04-17 20:11
210255,20012203,25,2022,26,4,1,611,2020m3,1,922,1,1,14,1,175,1,2,4,,2024-04-17 20:11
200122,20012204,25,2022,27,3,1,961,2019m5,1,422,1,2,14,2,150,2,3,4,,2024-04-17 20:11
200123,20012301,25,2022,72,2,2,11,1969m2,4,611,2,3,14,2,10,,3,4,,2024-04-17 20:11
200124,20012401,25,2022,90,1,,,,,,,3,14,2,,,,4,,2024-04-17 20:11
200125,20012501,25,2022,80,2,,,,,,,2,14,1,,,,5,,2024-04-17 20:11
200125,20012502,25,2022,65,2,,,,,,,2,14,2,,,,5,,2024-04-17 20:11
200126,20012601,25,2022,57,3,2,11,1997m3,4,611,2,2,14,1,500,,2,4,,2024-04-17 20:11
200126,20012602,25,2022,56,2,3,11,1991m8,5,611,2,2,14,2,,,3,4,,2024-04-17 20:11
210004,20012603,25,2022,30,6,1,641,2018m4,1,224,1,1,14,1,350,1,2,3,,2024-04-17 20:11
200127,20012701,25,2022,84,1,,,,,,,3,14,2,,,,4,,2024-04-17 20:11
200128,20012801,25,2022,74,2,,,,,,,2,14,1,,,,4,,2024-04-17 20:11
200128,20012802,25,2022,76,2,,,,,,,2,14,2,,,,4,,2024-04-17 20:11
200129,20012901,25,2022,77,2,,,,,,,3,14,2,,,,5,,2024-04-17 20:11
200130,20013001,25,2022,71,2,,,,,,,3,14,2,,,,4,,2024-04-17 20:11
200131,20013102,25,2022,79,2,,,,,,,3,14,2,,,,4,,2024-04-17 20:11
200132,20013202,25,2022,78,1,,,,,,,3,14,2,,,,6,,2024-04-17 20:11
200133,20013301,25,2022,54,2,1,493,2022m1,2,873,1,3,14,1,150,2,3,5,,2024-04-17 20:11
200133,20013302,25,2022,75,1,,,,,,,3,14,2,,,,5,,2024-04-17 20:11
200133,20013303,25,2022,22,5,1,872,2021m3,1,247,1,1,14,2,190,1,2,4,,2024-04-17 20:11
200134,20013401,25,2022,80,3,2,11,1990m3,4,611,2,3,14,1,250,,3,4,,2024-04-17 20:11
200135,20013501,25,2022,89,1,,,,,,,3,14,2,,,,6,,2024-04-17 20:11
200136,20013601,25,2022,67,3,2,11,1987m3,4,611,2,2,13,1,200,,2,4,,2024-04-17 20:11
200136,20013602,25,2022,63,3,3,11,1987m3,5,611,2,2,13,2,,,3,5,,2024-04-17 20:11
200137,20013701,25,2022,76,2,2,11,1971m3,4,611,2,2,13,1,150,,3,5,,2024-04-17 20:11
200137,20013702,25,2022,67,2,3,11,1974m5,5,611,2,2,13,2,,,3,5,,2024-04-17 20:11
200138,20013801,25,2022,77,1,2,11,1964m3,4,611,2,2,13,1,100,,2,5,,2024-04-17 20:11
200138,20013802,25,2022,78,1,3,11,1967m5,5,611,2,2,13,2,,,3,5,,2024-04-17 20:11
200139,20013902,25,2022,69,2,2,11,1996m1,4,611,2,3,13,2,100,,3,5,,2024-04-17 20:11
200140,20014001,25,2022,72,2,,,,,,,3,13,1,,,,6,,2024-04-17 20:11
210157,20014002,25,2022,66,2,1,132,2020m12,1,721,1,3,6,2,180,2,3,6,,2024-04-17 20:11
200143,20014301,25,2022,94,1,,,,,,,3,13,2,,,,6,,2024-04-17 20:11
200143,20014302,25,2022,58,2,,,,,,,1,13,2,,,,6,,2024-04-17 20:11
200144,20014401,25,2022,79,3,2,11,1968m5,4,611,2,2,13,1,150,,2,5,,2024-04-17 20:11
200144,20014402,25,2022,73,2,3,11,1969m5,5,611,2,2,13,2,,,3,5,,2024-04-17 20:11
200145,20014501,25,2022,82,2,,,,,,,3,13,2,,,,5,,2024-04-17 20:11
200146,20014601,25,2022,81,2,,,,,,,2,13,1,,,,5,,2024-04-17 20:11
200146,20014602,25,2022,81,2,,,,,,,2,13,2,,,,5,,2024-04-17 20:11
200147,20014701,25,2022,68,3,2,11,1988m3,4,611,2,2,13,1,170,,2,4,,2024-04-17 20:11
200147,20014702,25,2022,66,3,3,11,1988m3,5,611,2,2,13,2,,,2,4,,2024-04-17 20:11
200148,20014801,25,2022,81,2,2,11,1977m2,4,611,2,2,13,1,90,,3,5,,2024-04-17 20:11
200148,20014802,25,2022,75,2,3,11,1977m2,5,611,2,2,13,2,,,3,5,,2024-04-17 20:11
200148,20014803,25,2022,52,3,,,,,,,1,13,1,,,,5,,2024-04-17 20:11
200149,20014901,25,2022,65,2,2,11,1982m5,4,611,2,3,13,2,50,,3,4,,2024-04-17 20:11
200150,20015001,25,2022,68,2,2,11,2009m4,4,611,2,2,13,1,100,,3,5,,2024-04-17 20:11
200150,20015002,25,2022,59,2,3,11,2009m4,5,611,2,2,13,2,,,3,5,,2024-04-17 20:11
200151,20015101,25,2022,87,1,,,,,,,3,13,2,,,,5,,2024-04-17 20:11
200152,20015201,25,2022,95,1,,,,,,,3,13,2,,,,5,,2024-04-17 20:11
200153,20015301,25,2022,75,1,2,11,1968m3,4,611,2,3,13,2,70,,3,5,,2024-04-17 20:11
200154,20015401,25,2022,56,3,2,11,2015m5,4,611,2,1,13,1,80,,2,5,,2024-04-17 20:11
200154,20015402,25,2022,81,1,3,11,1964m4,5,611,2,3,13,2,,,3,5,,2024-04-17 20:11
200155,20015501,25,2022,78,2,1,841,2016m3,2,941,1,3,13,2,27,2,2,5,,2024-04-17 20:11
200156,20015601,25,2022,79,2,2,11,1968m10,4,611,2,2,13,1,300,,2,5,,2024-04-17 20:11
200156,20015602,25,2022,65,2,3,11,1976m5,5,611,2,2,13,2,,,3,5,,2024-04-17 20:11
200157,20015701,25,2022,62,3,2,11,1983m5,4,611,2,2,13,1,300,,2,4,,2024-04-17 20:11
200157,20015702,25,2022,58,2,1,751,2021m5,1,941,1,2,13,2,150,1,2,4,,2024-04-17 20:11
200157,20015703,25,2022,34,5,1,872,2022m2,1,247,1,1,13,2,165,1,2,5,,2024-04-17 20:11
210071,20015704,25,2022,32,5,,,,,,,2,13,2,,,,5,,2024-04-17 20:11
200158,20015801,25,2022,73,2,,,,,,,2,13,1,,,,5,,2024-04-17 20:11
200158,20015802,25,2022,66,2,,,,,,,2,13,2,,,,6,,2024-04-17 20:11
200159,20015901,25,2022,80,1,1,841,2022m5,2,941,1,3,13,2,27,2,2,5,,2024-04-17 20:11
200161,20016101,25,2022,83,2,2,11,1966m5,4,611,2,2,13,1,50,,3,5,,2024-04-17 20:11
200161,20016102,25,2022,77,2,3,11,1967m4,5,611,2,2,13,2,,,3,5,,2024-04-17 20:11
200161,20016103,25,2022,43,3,3,11,1998m5,5,611,2,1,13,1,,,3,5,,2024-04-17 20:11
200162,20016201,25,2022,82,2,2,11,1966m3,4,611,2,2,13,1,100,,2,5,,2024-04-17 20:11
200162,20016202,25,2022,79,2,3,11,1967m5,5,611,2,2,13,2,,,2,5,,2024-04-17 20:11
200163,20016301,25,2022,64,4,2,11,2014m2,4,611,2,2,13,1,300,,2,4,,2024-04-17 20:11
200163,20016302,25,2022,57,6,3,11,2014m2,5,611,2,2,13,2,,,3,4,,2024-04-17 20:11
200163,20016303,25,2022,34,3,1,751,2017m4,1,314,1,1,13,2,110,2,2,4,,2024-04-17 20:11
200164,20016401,25,2022,84,1,2,11,1960m3,4,611,2,3,13,2,35,,3,5,,2024-04-17 20:11
200166,20016601,25,2022,59,6,1,841,1989m3,1,311,1,2,12,1,583,1,2,4,,2024-04-17 20:11
200166,20016602,25,2022,55,5,,,,,,,2,12,2,,,,4,,2024-04-17 20:11
200166,20016603,25,2022,33,6,,,,,,,1,12,1,,,,4,,2024-04-17 20:11
200166,20016604,25,2022,31,6,,,,,,,1,12,1,,,,4,,2024-04-17 20:11
200167,20016701,25,2022,60,6,1,852,1993m3,1,252,1,2,12,1,817,1,2,2,,2024-04-17 20:11
200167,20016702,25,2022,60,6,,,,,,,2,12,2,,,,2,,2024-04-17 20:11
210072,20016703,25,2022,27,6,1,352,2019m12,1,312,1,1,12,1,458,1,2,4,,2024-04-17 20:11
200168,20016801,25,2022,70,3,,,,,,,2,12,1,,,,4,,2024-04-17 20:11
200168,20016802,25,2022,67,2,1,872,2018m3,2,952,1,2,12,2,27,2,2,4,,2024-04-17 20:11
200169,20016901,25,2022,47,5,1,303,2008m3,1,235,1,2,12,1,420,1,2,4,,2024-04-17 20:11
200169,20016902,25,2022,42,5,,,,,,,2,12,2,,,,4,,2024-04-17 20:11
200169,20016903,25,2022,16,2,,,,,,,1,12,1,,,,4,,2024-04-17 20:11
200170,20017001,25,2022,62,2,1,493,1995m3,1,873,1,2,12,1,250,1,3,4,,2024-04-17 20:11
200170,20017002,25,2022,61,2,,,,,,,2,12,2,,,,4,,2024-04-17 20:11
200171,20017101,25,2022,43,3,1,303,2002m10,1,854,1,2,12,1,470,1,2,4,,2024-04-17 20:11
200171,20017102,25,2022,41,5,,,,,,,2,12,2,,,,4,,2024-04-17 20:11
200172,20017201,25,2022,70,2,2,11,1994m3,4,611,2,2,12,1,560,,3,4,,2024-04-17 20:11
200172,20017202,25,2022,60,2,3,11,1994m3,5,611,2,2,12,2,,,3,4,,2024-04-17 20:11
200174,20017401,25,2022,91,2,,,,,,,3,12,2,,,,5,,2024-04-17 20:11
200175,20017501,25,2022,78,2,,,,,,,3,12,2,,,,5,,2024-04-17 20:11
200177,20017701,25,2022,62,2,2,11,2011m3,4,611,2,2,12,1,250,,3,5,,2024-04-17 20:11
200177,20017702,25,2022,59,2,3,11,2011m3,5,611,2,2,12,2,,,3,5,,2024-04-17 20:11
200178,20017801,25,2022,82,2,,,,,,,3,12,2,,,,5,,2024-04-17 20:11
200179,20017901,25,2022,78,2,,,,,,,3,12,2,,,,5,,2024-04-17 20:11
200180,20018001,25,2022,81,2,1,844,2020m3,2,,1,2,12,1,50,2,2,4,,2024-04-17 20:11
200180,20018002,25,2022,79,2,,,,,,,2,12,2,,,,4,,2024-04-17 20:11
200181,20018101,25,2022,43,6,1,701,2014m10,1,311,1,2,12,1,333,1,2,5,,2024-04-17 20:11
200181,20018102,25,2022,41,5,,,,,,,2,12,2,,,,4,,2024-04-17 20:11
200183,20018301,25,2022,68,2,1,851,2014m3,1,941,1,2,12,1,180,2,2,4,,2024-04-17 20:11
200183,20018302,25,2022,61,2,,,,,,,2,12,2,,,,4,,2024-04-17 20:11
200183,20018303,25,2022,90,2,,,,,,,3,12,2,,,,4,,2024-04-17 20:11
200184,20018401,25,2022,51,3,2,426,2007m7,4,875,2,2,12,1,500,,3,4,,2024-04-17 20:11
200184,20018402,25,2022,47,3,,,,,,,2,12,2,,,,4,,2024-04-17 20:11
200184,20018403,25,2022,22,3,1,360,2021m6,1,312,1,1,12,1,250,2,2,4,,2024-04-17 20:11
200184,20018404,25,2022,19,3,,,,,,,1,12,1,,,,5,,2024-04-17 20:11
200185,20018501,25,2022,80,1,1,841,2019m3,3,941,1,3,12,2,27,2,2,5,,2024-04-17 20:11
200186,20018601,25,2022,48,2,2,426,1998m3,4,875,2,2,12,1,600,,3,4,,2024-04-17 20:11
200186,20018602,25,2022,49,3,,,,,,,2,12,2,,,,4,,2024-04-17 20:11
210158,20018603,25,2022,26,6,,,,,,,1,12,2,,,,5,,2024-04-17 20:11
200186,20018604,25,2022,24,5,1,561,2021m8,2,442,1,1,12,2,120,2,4,4,,2024-04-17 20:11
200186,20018605,25,2022,20,4,,,,,,,1,12,1,,,,5,,2024-04-17 20:11
200187,20018701,25,2022,72,2,2,32,2018m7,4,630,2,3,12,1,10,,4,4,,2024-04-17 20:11
200188,20018801,25,2022,61,3,1,107,2021m8,2,819,1,2,12,1,285,2,2,4,,2024-04-17 20:11
200188,20018802,25,2022,57,3,1,872,2008m8,1,421,1,2,12,2,198,1,2,4,,2024-04-17 20:11
210256,20018803,25,2022,27,6,1,855,2021m8,2,254,1,1,12,1,180,2,3,4,,2024-04-17 20:11
200189,20018901,25,2022,70,2,2,11,1978m3,4,611,2,2,12,1,450,,3,5,,2024-04-17 20:11
200189,20018902,25,2022,60,3,3,11,1998m10,5,611,2,2,12,2,,,3,4,,2024-04-17 20:11
200190,20019001,25,2022,83,1,,,,,,,2,12,1,,,,4,,2024-04-17 20:11
200190,20019002,25,2022,80,1,,,,,,,2,12,2,,,,5,,2024-04-17 20:11
200191,20019101,25,2022,54,3,2,11,2012m3,4,611,2,2,12,1,458,,3,4,,2024-04-17 20:11
200191,20019102,25,2022,54,3,3,11,2015m3,5,611,2,2,12,2,,,3,4,,2024-04-17 20:11
210073,20019103,25,2022,27,4,2,11,2020m1,4,611,2,2,12,1,260,,3,4,,2024-04-17 20:11
200191,20019104,25,2022,26,6,,,,,,,1,12,1,,,,5,,2024-04-17 20:11
200192,20019201,25,2022,80,1,1,872,2021m3,2,941,1,3,12,2,27,2,2,5,,2024-04-17 20:11
200193,20019301,25,2022,74,2,2,11,2010m3,4,611,2,2,12,1,35,,3,4,,2024-04-17 20:11
200193,20019302,25,2022,68,2,3,11,2010m3,5,611,2,2,12,2,,,3,4,,2024-04-17 20:11
200194,20019401,25,2022,76,2,,,,,,,3,12,2,,,,5,,2024-04-17 20:11
200195,20019501,25,2022,47,5,1,241,2019m10,1,862,1,2,12,1,353,1,3,4,,2024-04-17 20:11
200195,20019502,25,2022,41,5,1,872,2019m5,2,421,1,2,12,2,91,2,2,4,,2024-04-17 20:11
200196,20019601,25,2022,85,2,,,,,,,3,12,2,,,,4,,2024-04-17 20:11
200198,20019801,25,2022,81,2,2,11,1967m3,4,611,2,2,12,1,30,,3,4,,2024-04-17 20:11
200198,20019802,25,2022,78,1,3,11,1977m3,5,611,2,2,12,2,,,3,5,,2024-04-17 20:11
200199,20019901,25,2022,72,2,2,11,1975m5,4,611,2,2,12,1,200,,3,4,,2024-04-17 20:11
200199,20019902,25,2022,65,2,3,11,1976m3,5,611,2,2,12,2,,,3,4,,2024-04-17 20:11
200199,20019903,25,2022,42,5,3,11,2004m3,5,611,2,1,12,1,,,3,4,,2024-04-17 20:11
200200,20020001,25,2022,73,3,2,11,1980m3,4,611,2,2,12,1,250,,3,4,,2024-04-17 20:11
200200,20020002,25,2022,66,2,3,11,1981m4,5,611,2,2,12,2,,,3,4,,2024-04-17 20:11
200201,20020101,25,2022,76,3,,,,,,,2,12,1,,,,4,,2024-04-17 20:11
200201,20020102,25,2022,76,2,2,11,1974m3,4,611,2,2,12,2,20,,3,4,,2024-04-17 20:11
200201,20020103,25,2022,47,1,,,,,,,1,12,2,,,,4,,2024-04-17 20:11
200202,20020201,25,2022,82,1,,,,,,,3,12,2,,,,5,,2024-04-17 20:11
200203,20020301,25,2022,69,2,2,11,1978m11,4,611,2,3,12,2,45,,3,5,,2024-04-17 20:11
200203,20020302,25,2022,49,2,3,11,2003m4,5,611,2,1,12,1,,,3,4,,2024-04-17 20:11
200204,20020401,25,2022,75,1,,,,,,,3,3,2,,,,5,,2024-04-17 20:11
200204,20020402,25,2022,74,2,1,841,2020m9,2,941,1,3,3,2,27,2,3,5,,2024-04-17 20:11
200205,20020501,25,2022,71,2,2,493,1980m3,4,873,2,2,3,1,300,,4,4,,2024-04-17 20:11
200205,20020502,25,2022,65,2,2,11,2019m2,4,611,2,2,3,2,15,,3,4,,2024-04-17 20:11
200206,20020601,25,2022,83,6,,,,,,,2,3,1,,,,4,,2024-04-17 20:11
200206,20020602,25,2022,73,3,,,,,,,2,3,2,,,,4,,2024-04-17 20:11
200207,20020701,25,2022,75,3,1,411,2008m5,1,141,1,2,3,1,300,1,3,4,,2024-04-17 20:11
200207,20020702,25,2022,66,5,,,,,,,2,3,2,,,,4,,2024-04-17 20:11
210074,20020703,25,2022,43,6,2,856,2021m11,4,286,2,2,3,1,700,,2,3,,2024-04-17 20:11
210075,20020704,25,2022,39,6,1,411,2010m4,1,231,1,2,3,1,320,1,2,4,,2024-04-17 20:11
200208,20020801,25,2022,47,5,1,529,2005m6,1,752,1,2,3,1,450,1,2,3,,2024-04-17 20:11
200208,20020802,25,2022,47,5,,,,,,,2,3,2,,,,4,,2024-04-17 20:11
200208,20020803,25,2022,18,2,,,,,,,1,3,1,,,,3,,2024-04-17 20:11
200210,20021001,25,2022,79,3,,,,,,,3,3,2,,,,4,,2024-04-17 20:11
200210,20021002,25,2022,50,5,1,303,1999m4,1,313,1,1,3,1,300,1,3,4,,2024-04-17 20:11
200212,20021201,25,2022,60,6,1,242,1990m5,1,312,1,2,3,1,500,1,2,4,,2024-04-17 20:11
200212,20021202,25,2022,59,3,,,,,,,2,3,2,,,,4,,2024-04-17 20:11
200212,20021203,25,2022,30,6,1,529,2021m7,1,312,1,1,3,2,250,1,3,4,,2024-04-17 20:11
200213,20021301,25,2022,60,6,1,291,2017m8,1,235,1,2,3,1,300,1,3,4,,2024-04-17 20:11
200213,20021302,25,2022,59,5,,,,,,,2,3,2,,,,4,,2024-04-17 20:11
200213,20021303,25,2022,31,6,1,452,2017m2,1,313,1,1,3,2,300,1,3,4,,2024-04-17 20:11
200213,20021304,25,2022,29,6,,,,,,,1,3,1,,,,4,,2024-04-17 20:11
200214,20021401,25,2022,81,2,2,11,1960m10,4,611,2,2,11,1,10,,3,5,,2024-04-17 20:11
200214,20021402,25,2022,73,1,,,,,,,2,11,2,,,,5,,2024-04-17 20:11
200215,20021501,25,2022,74,2,,,,,,,2,11,1,,,,5,,2024-04-17 20:11
200215,20021502,25,2022,67,2,,,,,,,2,11,2,,,,5,,2024-04-17 20:11
200216,20021601,25,2022,62,5,1,682,2022m6,1,852,1,2,11,1,296,1,3,4,,2024-04-17 20:11
200216,20021602,25,2022,57,3,,,,,,,2,11,2,,,,4,,2024-04-17 20:11
200216,20021603,25,2022,30,6,1,711,2021m6,1,330,1,1,11,1,198,1,3,5,,2024-04-17 20:11
200216,20021604,25,2022,25,3,1,285,2021m8,1,899,1,1,11,1,246,1,3,5,,2024-04-17 20:11
200217,20021701,25,2022,84,1,,,,,,,3,11,2,,,,5,,2024-04-17 20:11
200218,20021801,25,2022,83,1,2,11,1959m3,4,611,2,2,11,1,250,,3,5,,2024-04-17 20:11
200218,20021802,25,2022,75,1,1,11,1988m4,3,991,1,2,11,2,120,2,3,5,,2024-04-17 20:11
200219,20021901,25,2022,83,2,2,11,1989m3,4,611,2,3,11,1,13,,4,4,,2024-04-17 20:11
200220,20022001,25,2022,82,2,2,11,1969m2,4,611,2,2,11,1,50,,3,5,,2024-04-17 20:11
200220,20022002,25,2022,79,2,3,11,1970m3,5,611,2,2,11,2,,,4,5,,2024-04-17 20:11
200221,20022102,25,2022,63,2,1,102,2010m3,1,710,1,3,11,2,175,2,3,5,,2024-04-17 20:11
200222,20022201,25,2022,71,2,,,,,,,2,11,1,,,,5,,2024-04-17 20:11
200222,20022202,25,2022,62,2,1,561,2017m5,1,952,1,2,11,2,160,2,3,5,,2024-04-17 20:11
200223,20022301,25,2022,43,6,1,14,2005m12,1,311,1,2,11,1,425,1,2,5,,2024-04-17 20:11
200223,20022302,25,2022,42,6,,,,,,,2,11,2,,,,5,,2024-04-17 20:11
200224,20022401,25,2022,68,3,1,852,2017m2,1,783,1,2,19,1,200,2,3,3,,2024-04-17 20:11
200224,20022402,25,2022,62,3,,,,,,,2,19,2,,,,3,,2024-04-17 20:11
200225,20022501,25,2022,70,2,1,841,2020m1,3,941,1,3,10,2,20,2,3,5,,2024-04-17 20:11
200227,20022701,25,2022,82,3,2,11,1996m3,4,611,2,2,10,1,5,,3,4,,2024-04-17 20:11
200227,20022702,25,2022,75,2,,,,,,,2,10,2,,,,5,,2024-04-17 20:11
200228,20022801,25,2022,75,2,,,,,,,3,10,2,,,,4,,2024-04-17 20:11
200229,20022901,25,2022,72,3,,,,,,,2,10,1,,,,6,,2024-04-17 20:11
200229,20022902,25,2022,74,2,,,,,,,2,10,2,,,,6,,2024-04-17 20:11
200230,20023001,25,2022,79,2,2,11,1968m8,4,611,2,2,10,1,50,,3,5,,2024-04-17 20:11
200230,20023002,25,2022,79,2,3,11,1966m3,5,611,2,2,10,2,,,4,5,,2024-04-17 20:11
200231,20023101,25,2022,60,2,2,11,1996m6,4,611,2,2,10,1,500,,3,4,,2024-04-17 20:11
200231,20023102,25,2022,61,2,3,11,1996m3,5,611,2,2,10,2,,,3,5,,2024-04-17 20:11
200231,20023103,25,2022,87,1,,,,,,,3,10,2,,,,4,,2024-04-17 20:11
200231,20023104,25,2022,34,5,,,,,,,1,10,2,,,,4,,2024-04-17 20:11
200232,20023201,25,2022,77,2,2,11,1970m5,4,611,2,3,10,1,90,,3,4,,2024-04-17 20:11
200232,20023202,25,2022,51,6,1,204,2018m8,1,953,1,1,10,1,250,1,3,4,,2024-04-17 20:11
200233,20023301,25,2022,80,1,2,11,1969m10,4,611,2,2,10,1,500,,3,4,,2024-04-17 20:11
200233,20023302,25,2022,74,2,,,,,,,2,10,2,,,,4,,2024-04-17 20:11
200234,20023401,25,2022,83,1,1,841,2018m3,3,941,1,3,10,2,27,2,3,5,,2024-04-17 20:11
200235,20023501,25,2022,78,3,,,,,,,3,10,1,,,,5,,2024-04-17 20:11
200235,20023502,25,2022,95,1,,,,,,,3,10,2,,,,5,,2024-04-17 20:11
200237,20023701,25,2022,70,2,2,11,1966m3,4,611,2,2,10,1,320,,3,4,,2024-04-17 20:11
200237,20023702,25,2022,65,2,,,,,,,2,10,2,,,,4,,2024-04-17 20:11
200238,20023801,25,2022,58,2,2,11,1982m3,4,611,2,2,10,1,500,,2,4,,2024-04-17 20:11
200238,20023802,25,2022,58,3,3,11,2010m3,5,611,2,2,10,2,,,3,4,,2024-04-17 20:11
200238,20023803,25,2022,33,5,1,471,2020m10,3,953,1,1,10,1,180,2,3,4,,2024-04-17 20:11
200238,20023804,25,2022,30,6,1,861,2021m5,1,243,1,1,10,2,300,1,3,4,,2024-04-17 20:11
200239,20023901,25,2022,69,6,,,,,,,3,10,2,,,,4,,2024-04-17 20:11
200240,20024001,25,2022,80,6,1,477,2022m1,1,953,1,2,10,1,200,2,2,4,,2024-04-17 20:11
200240,20024002,25,2022,72,3,,,,,,,2,10,2,,,,4,,2024-04-17 20:11
200242,20024201,25,2022,83,1,2,11,1958m3,4,611,2,3,10,2,18,,3,5,,2024-04-17 20:11
200243,20024301,25,2022,72,2,2,11,1965m3,4,611,2,2,10,1,60,,3,5,,2024-04-17 20:11
200243,20024302,25,2022,68,2,3,11,1977m3,5,611,2,2,10,2,,,4,5,,2024-04-17 20:11
200244,20024401,25,2022,42,4,1,381,2021m7,1,873,1,2,10,1,500,1,3,4,,2024-04-17 20:11
200244,20024402,25,2022,44,5,1,872,2021m3,1,247,1,2,10,2,220,1,2,4,,2024-04-17 20:11
200244,20024403,25,2022,15,2,,,,,,,1,10,1,,,,4,,2024-04-17 20:11
200246,20024601,25,2022,39,5,1,844,2010m7,1,411,1,2,10,1,490,1,2,4,,2024-04-17 20:11
200246,20024602,25,2022,34,6,1,851,2013m9,1,252,1,2,10,2,270,1,2,4,,2024-04-17 20:11
200247,20024701,25,2022,67,2,1,382,2016m4,1,873,1,2,19,1,230,1,3,3,,2024-04-17 20:11
200247,20024702,25,2022,64,3,1,871,2008m3,1,312,1,2,19,2,250,1,2,3,,2024-04-17 20:11
200247,20024703,25,2022,88,2,,,,,,,3,19,2,,,,3,,2024-04-17 20:11
200250,20025001,25,2022,81,6,,,,,,,2,10,1,,,,5,,2024-04-17 20:11
200250,20025002,25,2022,75,3,,,,,,,2,10,2,,,,5,,2024-04-17 20:11
200251,20025101,25,2022,78,2,,,,,,,2,10,1,,,,5,,2024-04-17 20:11
200251,20025102,25,2022,74,2,,,,,,,2,10,2,,,,5,,2024-04-17 20:11
200252,20025201,25,2022,78,5,1,751,2019m6,1,942,1,2,14,1,230,2,3,4,,2024-04-17 20:11
200252,20025202,25,2022,75,3,,,,,,,2,14,2,,,,4,,2024-04-17 20:11
200253,20025301,25,2022,75,3,1,682,2018m1,1,942,1,2,14,1,210,2,3,4,,2024-04-17 20:11
200253,20025302,25,2022,70,2,,,,,,,2,14,2,,,,4,,2024-04-17 20:11
200253,20025303,25,2022,48,3,,,,,,,3,14,1,,,,6,,2024-04-17 20:11
200254,20025402,25,2022,80,3,,,,,,,3,14,2,,,,5,,2024-04-17 20:11
200255,20025501,25,2022,82,2,,,,,,,3,14,2,,,,5,,2024-04-17 20:11
200256,20025601,25,2022,59,5,2,478,2003m3,4,521,2,2,14,1,300,,2,3,,2024-04-17 20:11
200256,20025602,25,2022,55,5,3,478,2003m3,5,521,2,2,14,2,,,3,3,,2024-04-17 20:11
200257,20025701,25,2022,94,2,,,,,,,3,14,2,,,,6,,2024-04-17 20:11
200258,20025801,25,2022,73,3,2,475,1988m3,4,521,2,2,14,1,200,,3,3,,2024-04-17 20:11
200258,20025802,25,2022,69,2,,,,,,,2,14,2,,,,3,,2024-04-17 20:11
200259,20025901,25,2022,70,3,1,682,2017m3,1,942,1,2,14,1,220,2,2,3,,2024-04-17 20:11
200259,20025902,25,2022,65,2,,,,,,,2,14,2,,,,3,,2024-04-17 20:11
200259,20025903,25,2022,45,3,1,463,2007m3,1,922,1,1,14,1,290,2,3,4,,2024-04-17 20:11
200260,20026001,25,2022,84,2,,,,,,,3,14,2,,,,6,,2024-04-17 20:11
200261,20026101,25,2022,62,5,2,493,2000m3,4,873,2,2,14,1,300,,3,3,,2024-04-17 20:11
200261,20026102,25,2022,58,3,,,,,,,2,14,2,,,,4,,2024-04-17 20:11
200262,20026201,25,2022,63,2,,,,,,,1,14,2,,,,6,,2024-04-17 20:11
200264,20026401,25,2022,80,2,,,,,,,2,14,1,,,,6,,2024-04-17 20:11
200264,20026402,25,2022,75,2,,,,,,,2,14,2,,,,6,,2024-04-17 20:11
200264,20026403,25,2022,52,3,,,,,,,1,14,1,,,,6,,2024-04-17 20:11
200265,20026501,25,2022,81,2,,,,,,,2,14,1,,,,6,,2024-04-17 20:11
200265,20026502,25,2022,75,2,,,,,,,2,14,2,,,,6,,2024-04-17 20:11
200265,20026503,25,2022,52,3,,,,,,,2,14,1,,,,6,,2024-04-17 20:11
200265,20026504,25,2022,33,2,,,,,,,2,14,2,,,,5,,2024-04-17 20:11
200266,20026601,25,2022,75,5,1,461,2013m1,2,314,1,3,14,1,300,2,2,3,,2024-04-17 20:11
200267,20026701,25,2022,65,3,1,411,2019m10,3,910,1,1,14,1,180,2,3,6,,2024-04-17 20:11
200268,20026801,25,2022,84,1,,,,,,,3,14,2,,,,4,,2024-04-17 20:11
200269,20026901,25,2022,57,3,1,492,1989m9,1,873,1,2,14,1,390,1,2,3,,2024-04-17 20:11
200269,20026902,25,2022,64,2,,,,,,,2,14,2,,,,3,,2024-04-17 20:11
200270,20027001,25,2022,82,2,2,11,1960m3,4,611,2,2,14,1,110,,3,4,,2024-04-17 20:11
200270,20027002,25,2022,75,2,3,11,1967m8,5,611,2,2,14,2,,,4,5,,2024-04-17 20:11
200271,20027101,25,2022,61,2,1,411,1992m3,3,782,1,2,14,1,120,2,3,5,,2024-04-17 20:11
200271,20027102,25,2022,55,2,1,103,2008m3,1,710,1,2,14,2,180,1,3,5,,2024-04-17 20:11
200272,20027201,25,2022,73,2,,,,,,,3,14,2,,,,6,,2024-04-17 20:11
200273,20027301,25,2022,71,3,,,,,,,2,14,1,,,,4,,2024-04-17 20:11
200273,20027302,25,2022,68,2,,,,,,,2,14,2,,,,4,,2024-04-17 20:11
200275,20027501,25,2022,61,2,,,,,,,2,14,1,,,,4,,2024-04-17 20:11
200275,20027502,25,2022,54,2,1,285,2003m4,1,855,1,2,14,2,170,1,3,4,,2024-04-17 20:11
200275,20027504,25,2022,84,1,,,,,,,3,14,2,,,,4,,2024-04-17 20:11
200276,20027601,25,2022,59,2,1,871,2018m11,1,421,1,1,14,2,200,1,2,4,,2024-04-17 20:11
200277,20027701,25,2022,65,2,,,,,,,3,14,1,,,,5,,2024-04-17 20:11
200278,20027801,25,2022,83,3,2,11,1979m2,4,611,2,2,11,1,150,,3,5,,2024-04-17 20:11
200278,20027802,25,2022,79,2,3,11,1979m2,5,611,2,2,11,2,,,3,5,,2024-04-17 20:11
200279,20027901,25,2022,35,5,1,475,2021m7,1,285,1,3,4,2,250,1,3,5,,2024-04-17 20:11
210257,20027902,25,2022,37,5,1,861,2021m7,1,862,1,3,4,1,200,1,3,4,,2024-04-17 20:11
200280,20028001,25,2022,75,3,2,11,2019m5,4,611,2,2,4,1,40,,3,2,,2024-04-17 20:11
200280,20028002,25,2022,69,2,3,11,2019m5,5,611,2,2,4,2,,,3,2,,2024-04-17 20:11
200281,20028101,25,2022,57,6,2,949,1998m10,4,248,2,2,4,1,150,,1,5,,2024-04-17 20:11
200281,20028102,25,2022,54,6,1,682,2019m3,1,274,1,2,4,2,450,1,2,4,,2024-04-17 20:11
200282,20028201,25,2022,49,5,2,561,2012m9,4,441,2,2,4,1,350,,2,5,,2024-04-17 20:11
200282,20028202,25,2022,32,3,3,561,2019m5,5,441,2,2,4,2,,,2,5,,2024-04-17 20:11
200283,20028301,25,2022,41,6,1,845,2007m3,1,311,1,2,4,1,450,1,3,4,,2024-04-17 20:11
200284,20028401,25,2022,36,6,2,591,2016m1,4,281,2,1,4,2,200,,2,5,,2024-04-17 20:11
200285,20028501,25,2022,57,5,1,411,2016m7,1,141,1,2,4,1,450,1,2,4,,2024-04-17 20:11
200285,20028502,25,2022,53,5,1,472,2006m3,1,521,1,2,4,2,300,1,2,4,,2024-04-17 20:11
200285,20028503,25,2022,27,6,,,,,,,1,4,2,,,,4,,2024-04-17 20:11
200285,20028504,25,2022,26,3,,,,,,,1,4,1,,,,5,,2024-04-17 20:11
200286,20028601,25,2022,51,6,1,259,2013m10,1,922,1,2,4,1,370,1,2,4,,2024-04-17 20:11
200286,20028602,25,2022,46,6,1,872,2020m9,1,247,1,2,4,2,210,1,2,4,,2024-04-17 20:11
200286,20028603,25,2022,19,4,,,,,,,1,4,2,,,,4,,2024-04-17 20:11
200286,20028604,25,2022,17,2,,,,,,,1,4,2,,,,4,,2024-04-17 20:11
200287,20028701,25,2022,45,6,,,,,,,2,4,1,,,,4,,2024-04-17 20:11
200287,20028702,25,2022,43,3,,,,,,,2,4,2,,,,4,,2024-04-17 20:11
200288,20028802,25,2022,74,1,,,,,,,3,10,2,,,,6,,2024-04-17 20:11
200289,20028901,25,2022,75,2,2,11,1997m3,4,611,2,2,10,1,50,,3,6,,2024-04-17 20:11
200289,20028902,25,2022,72,2,3,11,1976m3,5,611,2,2,10,2,,,3,5,,2024-04-17 20:11
200290,20029001,25,2022,77,2,,,,,,,2,10,1,,,,5,,2024-04-17 20:11
200290,20029002,25,2022,77,2,1,872,2019m1,2,941,1,2,10,2,27,2,1,5,,2024-04-17 20:11
200290,20029003,25,2022,101,1,,,,,,,3,10,2,,,,5,,2024-04-17 20:11
200292,20029201,25,2022,71,2,,,,,,,3,10,1,,,,6,,2024-04-17 20:11
200293,20029301,25,2022,66,2,1,204,1979m1,1,753,1,2,10,1,250,1,2,4,,2024-04-17 20:11
200293,20029302,25,2022,59,3,,,,,,,2,10,2,,,,4,,2024-04-17 20:11
200294,20029401,25,2022,75,2,1,682,2011m7,2,941,1,2,10,1,190,2,2,5,,2024-04-17 20:11
200294,20029402,25,2022,71,2,,,,,,,2,10,2,,,,5,,2024-04-17 20:11
200295,20029501,25,2022,69,2,,,,,,,2,10,1,,,,6,,2024-04-17 20:11
200295,20029502,25,2022,68,2,,,,,,,2,10,2,,,,6,,2024-04-17 20:11
200296,20029601,25,2022,74,2,1,682,2020m1,1,942,1,3,10,1,230,2,2,4,,2024-04-17 20:11
200297,20029701,25,2022,70,6,1,949,1993m1,1,248,1,2,10,1,200,1,1,5,,2024-04-17 20:11
200297,20029702,25,2022,60,6,,,,,,,2,10,2,,,,5,,2024-04-17 20:11
200299,20029901,25,2022,71,2,1,681,2018m10,1,941,1,3,4,2,140,2,2,4,,2024-04-17 20:11
200301,20030101,25,2022,80,2,1,872,2021m2,3,,1,3,4,2,27,2,2,5,,2024-04-17 20:11
200301,20030102,25,2022,53,6,1,753,2017m3,1,412,1,1,4,1,220,1,3,5,,2024-04-17 20:11
200302,20030201,25,2022,57,3,1,841,2010m1,1,612,1,3,4,1,300,1,2,5,,2024-04-17 20:11
200304,20030401,25,2022,70,2,1,841,2021m1,2,,1,3,4,2,27,2,2,5,,2024-04-17 20:11
200305,20030501,25,2022,83,1,,,,,,,3,4,2,,,,6,,2024-04-17 20:11
200306,20030601,25,2022,47,3,,,,,,,2,4,2,,,,4,,2024-04-17 20:11
200306,20030602,25,2022,52,3,1,203,1994m9,1,899,1,2,4,1,380,1,2,4,,2024-04-17 20:11
200306,20030603,25,2022,15,2,,,,,,,1,4,2,,,,4,,2024-04-17 20:11
200307,20030701,25,2022,34,3,1,221,2010m4,1,832,1,1,4,1,430,1,2,4,,2024-04-17 20:11
200307,20030702,25,2022,55,3,2,561,2016m1,4,441,2,3,4,2,100,,2,4,,2024-04-17 20:11
200308,20030801,25,2022,68,2,,,,,,,3,4,2,,,,5,,2024-04-17 20:11
200308,20030802,25,2022,42,3,,,,,,,1,4,1,,,,6,,2024-04-17 20:11
200308,20030803,25,2022,39,4,,,,,,,1,4,1,,,,5,,2024-04-17 20:11
200309,20030901,25,2022,47,3,1,463,1998m9,1,521,1,2,4,1,408,1,2,3,,2024-04-17 20:11
200309,20030902,25,2022,43,3,1,479,2022m3,1,532,1,2,4,2,16,2,2,3,,2024-04-17 20:11
200310,20031001,25,2022,85,2,,,,,,,2,4,2,,,,6,,2024-04-17 20:11
200310,20031002,25,2022,96,2,,,,,,,2,4,1,,,,6,,2024-04-17 20:11
200312,20031201,25,2022,49,3,1,222,2017m11,2,832,1,3,4,2,50,2,2,6,,2024-04-17 20:11
200313,20031301,25,2022,46,3,1,856,2019m10,2,254,1,3,4,2,130,2,3,6,,2024-04-17 20:11
200313,20031303,25,2022,20,3,1,303,2022m3,1,854,1,1,4,1,182,1,3,6,,2024-04-17 20:11
200314,20031401,25,2022,64,6,,,,,,,2,4,1,,,,5,,2024-04-17 20:11
200314,20031402,25,2022,64,3,1,841,2022m5,2,391,1,2,4,2,187,2,3,5,,2024-04-17 20:11
200315,20031501,25,2022,89,2,,,,,,,3,11,2,,,,6,,2024-04-17 20:11
200316,20031601,25,2022,83,1,1,841,2022m3,2,941,1,3,11,2,27,2,2,6,,2024-04-17 20:11
200317,20031701,25,2022,84,1,1,841,2022m3,2,941,1,3,11,2,27,2,3,6,,2024-04-17 20:11
200318,20031801,25,2022,76,1,1,872,2022m3,2,941,1,3,11,2,27,2,3,6,,2024-04-17 20:11
200319,20031901,25,2022,64,2,,,,,,,1,11,2,,,,6,,2024-04-17 20:11
200320,20032001,25,2022,76,1,,,,,,,3,11,2,,,,6,,2024-04-17 20:11
200321,20032101,25,2022,65,3,2,561,2008m4,4,441,2,3,14,2,150,,3,4,,2024-04-17 20:11
200322,20032201,25,2022,65,3,,,,,,,2,14,1,,,,4,,2024-04-17 20:11
200322,20032202,25,2022,63,3,,,,,,,2,14,2,,,,3,,2024-04-17 20:11
200323,20032301,25,2022,71,3,,,,,,,2,14,1,,,,4,,2024-04-17 20:11
200323,20032302,25,2022,67,2,,,,,,,2,14,2,,,,4,,2024-04-17 20:11
200324,20032401,25,2022,68,2,1,411,2015m2,3,910,1,2,14,1,180,2,3,6,,2024-04-17 20:11
200324,20032402,25,2022,64,2,,,,,,,2,14,2,,,,5,,2024-04-17 20:11
200324,20032403,25,2022,27,6,,,,,,,1,14,1,,,,6,,2024-04-17 20:11
200325,20032501,25,2022,88,1,,,,,,,3,14,2,,,,5,,2024-04-17 20:11
200326,20032601,25,2022,37,5,1,320,2020m6,2,783,1,2,14,1,250,2,2,5,,2024-04-17 20:11
200326,20032602,25,2022,36,5,1,101,2020m9,2,710,1,2,14,2,150,2,2,4,,2024-04-17 20:11
200327,20032701,25,2022,77,2,,,,,,,2,14,1,,,,4,,2024-04-17 20:11
200327,20032702,25,2022,73,2,,,,,,,2,14,2,,,,4,,2024-04-17 20:11
200328,20032801,25,2022,74,3,,,,,,,2,14,1,,,,4,,2024-04-17 20:11
200328,20032802,25,2022,71,2,,,,,,,2,14,2,,,,4,,2024-04-17 20:11
200329,20032901,25,2022,69,2,1,841,2017m2,2,941,1,2,14,1,27,2,3,3,,2024-04-17 20:11
200329,20032902,25,2022,67,2,,,,,,,2,14,2,,,,4,,2024-04-17 20:11
200330,20033001,25,2022,85,3,,,,,,,2,14,1,,,,3,,2024-04-17 20:11
200330,20033002,25,2022,81,2,,,,,,,2,14,2,,,,4,,2024-04-17 20:11
200331,20033101,25,2022,79,2,1,841,2020m3,2,941,1,2,14,1,27,2,2,4,,2024-04-17 20:11
200331,20033102,25,2022,71,2,1,841,2020m3,2,941,1,2,14,2,27,2,2,4,,2024-04-17 20:11
200331,20033104,25,2022,31,5,,,,,,,2,14,2,,,,4,,2024-04-17 20:11
200332,20033201,25,2022,55,3,1,411,2018m3,3,910,1,2,14,1,220,2,3,3,,2024-04-17 20:11
200332,20033202,25,2022,51,3,,,,,,,2,14,2,,,,3,,2024-04-17 20:11
200332,20033203,25,2022,29,5,1,241,2015m3,1,841,1,1,14,1,350,1,2,4,,2024-04-17 20:11
200332,20033204,25,2022,26,5,1,241,2019m2,1,841,1,1,14,1,300,1,2,4,,2024-04-17 20:11
200334,20033401,25,2022,74,2,,,,,,,3,14,2,,,,5,,2024-04-17 20:11
200336,20033601,25,2022,67,2,,,,,,,2,14,2,,,,3,,2024-04-17 20:11
200336,20033602,25,2022,72,3,,,,,,,2,14,1,,,,3,,2024-04-17 20:11
200337,20033701,25,2022,74,3,,,,,,,3,14,2,,,,5,,2024-04-17 20:11
200338,20033801,25,2022,70,3,,,,,,,2,14,1,,,,5,,2024-04-17 20:11
200338,20033802,25,2022,70,3,,,,,,,2,14,2,,,,4,,2024-04-17 20:11
200339,20033901,25,2022,53,5,2,477,2008m3,4,922,2,2,14,1,300,,2,3,,2024-04-17 20:11
200339,20033902,25,2022,50,6,,,,,,,2,14,2,,,,4,,2024-04-17 20:11
200339,20033903,25,2022,21,4,,,,,,,1,14,1,,,,5,,2024-04-17 20:11
200339,20033904,25,2022,18,2,,,,,,,1,14,1,,,,5,,2024-04-17 20:11
200340,20034001,25,2022,60,3,1,841,2008m3,1,783,1,2,14,1,300,1,2,3,,2024-04-17 20:11
200340,20034002,25,2022,61,3,,,,,,,2,14,2,,,,3,,2024-04-17 20:11
200340,20034003,25,2022,88,1,,,,,,,3,14,2,,,,6,,2024-04-17 20:11
200340,20034004,25,2022,31,5,2,101,2018m10,4,710,2,1,14,1,300,,2,4,,2024-04-17 20:11
200341,20034101,25,2022,83,2,2,561,2008m3,4,441,2,3,14,2,30,,4,4,,2024-04-17 20:11
200342,20034201,25,2022,66,3,,,,,,,2,4,1,,,,4,,2024-04-17 20:11
200342,20034202,25,2022,58,3,,,,,,,2,4,2,,,,4,,2024-04-17 20:11
200342,20034203,25,2022,33,6,1,844,2017m5,1,411,1,1,4,1,310,1,2,4,,2024-04-17 20:11
200343,20034301,25,2022,54,6,1,844,1995m5,1,411,1,2,4,1,520,1,2,4,,2024-04-17 20:11
200343,20034302,25,2022,52,6,1,712,2000m5,1,313,1,2,4,2,340,1,2,4,,2024-04-17 20:11
200343,20034303,25,2022,24,4,,,,,,,1,4,1,,,,4,,2024-04-17 20:11
200343,20034304,25,2022,22,4,,,,,,,1,4,2,,,,3,,2024-04-17 20:11
200346,20034601,25,2022,90,2,,,,,,,3,4,1,,,,3,,2024-04-17 20:11
200347,20034701,25,2022,69,5,1,842,2021m2,2,412,1,2,11,1,200,2,2,4,,2024-04-17 20:11
200347,20034702,25,2022,68,5,,,,,,,2,11,2,,,,4,,2024-04-17 20:11
210076,20034703,25,2022,38,6,1,872,2015m1,1,247,1,1,19,2,280,1,3,4,,2024-04-17 20:11
200348,20034801,25,2022,55,5,2,475,2010m5,4,521,2,2,11,1,200,,3,5,,2024-04-17 20:11
200348,20034802,25,2022,56,3,3,475,2010m4,5,521,2,2,11,2,,,3,5,,2024-04-17 20:11
210160,20034803,25,2022,23,3,1,351,2017m5,1,236,1,2,10,2,330,1,1,3,,2024-04-17 20:11
200348,20034804,25,2022,22,3,,,,,,,1,11,2,,,,4,,2024-04-17 20:11
200349,20034901,25,2022,73,2,2,969,1996m1,4,823,2,2,11,1,150,,4,6,,2024-04-17 20:11
200349,20034902,25,2022,66,2,3,969,1996m1,5,823,2,2,11,2,,,3,6,,2024-04-17 20:11
200350,20035001,25,2022,83,3,,,,,,,2,11,1,,,,4,,2024-04-17 20:11
200350,20035002,25,2022,81,2,,,,,,,2,11,2,,,,3,,2024-04-17 20:11
200351,20035101,25,2022,81,1,1,841,2022m3,3,941,1,3,14,2,27,2,3,5,,2024-04-17 20:11
200351,20035102,25,2022,62,3,2,493,2022m1,4,873,2,2,14,1,100,,3,6,,2024-04-17 20:11
200351,20035103,25,2022,59,2,1,872,2022m5,2,421,1,2,14,2,130,2,4,6,,2024-04-17 20:11
200352,20035201,25,2022,83,1,,,,,,,3,7,2,,,,5,,2024-04-17 20:11
200353,20035301,25,2022,81,2,,,,,,,3,7,2,,,,5,,2024-04-17 20:11
200354,20035401,25,2022,64,6,,,,,,,2,2,1,,,,4,,2024-04-17 20:11
200354,20035402,25,2022,58,3,,,,,,,2,2,2,,,,4,,2024-04-17 20:11
200354,20035403,25,2022,28,6,,,,,,,1,2,2,,,,4,,2024-04-17 20:11
200354,20035404,25,2022,27,3,1,479,2020m11,1,930,1,1,2,1,300,1,3,5,,2024-04-17 20:11
200355,20035501,25,2022,73,2,,,,,,,2,2,1,,,,5,,2024-04-17 20:11
200355,20035502,25,2022,68,2,,,,,,,2,2,2,,,,4,,2024-04-17 20:11
200356,20035601,25,2022,43,6,1,711,2012m2,1,330,1,2,7,1,330,1,3,4,,2024-04-17 20:11
200356,20035602,25,2022,42,6,2,961,2006m5,4,422,2,2,7,2,220,,3,5,,2024-04-17 20:11
200358,20035801,25,2022,74,2,,,,,,,3,7,1,,,,6,,2024-04-17 20:11
200359,20035901,25,2022,51,3,2,424,2007m5,4,783,2,2,7,1,500,,3,4,,2024-04-17 20:11
200359,20035902,25,2022,45,3,,,,,,,2,7,2,,,,4,,2024-04-17 20:11
200359,20035903,25,2022,20,4,,,,,,,1,7,2,,,,4,,2024-04-17 20:11
200359,20035904,25,2022,17,2,,,,,,,1,7,1,,,,4,,2024-04-17 20:11
200360,20036001,25,2022,64,3,2,561,1995m2,4,441,2,2,7,1,200,,3,4,,2024-04-17 20:11
200360,20036002,25,2022,63,3,3,561,1995m2,5,441,2,2,7,2,,,3,4,,2024-04-17 20:11
200361,20036101,25,2022,68,3,,,,,,,3,2,2,,,,4,,2024-04-17 20:11
210258,20036102,25,2022,41,6,1,751,2019m1,1,412,1,2,2,1,250,2,3,5,,2024-04-17 20:11
200362,20036201,25,2022,50,3,2,331,2008m3,4,791,2,2,2,1,500,,3,5,,2024-04-17 20:11
200362,20036202,25,2022,47,3,1,651,2020m1,1,510,1,2,2,2,200,2,3,4,,2024-04-17 20:11
200362,20036203,25,2022,23,4,,,,,,,1,2,1,,,,4,,2024-04-17 20:11
200362,20036205,25,2022,18,2,,,,,,,1,2,2,,,,4,,2024-04-17 20:11
200364,20036401,25,2022,41,6,1,851,2008m3,1,254,1,2,2,2,250,2,3,4,,2024-04-17 20:11
200364,20036402,25,2022,40,6,1,351,2009m2,1,236,1,2,2,1,400,1,2,4,,2024-04-17 20:11
200366,20036601,25,2022,69,6,,,,,,,2,2,1,,,,3,,2024-04-17 20:11
200366,20036602,25,2022,68,3,,,,,,,2,2,2,,,,3,,2024-04-17 20:11
200367,20036701,25,2022,80,2,,,,,,,2,2,1,,,,4,,2024-04-17 20:11
200367,20036702,25,2022,74,2,,,,,,,2,2,2,,,,5,,2024-04-17 20:11
200368,20036801,25,2022,41,6,1,152,2011m2,1,312,1,2,2,1,300,1,2,4,,2024-04-17 20:11
200368,20036802,25,2022,42,5,1,152,2012m3,1,314,1,2,2,2,190,1,3,5,,2024-04-17 20:11
200369,20036901,25,2022,83,1,,,,,,,3,2,2,,,,6,,2024-04-17 20:11
200370,20037001,25,2022,80,2,,,,,,,2,2,1,,,,5,,2024-04-17 20:11
200370,20037002,25,2022,79,2,,,,,,,2,2,2,,,,6,,2024-04-17 20:11
200371,20037101,25,2022,67,2,2,492,1988m11,4,873,2,2,2,1,300,,2,4,,2024-04-17 20:11
200371,20037102,25,2022,50,2,1,139,2021m3,1,822,1,2,2,2,190,1,2,4,,2024-04-17 20:11
200372,20037201,25,2022,80,6,,,,,,,2,2,1,,,,4,,2024-04-17 20:11
200372,20037202,25,2022,76,3,,,,,,,2,2,2,,,,4,,2024-04-17 20:11
200373,20037301,25,2022,78,1,1,841,2019m2,2,941,1,3,2,2,27,2,3,4,,2024-04-17 20:11
200374,20037401,25,2022,64,5,1,411,2008m4,3,782,1,2,2,1,300,2,3,4,,2024-04-17 20:11
200374,20037402,25,2022,61,3,2,953,2000m5,4,730,2,2,2,2,150,,2,4,,2024-04-17 20:11
200376,20037601,25,2022,61,2,1,841,2020m8,2,421,1,1,2,1,70,2,2,6,,2024-04-17 20:11
200377,20037701,25,2022,80,2,,,,,,,3,2,2,,,,6,,2024-04-17 20:11
200378,20037801,25,2022,72,2,2,424,1980m4,4,783,2,2,2,1,300,,3,4,,2024-04-17 20:11
200378,20037802,25,2022,66,2,,,,,,,2,2,2,,,,4,,2024-04-17 20:11
200379,20037901,25,2022,60,3,,,,,,,2,2,1,,,,5,,2024-04-17 20:11
200379,20037902,25,2022,60,6,1,872,2021m2,2,421,1,2,2,2,200,2,2,4,,2024-04-17 20:11
200380,20038001,25,2022,80,2,,,,,,,3,2,2,,,,6,,2024-04-17 20:11
200381,20038101,25,2022,57,6,1,451,2003m2,1,510,1,2,2,1,400,2,2,3,,2024-04-17 20:11
200381,20038102,25,2022,57,6,1,851,1989m2,1,252,1,2,2,2,750,1,2,3,,2024-04-17 20:11
200382,20038201,25,2022,43,5,1,221,2004m1,1,851,1,2,2,1,500,1,3,3,,2024-04-17 20:11
200382,20038202,25,2022,40,6,,,,,,,2,2,2,,,,4,,2024-04-17 20:11
210077,20038301,25,2022,68,3,,,,,,,2,15,1,,,,4,,2024-04-17 20:11
210077,20038302,25,2022,65,2,,,,,,,2,15,2,,,,4,,2024-04-17 20:11
200383,20038303,25,2022,38,4,2,292,2021m1,4,753,2,2,15,1,300,,2,4,,2024-04-17 20:11
200383,20038304,25,2022,38,6,,,,,,,2,15,2,,,,4,,2024-04-17 20:11
200384,20038401,25,2022,69,6,,,,,,,2,2,1,,,,4,,2024-04-17 20:11
200384,20038402,25,2022,69,6,,,,,,,2,2,2,,,,4,,2024-04-17 20:11
200384,20038403,25,2022,88,1,,,,,,,3,2,1,,,,4,,2024-04-17 20:11
200386,20038601,25,2022,30,4,1,479,2019m9,1,285,1,1,2,2,250,1,2,4,,2024-04-17 20:11
200387,20038701,25,2022,81,2,1,872,2019m2,2,941,1,3,2,2,27,2,3,5,,2024-04-17 20:11
200388,20038801,25,2022,81,6,,,,,,,3,2,1,,,,4,,2024-04-17 20:11
200389,20038901,25,2022,52,6,1,492,1997m4,1,871,1,2,2,1,850,1,2,4,,2024-04-17 20:11
200389,20038902,25,2022,51,5,1,855,2021m7,2,,1,2,2,2,68,2,3,3,,2024-04-17 20:11
200389,20038903,25,2022,21,4,,,,,,,1,2,2,,,,4,,2024-04-17 20:11
200390,20039001,25,2022,39,6,2,474,2021m3,4,521,2,2,2,1,200,,3,4,,2024-04-17 20:11
200390,20039002,25,2022,39,6,2,474,2019m5,4,521,2,2,2,2,200,,3,4,,2024-04-17 20:11
200391,20039101,25,2022,53,6,,,,,,,2,2,1,,,,4,,2024-04-17 20:11
200391,20039102,25,2022,56,6,,,,,,,2,2,2,,,,4,,2024-04-17 20:11
200391,20039103,25,2022,28,6,1,551,2021m4,1,432,1,1,2,1,200,1,3,4,,2024-04-17 20:11
200392,20039201,25,2022,65,3,,,,,,,2,2,1,,,,3,,2024-04-17 20:11
200392,20039202,25,2022,60,3,,,,,,,2,2,2,,,,4,,2024-04-17 20:11
200393,20039302,25,2022,90,2,,,,,,,3,2,2,,,,4,,2024-04-17 20:11
200395,20039501,25,2022,80,4,,,,,,,2,2,1,,,,5,,2024-04-17 20:11
200395,20039502,25,2022,78,1,,,,,,,3,2,2,,,,6,,2024-04-17 20:11
200396,20039601,25,2022,80,2,1,872,2021m5,2,,1,2,2,1,27,2,3,4,,2024-04-17 20:11
200396,20039602,25,2022,76,2,,,,,,,2,2,2,,,,5,,2024-04-17 20:11
200397,20039701,25,2022,67,2,2,107,1998m3,4,710,2,2,2,1,,,3,5,,2024-04-17 20:11
200397,20039702,25,2022,63,2,3,107,1998m3,5,710,2,2,2,2,,,3,5,,2024-04-17 20:11
200398,20039801,25,2022,54,6,2,493,2014m6,4,873,2,2,2,1,400,,3,4,,2024-04-17 20:11
200398,20039802,25,2022,42,6,2,478,2012m3,4,521,2,2,2,2,100,,2,4,,2024-04-17 20:11
200400,20040002,25,2022,55,3,1,303,2022m1,1,851,1,2,2,1,320,1,3,4,,2024-04-17 20:11
200400,20040003,25,2022,52,5,,,,,,,2,2,2,,,,3,,2024-04-17 20:11
210161,20040004,25,2022,27,5,1,762,2022m3,1,761,1,1,2,1,240,1,3,4,,2024-04-17 20:11
200400,20040005,25,2022,24,4,,,,,,,1,2,1,,,,4,,2024-04-17 20:11
200401,20040101,25,2022,76,2,,,,,,,3,2,2,,,,5,,2024-04-17 20:11
200401,20040102,25,2022,51,5,1,701,2020m2,1,441,1,3,2,2,230,1,3,4,,2024-04-17 20:11
200402,20040201,25,2022,60,5,1,759,1986m4,1,312,1,2,2,1,900,1,2,3,,2024-04-17 20:11
200402,20040202,25,2022,59,3,1,463,2022m3,1,930,1,2,2,2,230,1,3,3,,2024-04-17 20:11
210078,20040203,25,2022,30,6,1,721,2021m10,1,231,1,2,1,1,240,1,2,4,,2024-04-17 20:11
210259,20040301,25,2022,77,3,,,,,,,3,2,2,,,,4,,2024-04-17 20:11
200403,20040302,25,2022,58,5,1,911,1999m11,1,412,1,2,2,1,350,1,2,4,,2024-04-17 20:11
210260,20040303,25,2022,27,4,1,591,2022m7,1,285,1,1,1,1,250,1,2,4,,2024-04-17 20:11
210259,20040304,25,2022,23,3,1,479,2021m6,1,531,1,1,2,1,180,1,3,4,,2024-04-17 20:11
200403,20040306,25,2022,57,3,2,682,2022m4,4,274,2,2,2,2,,,3,4,,2024-04-17 20:11
200404,20040401,25,2022,64,6,1,751,2022m4,1,874,1,2,2,1,250,1,2,3,,2024-04-17 20:11
200404,20040402,25,2022,64,5,,,,,,,2,2,2,,,,3,,2024-04-17 20:11
200405,20040501,25,2022,73,3,,,,,,,2,2,1,,,,4,,2024-04-17 20:11
200405,20040502,25,2022,69,2,,,,,,,2,2,2,,,,4,,2024-04-17 20:11
200406,20040601,25,2022,68,3,1,753,2016m7,1,942,1,2,2,1,210,2,2,4,,2024-04-17 20:11
200406,20040602,25,2022,58,2,1,742,2017m5,1,941,1,2,2,2,190,2,3,4,,2024-04-17 20:11
200407,20040701,25,2022,79,3,,,,,,,2,2,1,,,,4,,2024-04-17 20:11
200407,20040702,25,2022,81,3,,,,,,,2,2,2,,,,5,,2024-04-17 20:11
200408,20040801,25,2022,60,5,1,911,2012m2,2,941,1,2,2,1,,2,2,5,,2024-04-17 20:11
200408,20040802,25,2022,55,3,,,,,,,2,2,2,,,,5,,2024-04-17 20:11
200409,20040901,25,2022,87,2,,,,,,,3,2,2,,,,5,,2024-04-17 20:11
200410,20041001,25,2022,61,3,1,340,1990m4,1,753,1,2,2,1,400,1,3,3,,2024-04-17 20:11
200410,20041002,25,2022,59,3,,,,,,,2,2,2,,,,4,,2024-04-17 20:11
200410,20041003,25,2022,31,6,,,,,,,1,2,1,,,,3,,2024-04-17 20:11
200410,20041004,25,2022,29,6,,,,,,,1,2,1,,,,4,,2024-04-17 20:11
200411,20041101,25,2022,74,2,1,872,2022m3,2,941,1,3,15,2,79,2,2,5,,2024-04-17 20:11
200412,20041201,25,2022,85,1,,,,,,,3,15,2,,,,5,,2024-04-17 20:11
200413,20041301,25,2022,76,3,2,11,2021m7,4,611,2,2,13,1,10,,2,4,,2024-04-17 20:11
200413,20041302,25,2022,70,2,1,872,2020m7,1,421,1,2,13,2,200,2,2,4,,2024-04-17 20:11
200414,20041401,25,2022,75,2,2,11,1972m1,4,611,2,2,15,1,130,,2,3,,2024-04-17 20:11
200414,20041402,25,2022,68,2,3,11,1975m12,5,611,2,2,15,2,,,3,4,,2024-04-17 20:11
200415,20041501,25,2022,71,2,1,872,2022m2,2,941,1,3,15,2,67,2,2,4,,2024-04-17 20:11
200417,20041701,25,2022,71,2,,,,,,,3,15,2,,,,4,,2024-04-17 20:11
200417,20041702,25,2022,43,3,1,352,2009m9,1,953,1,1,15,1,325,1,3,4,,2024-04-17 20:11
200418,20041801,25,2022,60,5,2,11,2003m1,4,611,2,2,15,1,175,,3,5,,2024-04-17 20:11
200418,20041802,25,2022,58,3,1,872,2016m1,2,421,1,2,15,2,130,2,3,5,,2024-04-17 20:11
200419,20041902,25,2022,60,3,1,292,2022m4,2,952,1,3,15,2,110,2,3,4,,2024-04-17 20:11
200420,20042001,25,2022,61,6,1,841,2022m4,2,941,1,2,15,1,179,2,3,3,,2024-04-17 20:11
200420,20042002,25,2022,56,3,1,529,2005m1,2,521,1,2,15,2,190,2,3,4,,2024-04-17 20:11
200422,20042202,25,2022,83,1,2,11,1960m3,4,611,2,3,15,2,10,,3,4,,2024-04-17 20:11
200423,20042301,25,2022,82,2,2,11,1961m1,4,611,2,3,15,2,20,,2,4,,2024-04-17 20:11
200424,20042401,25,2022,85,2,,,,,,,2,15,2,,,,5,,2024-04-17 20:11
200424,20042402,25,2022,68,3,2,12,2020m8,4,613,2,2,15,1,36,,3,4,,2024-04-17 20:11
200425,20042501,25,2022,55,3,2,32,1990m1,4,630,2,2,15,1,350,,2,4,,2024-04-17 20:11
200425,20042502,25,2022,53,3,3,32,1991m7,5,630,2,2,15,2,,,3,4,,2024-04-17 20:11
200426,20042601,25,2022,74,2,2,32,1988m3,4,630,2,2,15,1,70,,4,4,,2024-04-17 20:11
200426,20042602,25,2022,68,2,3,32,2018m7,5,630,2,2,15,2,,,2,4,,2024-04-17 20:11
200427,20042701,25,2022,70,2,2,472,1998m4,4,521,2,2,15,1,300,,3,3,,2024-04-17 20:11
200427,20042702,25,2022,66,2,3,472,1998m4,5,521,2,2,15,2,,,4,4,,2024-04-17 20:11
200430,20043001,25,2022,57,3,1,682,2000m3,1,139,1,2,4,1,300,1,2,4,,2024-04-17 20:11
200430,20043002,25,2022,57,3,2,682,2010m5,4,274,2,2,4,2,400,,2,4,,2024-04-17 20:11
200431,20043101,25,2022,67,6,2,422,1995m5,4,141,2,2,4,1,350,,2,4,,2024-04-17 20:11
200431,20043102,25,2022,64,3,,,,,,,2,4,2,,,,4,,2024-04-17 20:11
200433,20043301,25,2022,73,2,2,472,1996m10,4,521,2,2,15,1,100,,4,3,,2024-04-17 20:11
200433,20043302,25,2022,67,2,3,472,1996m10,5,521,2,2,15,2,,,4,3,,2024-04-17 20:11
200434,20043401,25,2022,83,1,,,,,,,2,15,1,,,,5,,2024-04-17 20:11
200434,20043402,25,2022,80,1,,,,,,,2,15,2,,,,6,,2024-04-17 20:11
200435,20043501,25,2022,73,2,,,,,,,3,15,2,,,,4,,2024-04-17 20:11
200436,20043601,25,2022,86,2,,,,,,,3,15,2,,,,5,,2024-04-17 20:11
200437,20043701,25,2022,74,2,1,872,2018m2,3,922,1,2,15,1,27,2,2,3,,2024-04-17 20:11
200437,20043702,25,2022,73,2,1,872,2018m2,3,922,1,2,15,2,27,2,2,5,,2024-04-17 20:11
200438,20043801,25,2022,38,5,,,,,,,2,15,2,,,,4,,2024-04-17 20:11
200438,20043802,25,2022,35,6,2,424,2020m11,4,782,2,2,15,1,300,,2,4,,2024-04-17 20:11
200439,20043901,25,2022,42,5,,,,,,,2,15,2,,,,5,,2024-04-17 20:11
200439,20043902,25,2022,41,6,1,412,2016m6,1,141,1,2,15,1,320,1,3,5,,2024-04-17 20:11
200441,20044101,25,2022,70,2,1,872,2020m5,3,941,1,1,15,1,20,2,2,5,,2024-04-17 20:11
200442,20044201,25,2022,64,2,2,107,1986m4,4,710,2,3,4,1,200,,2,4,,2024-04-17 20:11
200444,20044401,25,2022,66,2,,,,,,,3,4,2,,,,6,,2024-04-17 20:11
200445,20044501,25,2022,80,2,1,841,2018m3,2,941,1,2,4,1,27,2,1,6,,2024-04-17 20:11
200445,20044502,25,2022,78,2,1,841,2019m2,2,941,1,2,4,2,27,2,3,6,,2024-04-17 20:11
200446,20044601,25,2022,79,2,,,,,,,3,10,2,,,,5,,2024-04-17 20:11
200447,20044701,25,2022,77,2,,,,,,,3,10,2,,,,5,,2024-04-17 20:11
200448,20044801,25,2022,70,2,,,,,,,2,10,1,,,,4,,2024-04-17 20:11
200448,20044802,25,2022,70,2,,,,,,,2,10,2,,,,4,,2024-04-17 20:11
200449,20044901,25,2022,80,3,,,,,,,2,10,1,,,,4,,2024-04-17 20:11
200449,20044902,25,2022,72,2,,,,,,,2,10,2,,,,4,,2024-04-17 20:11
200451,20045101,25,2022,44,5,1,494,2021m8,1,922,1,1,10,1,300,2,3,5,,2024-04-17 20:11
200452,20045201,25,2022,39,4,1,751,2010m6,1,312,1,2,10,1,370,1,2,4,,2024-04-17 20:11
200452,20045202,25,2022,37,3,2,961,2021m10,4,422,2,2,10,2,150,,3,4,,2024-04-17 20:11
200453,20045301,25,2022,68,2,1,492,2022m2,1,873,1,2,10,1,180,2,3,4,,2024-04-17 20:11
200453,20045302,25,2022,65,2,,,,,,,2,10,2,,,,4,,2024-04-17 20:11
200453,20045303,25,2022,34,3,1,492,2022m4,1,873,1,1,10,1,320,1,2,4,,2024-04-17 20:11
200453,20045304,25,2022,26,6,1,582,2022m5,1,222,1,1,10,2,185,1,3,4,,2024-04-17 20:11
200454,20045401,25,2022,46,6,2,422,2022m9,4,753,2,2,10,1,400,,3,4,,2024-04-17 20:11
200454,20045402,25,2022,52,6,1,871,2021m5,1,421,1,2,10,2,100,2,3,4,,2024-04-17 20:11
200454,20045403,25,2022,20,4,,,,,,,1,10,1,,,,4,,2024-04-17 20:11
200454,20045404,25,2022,19,4,,,,,,,1,10,2,,,,4,,2024-04-17 20:11
200454,20045405,25,2022,17,2,,,,,,,1,10,2,,,,4,,2024-04-17 20:11
200455,20045501,25,2022,63,2,,,,,,,3,4,2,,,,5,,2024-04-17 20:11
200456,20045601,25,2022,69,2,2,479,2008m1,4,532,2,3,4,2,30,,3,6,,2024-04-17 20:11
200456,20045602,25,2022,16,2,,,,,,,1,4,1,,,,4,,2024-04-17 20:11
200457,20045701,25,2022,60,2,,,,,,,3,4,1,,,,6,,2024-04-17 20:11
200458,20045801,25,2022,84,2,,,,,,,2,4,1,,,,4,,2024-04-17 20:11
200458,20045802,25,2022,82,1,,,,,,,2,4,2,,,,4,,2024-04-17 20:11
200459,20045901,25,2022,83,2,,,,,,,3,2,2,,,,6,,2024-04-17 20:11
200460,20046001,25,2022,86,2,,,,,,,3,8,1,,,,5,,2024-04-17 20:11
200462,20046201,25,2022,84,2,,,,,,,2,8,1,,,,5,,2024-04-17 20:11
200462,20046202,25,2022,84,1,,,,,,,2,8,2,,,,5,,2024-04-17 20:11
200464,20046401,25,2022,59,3,,,,,,,3,8,2,,,,5,,2024-04-17 20:11
200465,20046501,25,2022,71,2,1,969,2010m3,3,421,1,3,8,2,90,2,4,5,,2024-04-17 20:11
200466,20046601,25,2022,54,2,2,11,2016m2,4,611,2,3,8,2,150,,3,4,,2024-04-17 20:11
200467,20046702,25,2022,69,2,3,11,1976m2,5,611,2,2,8,2,,,3,4,,2024-04-17 20:11
200468,20046801,25,2022,78,2,,,,,,,2,8,1,,,,5,,2024-04-17 20:11
200468,20046802,25,2022,78,2,,,,,,,2,8,2,,,,5,,2024-04-17 20:11
200469,20046901,25,2022,56,2,1,411,1998m10,3,783,1,2,8,1,370,2,3,6,,2024-04-17 20:11
200469,20046902,25,2022,55,3,1,739,2010m1,2,281,1,2,8,2,108,2,3,6,,2024-04-17 20:11
200469,20046903,25,2022,24,6,1,912,2022m2,2,432,1,1,8,2,150,2,3,5,,2024-04-17 20:11
200469,20046904,25,2022,22,5,,,,,,,1,8,1,,,,5,,2024-04-17 20:11
200470,20047001,25,2022,80,2,,,,,,,3,8,2,,,,5,,2024-04-17 20:11
200471,20047101,25,2022,86,2,,,,,,,3,8,2,,,,6,,2024-04-17 20:11
200472,20047201,25,2022,49,3,2,953,1998m3,4,761,2,2,8,1,400,,3,5,,2024-04-17 20:11
200472,20047202,25,2022,49,3,,,,,,,2,8,2,,,,5,,2024-04-17 20:11
200472,20047203,25,2022,19,4,,,,,,,1,8,2,,,,4,,2024-04-17 20:11
200472,20047204,25,2022,16,2,,,,,,,1,8,2,,,,5,,2024-04-17 20:11
200473,20047301,25,2022,70,2,1,411,2021m10,3,910,1,2,8,1,153,2,3,5,,2024-04-17 20:11
200473,20047302,25,2022,70,2,,,,,,,2,8,2,,,,5,,2024-04-17 20:11
200475,20047501,25,2022,73,2,,,,,,,3,8,2,,,,5,,2024-04-17 20:11
200476,20047601,25,2022,69,2,1,742,2019m1,2,941,1,3,8,2,140,2,3,5,,2024-04-17 20:11
200477,20047701,25,2022,79,2,,,,,,,3,8,1,,,,5,,2024-04-17 20:11
200479,20047901,25,2022,84,1,,,,,,,3,8,2,,,,6,,2024-04-17 20:11
200480,20048002,25,2022,77,2,,,,,,,2,8,2,,,,4,,2024-04-17 20:11
200481,20048101,25,2022,44,3,1,259,2020m4,1,743,1,2,8,1,300,1,3,5,,2024-04-17 20:11
200481,20048102,25,2022,39,5,1,241,2013m9,1,313,1,2,8,2,274,1,2,4,,2024-04-17 20:11
200482,20048201,25,2022,68,2,,,,,,,3,8,2,,,,4,,2024-04-17 20:11
200483,20048301,25,2022,48,6,1,753,2002m1,1,312,1,2,8,1,430,1,3,5,,2024-04-17 20:11
200483,20048302,25,2022,47,6,,,,,,,2,8,2,,,,5,,2024-04-17 20:11
200484,20048401,25,2022,48,5,1,281,2003m2,1,312,1,2,8,1,390,1,3,4,,2024-04-17 20:11
200484,20048402,25,2022,46,6,,,,,,,2,8,2,,,,5,,2024-04-17 20:11
200484,20048403,25,2022,18,2,,,,,,,1,8,1,,,,5,,2024-04-17 20:11
200484,20048404,25,2022,16,2,,,,,,,1,8,2,,,,4,,2024-04-17 20:11
200486,20048601,25,2022,75,3,2,11,1973m1,4,611,2,2,12,1,45,,3,4,,2024-04-17 20:11
200486,20048602,25,2022,73,2,3,11,1973m2,5,611,2,2,12,2,,,3,4,,2024-04-17 20:11
210261,20048603,25,2022,42,4,1,562,2017m3,2,441,1,3,12,2,80,2,3,5,,2024-04-17 20:11
200487,20048701,25,2022,72,3,2,11,2010m3,4,611,2,2,12,1,,,3,4,,2024-04-17 20:11
200487,20048702,25,2022,68,2,,,,,,,2,12,2,,,,4,,2024-04-17 20:11
200488,20048801,25,2022,73,2,,,,,,,3,12,2,,,,4,,2024-04-17 20:11
200489,20048901,25,2022,86,5,2,11,2019m11,4,611,2,2,12,1,50,,3,3,,2024-04-17 20:11
200489,20048902,25,2022,81,2,3,11,2019m11,5,611,2,2,12,2,,,3,3,,2024-04-17 20:11
200490,20049001,25,2022,83,2,1,841,2018m3,2,421,1,2,12,1,27,2,3,4,,2024-04-17 20:11
200490,20049002,25,2022,79,2,,,,,,,2,12,2,,,,4,,2024-04-17 20:11
200491,20049101,25,2022,62,6,2,682,2021m9,4,274,2,2,12,1,120,,3,4,,2024-04-17 20:11
200491,20049102,25,2022,54,6,2,11,2021m8,4,611,2,2,12,2,100,,3,4,,2024-04-17 20:11
200492,20049201,25,2022,72,2,,,,,,,2,12,1,,,,4,,2024-04-17 20:11
200492,20049202,25,2022,65,2,2,11,1978m12,4,611,2,2,12,2,150,,3,4,,2024-04-17 20:11
200492,20049203,25,2022,42,3,2,969,2014m4,4,423,2,1,12,1,50,,4,4,,2024-04-17 20:11
200493,20049301,25,2022,65,2,2,11,2006m3,4,611,2,2,12,1,200,,3,4,,2024-04-17 20:11
200493,20049302,25,2022,44,5,3,11,2008m3,5,611,2,2,12,2,,,3,3,,2024-04-17 20:11
200493,20049303,25,2022,91,2,,,,,,,3,12,1,,,,4,,2024-04-17 20:11
200494,20049401,25,2022,74,2,1,872,2017m3,2,421,1,3,12,2,27,2,3,4,,2024-04-17 20:11
200495,20049501,25,2022,45,3,1,11,2018m6,3,991,1,2,12,2,120,2,3,4,,2024-04-17 20:11
200497,20049701,25,2022,81,3,,,,,,,2,12,1,,,,6,,2024-04-17 20:11
200497,20049702,25,2022,81,2,,,,,,,2,12,2,,,,5,,2024-04-17 20:11
200498,20049801,25,2022,56,3,1,105,1987m3,1,811,1,2,12,1,500,1,2,4,,2024-04-17 20:11
200498,20049802,25,2022,51,3,1,651,2000m5,2,510,1,2,12,2,415,2,2,4,,2024-04-17 20:11
200498,20049803,25,2022,27,6,1,872,2018m6,1,247,1,1,12,2,200,1,3,4,,2024-04-17 20:11
200498,20049804,25,2022,25,6,,,,,,,1,12,1,,,,4,,2024-04-17 20:11
200499,20049901,25,2022,74,2,,,,,,,3,12,2,,,,5,,2024-04-17 20:11
200499,20049902,25,2022,41,6,2,855,2009m2,4,254,2,1,12,2,150,,3,5,,2024-04-17 20:11
200500,20050001,25,2022,82,2,,,,,,,2,12,1,,,,5,,2024-04-17 20:11
200500,20050002,25,2022,76,2,,,,,,,2,12,2,,,,5,,2024-04-17 20:11
200501,20050101,25,2022,70,3,2,759,1985m1,4,284,2,2,12,1,20,,4,4,,2024-04-17 20:11
200501,20050102,25,2022,66,3,2,651,2004m5,4,510,2,2,12,2,200,,3,4,,2024-04-17 20:11
200502,20050201,25,2022,59,2,1,411,2019m4,3,910,1,3,12,1,160,2,3,4,,2024-04-17 20:11
200503,20050301,25,2022,78,2,,,,,,,3,12,2,,,,4,,2024-04-17 20:11
200504,20050401,25,2022,84,6,,,,,,,2,12,1,,,,5,,2024-04-17 20:11
200504,20050402,25,2022,82,2,,,,,,,2,12,2,,,,5,,2024-04-17 20:11
200504,20050403,25,2022,47,6,1,203,2021m12,1,312,1,1,12,1,300,1,2,4,,2024-04-17 20:11
200505,20050501,25,2022,41,6,2,471,2019m4,4,521,2,2,12,1,350,,3,4,,2024-04-17 20:11
200505,20050502,25,2022,36,5,2,471,2020m1,4,521,2,2,12,2,420,,3,4,,2024-04-17 20:11
200506,20050601,25,2022,75,6,,,,,,,2,12,1,,,,4,,2024-04-17 20:11
200506,20050602,25,2022,69,3,,,,,,,2,12,2,,,,4,,2024-04-17 20:11
200507,20050701,25,2022,75,3,2,478,1987m9,4,521,2,2,12,1,50,,3,5,,2024-04-17 20:11
200507,20050702,25,2022,72,1,,,,,,,2,12,2,,,,4,,2024-04-17 20:11
200508,20050801,25,2022,55,2,1,682,2019m12,1,941,1,3,12,2,188,2,3,5,,2024-04-17 20:11
200508,20050802,25,2022,32,3,,,,,,,1,12,1,,,,5,,2024-04-17 20:11
200508,20050803,25,2022,27,5,1,862,2022m3,1,245,1,1,12,2,228,1,2,5,,2024-04-17 20:11
200509,20050901,25,2022,65,3,1,411,2014m1,2,910,1,2,12,1,270,2,3,4,,2024-04-17 20:11
200509,20050902,25,2022,64,2,,,,,,,2,12,2,,,,4,,2024-04-17 20:11
200510,20051001,25,2022,87,3,,,,,,,2,12,1,,,,4,,2024-04-17 20:11
200510,20051002,25,2022,85,2,,,,,,,2,12,2,,,,5,,2024-04-17 20:11
200511,20051101,25,2022,69,3,,,,,,,2,12,2,,,,5,,2024-04-17 20:11
200511,20051102,25,2022,74,3,2,969,1998m12,4,429,2,2,12,1,20,,4,5,,2024-04-17 20:11
200512,20051201,25,2022,64,2,1,411,2008m5,3,910,1,3,12,1,246,2,3,5,,2024-04-17 20:11
200513,20051301,25,2022,80,2,,,,,,,2,12,1,,,,4,,2024-04-17 20:11
200513,20051302,25,2022,76,2,,,,,,,2,12,2,,,,4,,2024-04-17 20:11
200514,20051401,25,2022,70,2,1,872,2016m10,2,421,1,3,12,2,156,2,2,4,,2024-04-17 20:11
200515,20051501,25,2022,80,6,,,,,,,2,12,1,,,,4,,2024-04-17 20:11
200515,20051502,25,2022,79,3,,,,,,,2,12,2,,,,4,,2024-04-17 20:11
200516,20051601,25,2022,73,2,2,11,1971m8,4,611,2,2,12,1,80,,3,4,,2024-04-17 20:11
200516,20051602,25,2022,68,2,3,11,1980m3,5,611,2,2,12,2,,,3,4,,2024-04-17 20:11
200518,20051801,25,2022,42,3,1,477,2003m3,1,873,1,3,8,1,335,1,3,5,,2024-04-17 20:11
200518,20051803,25,2022,17,2,,,,,,,1,8,2,,,,5,,2024-04-17 20:11
200519,20051901,25,2022,87,2,,,,,,,2,8,1,,,,5,,2024-04-17 20:11
200519,20051902,25,2022,82,2,,,,,,,2,8,2,,,,5,,2024-04-17 20:11
200520,20052001,25,2022,54,2,1,682,2019m11,3,941,1,2,8,1,150,2,3,5,,2024-04-17 20:11
200520,20052002,25,2022,50,2,,,,,,,2,8,2,,,,5,,2024-04-17 20:11
200521,20052101,25,2022,75,2,,,,,,,2,8,1,,,,5,,2024-04-17 20:11
200521,20052102,25,2022,73,2,,,,,,,2,8,2,,,,5,,2024-04-17 20:11
200523,20052301,25,2022,64,2,,,,,,,3,8,2,,,,3,,2024-04-17 20:11
200523,20052302,25,2022,40,3,1,181,2014m4,1,892,1,1,8,1,370,1,3,3,,2024-04-17 20:11
200524,20052401,25,2022,48,3,1,871,2021m4,1,243,1,2,8,2,220,2,3,3,,2024-04-17 20:11
200524,20052402,25,2022,55,3,1,682,2016m4,1,862,1,2,8,1,280,1,3,3,,2024-04-17 20:11
200524,20052403,25,2022,15,2,,,,,,,1,8,2,,,,3,,2024-04-17 20:11
200525,20052501,25,2022,84,3,,,,,,,2,8,1,,,,5,,2024-04-17 20:11
200525,20052502,25,2022,78,3,,,,,,,2,8,2,,,,3,,2024-04-17 20:11
200526,20052601,25,2022,82,6,,,,,,,2,8,1,,,,5,,2024-04-17 20:11
200526,20052602,25,2022,80,3,,,,,,,2,8,2,,,,5,,2024-04-17 20:11
200527,20052701,25,2022,77,3,,,,,,,2,2,1,,,,4,,2024-04-17 20:11
200527,20052702,25,2022,71,3,,,,,,,2,2,2,,,,4,,2024-04-17 20:11
200527,20052703,25,2022,44,6,1,841,2004m4,1,311,1,1,2,2,400,1,3,4,,2024-04-17 20:11
200528,20052801,25,2022,79,3,,,,,,,2,2,1,,,,5,,2024-04-17 20:11
200528,20052802,25,2022,74,3,,,,,,,2,2,2,,,,5,,2024-04-17 20:11
200529,20052901,25,2022,81,6,,,,,,,3,1,1,,,,5,,2024-04-17 20:11
200530,20053001,25,2022,79,2,,,,,,,3,2,2,,,,5,,2024-04-17 20:11
200531,20053101,25,2022,64,2,,,,,,,1,2,1,,,,5,,2024-04-17 20:11
200531,20053102,25,2022,54,3,,,,,,,1,2,2,,,,5,,2024-04-17 20:11
200532,20053201,25,2022,86,2,,,,,,,3,2,2,,,,5,,2024-04-17 20:11
200533,20053301,25,2022,51,3,1,259,2010m3,1,799,1,1,2,1,250,2,3,5,,2024-04-17 20:11
200534,20053401,25,2022,70,3,,,,,,,2,2,1,,,,5,,2024-04-17 20:11
200534,20053402,25,2022,66,3,,,,,,,2,2,2,,,,5,,2024-04-17 20:11
200535,20053501,25,2022,62,3,,,,,,,2,2,1,,,,4,,2024-04-17 20:11
200535,20053502,25,2022,58,3,1,872,2021m7,2,421,1,2,2,2,150,2,3,4,,2024-04-17 20:11
200535,20053503,25,2022,27,4,,,,,,,1,2,1,,,,4,,2024-04-17 20:11
200537,20053701,25,2022,42,5,1,721,2010m2,1,234,1,2,2,1,380,1,3,4,,2024-04-17 20:11
200537,20053702,25,2022,39,3,,,,,,,2,2,2,,,,5,,2024-04-17 20:11
200538,20053801,25,2022,74,3,,,,,,,2,2,1,,,,5,,2024-04-17 20:11
200538,20053802,25,2022,73,3,,,,,,,2,2,2,,,,4,,2024-04-17 20:11
200539,20053901,25,2022,75,1,,,,,,,3,2,2,,,,6,,2024-04-17 20:11
200540,20054001,25,2022,72,2,2,492,2000m2,4,873,2,2,2,1,250,,3,5,,2024-04-17 20:11
200540,20054002,25,2022,68,2,1,751,2008m6,1,941,1,2,2,2,130,2,3,5,,2024-04-17 20:11
200541,20054101,25,2022,90,2,,,,,,,2,2,1,,,,5,,2024-04-17 20:11
200541,20054102,25,2022,84,2,,,,,,,2,2,2,,,,5,,2024-04-17 20:11
200542,20054201,25,2022,45,5,1,241,2007m2,1,312,1,2,2,1,380,1,2,5,,2024-04-17 20:11
200542,20054202,25,2022,45,6,,,,,,,2,2,2,,,,5,,2024-04-17 20:11
200543,20054301,25,2022,68,3,1,521,2016m2,1,312,1,2,2,1,200,1,3,4,,2024-04-17 20:11
200543,20054302,25,2022,65,3,,,,,,,2,2,2,,,,4,,2024-04-17 20:11
200543,20054303,25,2022,38,6,1,529,2008m3,1,238,1,1,2,2,300,1,3,3,,2024-04-17 20:11
200544,20054401,25,2022,76,1,,,,,,,2,2,1,,,,5,,2024-04-17 20:11
200544,20054402,25,2022,77,1,,,,,,,2,2,2,,,,5,,2024-04-17 20:11
200545,20054501,25,2022,80,2,,,,,,,2,2,1,,,,5,,2024-04-17 20:11
200545,20054502,25,2022,73,2,,,,,,,2,2,2,,,,5,,2024-04-17 20:11
200546,20054601,25,2022,72,2,,,,,,,3,2,2,,,,6,,2024-04-17 20:11
200547,20054701,25,2022,81,2,,,,,,,3,2,2,,,,6,,2024-04-17 20:11
200548,20054801,25,2022,50,3,2,961,2015m3,4,521,2,2,14,1,100,,4,5,,2024-04-17 20:11
200548,20054802,25,2022,49,5,3,961,2015m3,5,521,2,2,14,2,,,3,5,,2024-04-17 20:11
200548,20054803,25,2022,22,5,,,,,,,1,14,1,,,,5,,2024-04-17 20:11
200550,20055001,25,2022,63,2,1,411,2016m3,2,783,1,3,2,1,150,2,4,6,,2024-04-17 20:11
200552,20055201,25,2022,88,2,,,,,,,2,2,1,,,,6,,2024-04-17 20:11
200552,20055202,25,2022,80,2,,,,,,,2,2,2,,,,6,,2024-04-17 20:11
200553,20055301,25,2022,53,3,1,493,1994m3,1,312,1,2,8,1,600,1,2,3,,2024-04-17 20:11
200553,20055302,25,2022,52,3,,,,,,,2,8,2,,,,3,,2024-04-17 20:11
200554,20055401,25,2022,83,3,,,,,,,2,8,1,,,,3,,2024-04-17 20:11
200554,20055402,25,2022,76,3,,,,,,,2,8,2,,,,3,,2024-04-17 20:11
200556,20055602,25,2022,44,3,1,479,2018m3,2,930,1,2,1,2,98,2,3,5,,2024-04-17 20:11
200556,20055603,25,2022,16,2,,,,,,,1,1,1,,,,4,,2024-04-17 20:11
200557,20055701,25,2022,80,2,,,,,,,3,8,2,,,,5,,2024-04-17 20:11
200558,20055801,25,2022,68,3,1,411,2012m2,3,783,1,2,8,1,150,2,4,5,,2024-04-17 20:11
200558,20055802,25,2022,66,3,1,561,2020m12,3,952,1,2,8,2,60,2,3,4,,2024-04-17 20:11
200559,20055901,25,2022,52,3,1,421,2008m2,2,782,1,3,8,1,500,1,3,4,,2024-04-17 20:11
200560,20056001,25,2022,79,3,,,,,,,3,8,1,,,,4,,2024-04-17 20:11
200561,20056101,25,2022,84,1,,,,,,,3,12,2,,,,5,,2024-04-17 20:11
200562,20056201,25,2022,84,1,,,,,,,3,14,2,,,,5,,2024-04-17 20:11
200564,20056401,25,2022,87,1,,,,,,,3,14,2,,,,6,,2024-04-17 20:11
200565,20056501,25,2022,87,2,,,,,,,2,14,1,,,,6,,2024-04-17 20:11
200565,20056502,25,2022,87,1,,,,,,,2,14,2,,,,5,,2024-04-17 20:11
200566,20056601,25,2022,72,2,,,,,,,2,15,1,,,,6,,2024-04-17 20:11
200566,20056602,25,2022,78,2,,,,,,,2,15,2,,,,6,,2024-04-17 20:11
200567,20056701,25,2022,71,2,2,12,1998m2,4,613,2,2,14,1,1500,,2,4,,2024-04-17 20:11
200567,20056702,25,2022,70,2,3,12,1998m2,5,613,2,2,14,2,,,3,4,,2024-04-17 20:11
200569,20056901,25,2022,73,3,,,,,,,2,3,1,,,,5,,2024-04-17 20:11
200569,20056902,25,2022,72,2,,,,,,,2,3,2,,,,4,,2024-04-17 20:11
200570,20057001,25,2022,56,6,2,11,2019m6,4,612,2,3,3,1,500,,2,4,,2024-04-17 20:11
200571,20057101,25,2022,49,5,1,172,1998m5,1,521,1,2,3,1,350,1,2,4,,2024-04-17 20:11
200571,20057102,25,2022,46,5,,,,,,,2,3,2,,,,4,,2024-04-17 20:11
200571,20057103,25,2022,16,2,,,,,,,1,3,1,,,,4,,2024-04-17 20:11
200571,20057104,25,2022,19,4,,,,,,,1,3,1,,,,4,,2024-04-17 20:11
200572,20057201,25,2022,61,6,1,841,1995m3,1,262,1,2,1,1,750,1,2,3,,2024-04-17 20:11
200572,20057202,25,2022,61,3,,,,,,,2,1,2,,,,3,,2024-04-17 20:11
200572,20057203,25,2022,89,1,,,,,,,3,1,2,,,,3,,2024-04-17 20:11
200573,20057301,25,2022,46,5,1,262,2010m3,1,863,1,2,3,1,380,1,2,4,,2024-04-17 20:11
200573,20057302,25,2022,42,5,1,479,2018m8,2,930,1,2,3,2,110,2,3,4,,2024-04-17 20:11
200573,20057303,25,2022,17,2,,,,,,,1,3,1,,,,4,,2024-04-17 20:11
200574,20057401,25,2022,68,3,,,,,,,2,3,1,,,,4,,2024-04-17 20:11
200574,20057402,25,2022,64,2,1,303,2000m3,1,854,1,2,3,2,200,1,2,4,,2024-04-17 20:11
200575,20057501,25,2022,77,3,,,,,,,2,3,1,,,,4,,2024-04-17 20:11
200575,20057502,25,2022,77,2,,,,,,,2,3,2,,,,4,,2024-04-17 20:11
200577,20057701,25,2022,78,2,2,11,1974m3,4,611,2,2,15,1,30,,3,5,,2024-04-17 20:11
200577,20057702,25,2022,75,2,,,,,,,2,15,2,,,,5,,2024-04-17 20:11
200578,20057801,25,2022,77,2,,,,,,,3,15,2,,,,6,,2024-04-17 20:11
200579,20057901,25,2022,70,2,,,,,,,3,15,2,,,,6,,2024-04-17 20:11
200579,20057902,25,2022,42,5,1,303,2020m7,1,832,1,1,15,1,195,1,3,6,,2024-04-17 20:11
200580,20058001,25,2022,61,6,1,853,2000m3,1,251,1,2,15,1,560,1,3,4,,2024-04-17 20:11
200580,20058002,25,2022,61,4,,,,,,,2,15,2,,,,4,,2024-04-17 20:11
200580,20058003,25,2022,22,4,1,561,2020m8,2,952,1,1,15,2,60,2,3,4,,2024-04-17 20:11
200581,20058101,25,2022,74,2,,,,,,,2,15,2,,,,6,,2024-04-17 20:11
200581,20058102,25,2022,73,2,,,,,,,2,15,1,,,,6,,2024-04-17 20:11
200581,20058103,25,2022,15,2,,,,,,,1,15,2,,,,5,,2024-04-17 20:11
200582,20058201,25,2022,74,2,1,872,2020m2,2,941,1,3,15,2,27,2,3,6,,2024-04-17 20:11
200584,20058402,25,2022,64,2,,,,,,,3,15,2,,,,6,,2024-04-17 20:11
200585,20058501,25,2022,79,2,2,11,1963m3,4,611,2,3,15,2,40,,4,6,,2024-04-17 20:11
200586,20058601,25,2022,84,2,,,,,,,3,15,2,,,,6,,2024-04-17 20:11
200587,20058701,25,2022,73,3,,,,,,,2,15,1,,,,4,,2024-04-17 20:11
200587,20058702,25,2022,69,2,,,,,,,2,15,2,,,,4,,2024-04-17 20:11
200588,20058802,25,2022,77,1,2,11,2020m6,5,611,2,3,15,2,,,3,6,,2024-04-17 20:11
200589,20058901,25,2022,80,2,1,11,2021m9,3,991,1,3,15,2,100,2,3,6,,2024-04-17 20:11
200590,20059001,25,2022,87,2,,,,,,,3,15,1,,,,6,,2024-04-17 20:11
200592,20059201,25,2022,76,2,2,11,2000m3,4,611,2,2,11,1,20,,3,4,,2024-04-17 20:11
200592,20059202,25,2022,73,2,3,11,2021m10,5,611,2,2,11,2,,,3,5,,2024-04-17 20:11
200593,20059301,25,2022,67,3,2,476,1994m3,4,521,2,2,4,1,50,,4,4,,2024-04-17 20:11
200593,20059302,25,2022,66,3,3,476,2021m7,5,521,2,2,4,2,,,3,5,,2024-04-17 20:11
200594,20059401,25,2022,85,2,,,,,,,3,11,2,,,,4,,2024-04-17 20:11
200595,20059501,25,2022,82,1,,,,,,,3,4,2,,,,6,,2024-04-17 20:11
200596,20059601,25,2022,36,3,1,561,2019m9,1,521,1,2,4,1,295,2,2,4,,2024-04-17 20:11
200596,20059602,25,2022,39,6,2,969,2019m1,4,429,2,2,4,2,100,,2,4,,2024-04-17 20:11
200597,20059701,25,2022,81,2,,,,,,,2,10,1,,,,4,,2024-04-17 20:11
200597,20059702,25,2022,72,2,1,872,2012m3,3,421,1,2,10,2,130,2,2,4,,2024-04-17 20:11
200598,20059801,25,2022,66,3,1,204,2016m3,1,753,1,2,10,1,240,1,2,4,,2024-04-17 20:11
200598,20059802,25,2022,64,3,,,,,,,2,10,2,,,,4,,2024-04-17 20:11
200600,20060001,25,2022,88,2,,,,,,,3,4,2,,,,6,,2024-04-17 20:11
200601,20060101,25,2022,50,3,,,,,,,1,4,1,,,,6,,2024-04-17 20:11
200603,20060301,25,2022,82,3,,,,,,,2,4,1,,,,6,,2024-04-17 20:11
200603,20060302,25,2022,73,2,,,,,,,2,4,2,,,,6,,2024-04-17 20:11
200604,20060401,25,2022,61,2,,,,,,,3,4,2,,,,4,,2024-04-17 20:11
200604,20060402,25,2022,32,2,,,,,,,1,4,1,,,,6,,2024-04-17 20:11
200605,20060501,25,2022,78,6,,,,,,,3,4,1,,,,6,,2024-04-17 20:11
200605,20060502,25,2022,98,1,,,,,,,3,4,2,,,,6,,2024-04-17 20:11
200606,20060601,25,2022,67,3,,,,,,,3,4,2,,,,4,,2024-04-17 20:11
200607,20060702,25,2022,83,3,,,,,,,3,4,2,,,,4,,2024-04-17 20:11
200608,20060801,25,2022,46,6,2,452,2004m4,4,521,2,2,4,1,400,,2,3,,2024-04-17 20:11
200608,20060802,25,2022,48,3,,,,,,,2,4,2,,,,4,,2024-04-17 20:11
200609,20060901,25,2022,61,6,1,861,2016m12,1,421,1,2,4,1,200,1,2,4,,2024-04-17 20:11
200609,20060902,25,2022,60,6,1,851,1992m3,1,253,1,2,4,2,500,1,2,4,,2024-04-17 20:11
200609,20060903,25,2022,22,4,,,,,,,1,4,1,,,,4,,2024-04-17 20:11
200609,20060904,25,2022,20,4,,,,,,,1,4,2,,,,3,,2024-04-17 20:11
200610,20061001,25,2022,52,6,2,478,2022m5,4,521,2,2,4,1,80,,3,5,,2024-04-17 20:11
200610,20061002,25,2022,52,6,2,478,2022m5,4,521,2,2,4,2,80,,2,5,,2024-04-17 20:11
200610,20061004,25,2022,17,2,,,,,,,1,4,1,,,,4,,2024-04-17 20:11
200611,20061101,25,2022,46,6,1,953,2020m9,3,761,1,2,11,1,200,2,3,4,,2024-04-17 20:11
200611,20061102,25,2022,45,6,1,611,2022m3,2,399,1,2,11,2,200,2,2,5,,2024-04-17 20:11
200612,20061201,25,2022,77,5,,,,,,,3,10,2,,,,4,,2024-04-17 20:11
200613,20061301,25,2022,81,3,,,,,,,2,10,1,,,,4,,2024-04-17 20:11
200613,20061302,25,2022,80,2,,,,,,,2,10,2,,,,4,,2024-04-17 20:11
200614,20061401,25,2022,64,6,1,651,2022m4,2,399,1,2,10,1,210,2,2,4,,2024-04-17 20:11
200614,20061402,25,2022,64,2,,,,,,,2,10,2,,,,4,,2024-04-17 20:11
200615,20061501,25,2022,74,6,,,,,,,2,10,1,,,,4,,2024-04-17 20:11
200615,20061502,25,2022,67,3,,,,,,,2,10,2,,,,4,,2024-04-17 20:11
200616,20061601,25,2022,62,3,,,,,,,2,10,1,,,,3,,2024-04-17 20:11
200616,20061602,25,2022,60,3,1,472,2016m5,1,710,1,2,10,2,270,2,3,4,,2024-04-17 20:11
200616,20061603,25,2022,31,5,1,261,2016m5,1,234,1,1,10,2,335,1,2,4,,2024-04-17 20:11
200616,20061604,25,2022,29,6,1,222,2022m4,1,222,1,1,10,1,300,1,2,4,,2024-04-17 20:11
200617,20061701,25,2022,78,2,,,,,,,2,10,1,,,,4,,2024-04-17 20:11
200617,20061702,25,2022,78,2,1,11,2022m4,3,991,1,2,10,2,170,2,3,4,,2024-04-17 20:11
200618,20061801,25,2022,58,3,2,561,2015m12,4,441,2,2,11,1,500,,2,3,,2024-04-17 20:11
200618,20061802,25,2022,52,5,3,561,2015m10,5,442,2,2,11,2,,,2,3,,2024-04-17 20:11
200619,20061902,25,2022,86,2,,,,,,,3,11,2,,,,5,,2024-04-17 20:11
200620,20062001,25,2022,79,2,1,841,2022m3,2,941,1,3,11,2,27,2,3,5,,2024-04-17 20:11
200621,20062101,25,2022,75,2,2,471,2008m3,4,521,2,2,11,1,300,,3,4,,2024-04-17 20:11
200621,20062102,25,2022,75,2,3,471,2008m2,5,521,2,2,11,2,,,2,4,,2024-04-17 20:11
200622,20062201,25,2022,52,6,1,551,2010m10,1,432,1,2,11,1,220,1,3,5,,2024-04-17 20:11
200622,20062202,25,2022,52,6,1,872,2021m1,1,421,1,2,11,2,190,1,3,5,,2024-04-17 20:11
200622,20062203,25,2022,19,4,,,,,,,1,11,1,,,,4,,2024-04-17 20:11
200623,20062301,25,2022,77,2,,,,,,,2,11,1,,,,4,,2024-04-17 20:11
200623,20062302,25,2022,71,2,,,,,,,2,11,2,,,,5,,2024-04-17 20:11
200624,20062401,25,2022,80,3,,,,,,,2,11,1,,,,4,,2024-04-17 20:11
200624,20062402,25,2022,81,2,,,,,,,2,11,2,,,,4,,2024-04-17 20:11
200625,20062501,25,2022,44,3,1,411,2013m5,1,313,1,1,11,2,180,1,3,5,,2024-04-17 20:11
200625,20062502,25,2022,80,2,,,,,,,3,11,2,,,,5,,2024-04-17 20:11
200626,20062601,25,2022,60,3,1,423,2010m3,3,762,1,2,11,1,300,2,3,4,,2024-04-17 20:11
200626,20062602,25,2022,56,2,2,551,2010m3,4,432,2,2,11,2,120,,2,4,,2024-04-17 20:11
200626,20062603,25,2022,25,6,,,,,,,1,11,1,,,,4,,2024-04-17 20:11
200626,20062604,25,2022,23,6,1,861,2022m6,1,247,1,1,11,2,185,1,2,4,,2024-04-17 20:11
200627,20062701,25,2022,62,2,1,411,1985m3,3,781,1,2,11,1,300,2,2,4,,2024-04-17 20:11
200627,20062702,25,2022,70,2,2,561,2010m4,4,441,2,2,11,2,400,,2,4,,2024-04-17 20:11
200628,20062801,25,2022,58,3,2,912,2020m1,4,432,2,2,11,1,125,,2,3,,2024-04-17 20:11
200628,20062802,25,2022,56,3,2,471,2019m3,4,521,2,2,11,2,700,,2,3,,2024-04-17 20:11
200629,20062901,25,2022,48,3,2,912,2020m6,4,238,2,3,11,1,300,,3,5,,2024-04-17 20:11
210079,20062902,25,2022,21,3,,,,,,,2,8,2,,,,4,,2024-04-17 20:11
200629,20062903,25,2022,19,3,1,422,2022m4,1,313,1,1,11,2,180,1,3,5,,2024-04-17 20:11
200630,20063001,25,2022,76,3,2,11,1990m1,4,611,2,2,11,1,200,,2,4,,2024-04-17 20:11
200630,20063002,25,2022,76,2,2,471,1988m2,4,521,2,2,11,2,300,,2,4,,2024-04-17 20:11
200631,20063101,25,2022,72,2,2,471,2020m1,4,521,2,2,11,1,150,,2,4,,2024-04-17 20:11
200631,20063102,25,2022,71,2,3,471,2020m1,5,521,2,2,11,2,,,3,4,,2024-04-17 20:11
200632,20063201,25,2022,79,2,,,,,,,2,11,1,,,,4,,2024-04-17 20:11
200632,20063202,25,2022,71,2,1,471,2019m5,2,521,1,2,11,2,100,2,2,4,,2024-04-17 20:11
200633,20063301,25,2022,80,2,1,841,2018m3,2,941,1,3,14,2,27,2,3,4,,2024-04-17 20:11
200634,20063401,25,2022,71,3,2,11,2017m3,4,611,2,2,14,1,25,,3,4,,2024-04-17 20:11
200634,20063402,25,2022,67,2,3,11,2018m3,5,611,2,2,14,2,,,3,4,,2024-04-17 20:11
200634,20063403,25,2022,92,1,,,,,,,3,14,2,,,,5,,2024-04-17 20:11
200636,20063601,25,2022,87,2,,,,,,,2,3,1,,,,5,,2024-04-17 20:11
200636,20063602,25,2022,75,1,,,,,,,2,3,2,,,,5,,2024-04-17 20:11
200637,20063701,25,2022,62,3,2,333,1990m4,4,832,2,2,14,1,350,,3,4,,2024-04-17 20:11
200637,20063702,25,2022,61,3,3,333,1994m4,5,313,2,2,14,2,,,3,4,,2024-04-17 20:11
200638,20063801,25,2022,80,2,,,,,,,3,14,2,,,,5,,2024-04-17 20:11
200639,20063902,25,2022,76,3,,,,,,,3,8,2,,,,4,,2024-04-17 20:11
200640,20064001,25,2022,72,2,2,11,2003m2,4,611,2,2,14,1,50,,3,4,,2024-04-17 20:11
200640,20064002,25,2022,69,2,,,,,,,2,14,2,,,,4,,2024-04-17 20:11
200641,20064101,25,2022,82,1,,,,,,,2,3,1,,,,4,,2024-04-17 20:11
200641,20064102,25,2022,73,2,,,,,,,2,3,2,,,,4,,2024-04-17 20:11
200642,20064201,25,2022,75,2,2,11,1973m2,4,611,2,2,14,1,160,,3,4,,2024-04-17 20:11
200642,20064202,25,2022,72,2,3,11,1973m2,5,611,2,2,14,2,,,3,4,,2024-04-17 20:11
200643,20064301,25,2022,53,1,,,,,,,2,14,1,,,,6,,2024-04-17 20:11
200643,20064302,25,2022,49,2,,,,,,,2,14,2,,,,6,,2024-04-17 20:11
200643,20064303,25,2022,23,4,1,952,2021m5,1,751,1,1,14,1,190,1,3,5,,2024-04-17 20:11
200644,20064401,25,2022,28,3,,,,,,,2,3,2,,,,4,,2024-04-17 20:11
200644,20064402,25,2022,29,5,1,272,2019m8,1,274,1,2,3,1,250,1,3,4,,2024-04-17 20:11
200645,20064502,25,2022,71,2,3,11,1973m3,5,611,2,2,8,2,,,3,3,,2024-04-17 20:11
200646,20064601,25,2022,86,2,,,,,,,3,6,2,,,,6,,2024-04-17 20:11
200647,20064701,25,2022,76,2,,,,,,,3,6,2,,,,6,,2024-04-17 20:11
200649,20064901,25,2022,72,2,,,,,,,3,6,1,,,,6,,2024-04-17 20:11
200650,20065001,25,2022,73,2,,,,,,,2,6,1,,,,4,,2024-04-17 20:11
200650,20065002,25,2022,70,3,,,,,,,2,6,2,,,,4,,2024-04-17 20:11
200651,20065101,25,2022,53,3,1,952,1995m5,1,751,1,2,6,1,250,1,3,5,,2024-04-17 20:11
200651,20065102,25,2022,51,3,1,474,2008m3,1,521,1,2,6,2,230,1,3,5,,2024-04-17 20:11
200651,20065103,25,2022,24,6,1,451,2021m7,1,392,1,1,6,2,170,2,2,4,,2024-04-17 20:11
200651,20065104,25,2022,22,4,,,,,,,1,6,2,,,,4,,2024-04-17 20:11
200652,20065201,25,2022,77,2,1,841,2019m3,2,941,1,3,6,2,27,2,2,5,,2024-04-17 20:11
200653,20065301,25,2022,73,2,,,,,,,2,6,1,,,,5,,2024-04-17 20:11
200653,20065302,25,2022,72,2,,,,,,,2,6,2,,,,5,,2024-04-17 20:11
200654,20065401,25,2022,76,2,,,,,,,2,6,1,,,,5,,2024-04-17 20:11
200654,20065402,25,2022,71,2,,,,,,,2,6,2,,,,5,,2024-04-17 20:11
210195,20065403,25,2022,46,3,2,493,2013m4,4,873,2,1,6,1,300,,3,4,,2024-04-17 20:11
200655,20065502,25,2022,89,1,,,,,,,3,3,2,,,,6,,2024-04-17 20:11
200656,20065601,25,2022,68,3,,,,,,,2,3,1,,,,4,,2024-04-17 20:11
200656,20065602,25,2022,65,3,,,,,,,2,3,2,,,,4,,2024-04-17 20:11
210262,20065603,25,2022,35,6,1,476,2015m1,1,521,1,2,3,1,275,1,3,4,,2024-04-17 20:11
200657,20065701,25,2022,46,3,,,,,,,1,3,1,,,,6,,2024-04-17 20:11
200658,20065801,25,2022,75,2,1,872,2018m8,2,873,1,2,3,1,35,2,3,4,,2024-04-17 20:11
200658,20065802,25,2022,68,2,1,872,2021m2,2,941,1,2,3,2,27,2,3,4,,2024-04-17 20:11
200659,20065901,25,2022,62,6,1,492,2019m2,1,873,1,2,3,1,250,1,3,4,,2024-04-17 20:11
200659,20065902,25,2022,56,6,,,,,,,2,3,2,,,,4,,2024-04-17 20:11
200659,20065904,25,2022,28,6,1,467,2019m10,1,312,1,1,3,2,240,1,2,4,,2024-04-17 20:11
200659,20065905,25,2022,24,4,,,,,,,1,3,1,,,,4,,2024-04-17 20:11
200660,20066001,25,2022,61,3,,,,,,,2,3,1,,,,3,,2024-04-17 20:11
200660,20066002,25,2022,61,6,,,,,,,2,3,2,,,,3,,2024-04-17 20:11
200660,20066003,25,2022,30,6,1,411,2019m1,1,231,1,1,3,1,280,1,3,3,,2024-04-17 20:11
200662,20066202,25,2022,61,2,2,492,2021m7,4,873,2,2,14,1,100,,2,4,,2024-04-17 20:11
200662,20066203,25,2022,61,2,,,,,,,2,14,2,,,,4,,2024-04-17 20:11
200663,20066301,25,2022,64,6,1,842,2022m2,2,213,1,2,14,1,100,2,2,4,,2024-04-17 20:11
200663,20066302,25,2022,61,3,1,872,2021m9,2,951,1,2,14,2,70,2,2,4,,2024-04-17 20:11
200664,20066401,25,2022,71,2,1,411,2000m2,3,,1,2,14,1,100,2,3,4,,2024-04-17 20:11
200664,20066402,25,2022,65,1,,,,,,,2,14,2,,,,4,,2024-04-17 20:11
200665,20066501,25,2022,62,2,,,,,,,3,14,2,,,,4,,2024-04-17 20:11
200666,20066601,25,2022,67,2,2,492,1990m9,4,873,2,2,14,1,170,,2,4,,2024-04-17 20:11
200666,20066603,25,2022,63,2,1,872,2022m1,2,421,1,2,14,2,80,2,2,4,,2024-04-17 20:11
200667,20066701,25,2022,61,2,2,493,1980m3,4,873,2,2,14,1,500,,3,4,,2024-04-17 20:11
200667,20066702,25,2022,62,2,,,,,,,2,14,2,,,,4,,2024-04-17 20:11
200667,20066703,25,2022,42,5,2,493,2000m3,4,873,2,2,14,1,500,,3,4,,2024-04-17 20:11
200667,20066704,25,2022,37,3,,,,,,,2,14,2,,,,4,,2024-04-17 20:11
200669,20066901,25,2022,65,5,1,411,2021m8,2,312,1,2,14,1,200,2,3,4,,2024-04-17 20:11
200669,20066902,25,2022,59,3,,,,,,,2,14,2,,,,4,,2024-04-17 20:11
200670,20067001,25,2022,83,2,2,11,1952m2,4,611,2,2,14,1,50,,2,5,,2024-04-17 20:11
200670,20067002,25,2022,76,2,3,11,1963m3,5,611,2,2,14,2,,,3,4,,2024-04-17 20:11
200671,20067101,25,2022,88,1,,,,,,,3,14,2,,,,6,,2024-04-17 20:11
200671,20067102,25,2022,60,2,1,841,2017m11,2,991,1,3,14,1,198,2,3,6,,2024-04-17 20:11
200672,20067201,25,2022,73,3,1,477,2008m1,1,953,1,2,14,1,217,1,2,3,,2024-04-17 20:11
200672,20067202,25,2022,73,3,2,11,2013m3,4,611,2,2,14,2,20,,2,3,,2024-04-17 20:11
200673,20067301,25,2022,86,1,,,,,,,2,14,1,,,,5,,2024-04-17 20:11
200673,20067302,25,2022,81,1,,,,,,,2,14,2,,,,6,,2024-04-17 20:11
200674,20067401,25,2022,87,1,,,,,,,3,14,2,,,,4,,2024-04-17 20:11
200675,20067501,25,2022,80,2,2,11,1995m5,4,611,2,2,14,1,50,,2,4,,2024-04-17 20:11
200675,20067502,25,2022,72,2,3,11,1971m3,5,611,2,2,14,2,,,3,4,,2024-04-17 20:11
200676,20067601,25,2022,83,1,1,11,2022m4,3,991,1,3,14,2,8,2,3,6,,2024-04-17 20:11
200677,20067701,25,2022,80,2,,,,,,,3,14,2,,,,5,,2024-04-17 20:11
200678,20067801,25,2022,85,2,2,11,1950m2,4,611,2,2,14,1,100,,3,4,,2024-04-17 20:11
200678,20067802,25,2022,79,2,,,,,,,2,14,2,,,,4,,2024-04-17 20:11
200679,20067901,25,2022,86,1,,,,,,,2,14,1,,,,5,,2024-04-17 20:11
200679,20067902,25,2022,84,1,3,11,1965m5,5,611,2,2,14,2,,,3,6,,2024-04-17 20:11
200680,20068001,25,2022,76,1,2,11,2021m4,4,611,2,3,14,2,10,,3,5,,2024-04-17 20:11
200681,20068101,25,2022,77,1,,,,,,,3,14,2,,,,6,,2024-04-17 20:11
200682,20068201,25,2022,74,1,,,,,,,3,14,2,,,,6,,2024-04-17 20:11
200683,20068301,25,2022,72,1,2,11,1972m5,4,611,2,3,14,2,50,,3,4,,2024-04-17 20:11
200684,20068401,25,2022,87,2,,,,,,,3,14,2,,,,5,,2024-04-17 20:11
200685,20068501,25,2022,87,1,,,,,,,2,14,1,,,,5,,2024-04-17 20:11
200685,20068502,25,2022,80,1,2,11,1955m5,4,611,2,2,14,2,10,,4,5,,2024-04-17 20:11
200686,20068601,25,2022,72,1,2,11,1975m1,4,611,2,3,14,2,200,,2,3,,2024-04-17 20:11
200687,20068701,25,2022,77,1,,,,,,,3,14,1,,,,4,,2024-04-17 20:11
200688,20068801,25,2022,66,6,,,,,,,3,14,1,,,,6,,2024-04-17 20:11
200689,20068901,25,2022,77,2,2,471,1983m4,4,521,2,3,13,2,25,,4,6,,2024-04-17 20:11
200691,20069102,25,2022,69,2,2,11,1977m4,4,611,2,3,13,2,16,,4,5,,2024-04-17 20:11
200692,20069201,25,2022,73,1,,,,,,,2,13,1,,,,6,,2024-04-17 20:11
200692,20069202,25,2022,67,1,,,,,,,2,13,2,,,,6,,2024-04-17 20:11
200692,20069203,25,2022,75,1,,,,,,,2,13,1,,,,6,,2024-04-17 20:11
200693,20069301,25,2022,68,3,2,11,1981m6,4,611,2,3,13,1,29,,3,5,,2024-04-17 20:11
200694,20069401,25,2022,70,2,2,11,,4,611,2,2,13,1,250,,3,5,,2024-04-17 20:11
200694,20069402,25,2022,64,2,3,11,,5,611,2,2,13,2,,,3,5,,2024-04-17 20:11
200694,20069403,25,2022,44,2,3,11,2021m7,5,611,2,1,13,1,,,3,5,,2024-04-17 20:11
200695,20069501,25,2022,73,2,2,11,2020m3,4,611,2,3,13,2,16,,3,5,,2024-04-17 20:11
200696,20069601,25,2022,62,2,2,11,1979m4,4,611,2,2,13,1,166,,3,5,,2024-04-17 20:11
200696,20069602,25,2022,62,2,3,11,1988m6,5,611,2,2,13,2,,,3,5,,2024-04-17 20:11
200697,20069701,25,2022,56,3,1,202,1995m8,1,312,1,2,11,1,1180,1,2,2,,2024-04-17 20:11
200697,20069702,25,2022,55,3,,,,,,,2,11,2,,,,3,,2024-04-17 20:11
210080,20069703,25,2022,29,6,1,856,2022m4,1,235,1,2,1,2,233,1,3,4,,2024-04-17 20:11
200697,20069704,25,2022,27,6,,,,,,,1,11,1,,,,3,,2024-04-17 20:11
200698,20069801,25,2022,82,2,2,11,1965m2,4,611,2,2,11,1,90,,3,5,,2024-04-17 20:11
200698,20069802,25,2022,80,2,1,872,2015m3,2,254,1,2,11,2,27,2,3,5,,2024-04-17 20:11
200699,20069901,25,2022,68,6,2,11,2014m3,4,611,2,2,11,1,100,,3,3,,2024-04-17 20:11
200699,20069902,25,2022,64,2,3,11,2014m5,5,611,2,2,11,2,,,3,3,,2024-04-17 20:11
200699,20069903,25,2022,88,3,,,,,,,3,11,1,,,,3,,2024-04-17 20:11
200700,20070001,25,2022,89,2,,,,,,,2,11,1,,,,4,,2024-04-17 20:11
200700,20070002,25,2022,75,2,,,,,,,2,11,2,,,,4,,2024-04-17 20:11
200701,20070101,25,2022,73,2,2,12,1970m1,4,613,2,3,11,1,,,3,4,,2024-04-17 20:11
200702,20070201,25,2022,91,2,,,,,,,2,11,1,,,,6,,2024-04-17 20:11
200702,20070202,25,2022,89,2,,,,,,,2,11,2,,,,6,,2024-04-17 20:11
200705,20070501,25,2022,34,5,1,201,2013m1,1,232,1,2,11,1,642,1,2,3,,2024-04-17 20:11
200705,20070502,25,2022,34,5,2,479,2019m6,4,532,2,2,11,2,70,,3,2,,2024-04-17 20:11
200706,20070601,25,2022,30,4,1,452,2017m6,1,521,1,2,11,1,305,1,3,4,,2024-04-17 20:11
200706,20070602,25,2022,32,5,,,,,,,2,11,2,,,,3,,2024-04-17 20:11
200707,20070701,25,2022,79,1,,,,,,,3,15,2,,,,5,,2024-04-17 20:11
200708,20070801,25,2022,84,2,,,,,,,3,15,2,,,,5,,2024-04-17 20:11
200709,20070901,25,2022,62,6,2,12,1986m3,4,613,2,2,15,1,400,,3,5,,2024-04-17 20:11
200709,20070902,25,2022,61,3,3,12,1985m3,5,613,2,2,15,2,,,3,5,,2024-04-17 20:11
200710,20071001,25,2022,78,2,2,11,1966m2,4,611,2,2,15,1,22,,3,5,,2024-04-17 20:11
200710,20071002,25,2022,79,1,3,11,1961m3,5,611,2,2,15,2,,,3,5,,2024-04-17 20:11
200711,20071101,25,2022,67,3,1,753,2016m10,1,942,1,2,15,1,200,2,3,4,,2024-04-17 20:11
200711,20071102,25,2022,60,2,,,,,,,2,15,2,,,,4,,2024-04-17 20:11
200712,20071201,25,2022,79,1,1,841,2022m1,2,941,1,3,15,2,27,2,2,4,,2024-04-17 20:11
200714,20071401,25,2022,87,2,2,11,1973m3,4,611,2,2,15,1,150,,3,4,,2024-04-17 20:11
200714,20071402,25,2022,79,2,3,11,1973m3,5,611,2,2,15,2,,,3,4,,2024-04-17 20:11
200714,20071403,25,2022,53,6,3,11,2015m8,5,611,2,1,15,1,,,3,4,,2024-04-17 20:11
200715,20071501,25,2022,93,2,,,,,,,2,15,2,,,,4,,2024-04-17 20:11
200715,20071502,25,2022,92,2,,,,,,,2,15,1,,,,4,,2024-04-17 20:11
200716,20071601,25,2022,66,2,2,11,1998m3,4,611,2,2,15,1,500,,2,4,,2024-04-17 20:11
200716,20071602,25,2022,61,3,3,11,1989m3,5,611,2,2,15,2,,,3,3,,2024-04-17 20:11
200716,20071603,25,2022,24,6,3,11,2022m4,5,991,2,1,15,2,,,2,3,,2024-04-17 20:11
200717,20071701,25,2022,77,2,2,11,1968m3,4,611,2,2,15,1,,,3,4,,2024-04-17 20:11
200717,20071702,25,2022,70,2,3,,,,,,2,15,2,,,,4,,2024-04-17 20:11
200718,20071801,25,2022,84,1,,,,,,,3,15,2,,,,5,,2024-04-17 20:11
200719,20071901,25,2022,75,1,1,841,2022m1,2,941,1,3,15,2,27,2,3,5,,2024-04-17 20:11
200720,20072001,25,2022,96,1,,,,,,,3,15,2,,,,4,,2024-04-17 20:11
200720,20072002,25,2022,60,3,2,11,2013m3,4,611,2,3,15,1,180,,3,4,,2024-04-17 20:11
200722,20072201,25,2022,77,2,,,,,,,3,2,2,,,,4,,2024-04-17 20:11
200722,20072202,25,2022,50,3,2,682,2018m4,4,274,2,2,2,1,300,,3,4,,2024-04-17 20:11
200722,20072203,25,2022,47,5,2,961,2000m3,4,422,2,2,2,2,400,,3,4,,2024-04-17 20:11
200722,20072204,25,2022,19,4,1,856,2022m5,2,286,1,1,2,1,100,2,3,4,,2024-04-17 20:11
200722,20072205,25,2022,16,2,,,,,,,1,2,1,,,,4,,2024-04-17 20:11
200723,20072302,25,2022,62,3,,,,,,,3,2,2,,,,6,,2024-04-17 20:11
200724,20072402,25,2022,56,3,2,493,1994m11,4,873,2,3,15,1,250,,3,5,,2024-04-17 20:11
200725,20072501,25,2022,64,5,1,721,1983m2,1,231,1,3,2,1,300,1,2,5,,2024-04-17 20:11
200725,20072503,25,2022,35,6,,,,,,,1,2,1,,,,5,,2024-04-17 20:11
200726,20072601,25,2022,51,3,1,841,1994m2,1,262,1,2,7,1,600,1,2,5,,2024-04-17 20:11
200726,20072602,25,2022,49,3,1,681,2021m8,2,312,1,2,7,2,250,2,3,5,,2024-04-17 20:11
200726,20072603,25,2022,20,4,,,,,,,1,7,2,,,,5,,2024-04-17 20:11
200726,20072604,25,2022,18,2,,,,,,,1,7,2,,,,5,,2024-04-17 20:11
200728,20072801,25,2022,50,5,1,421,2000m3,1,873,1,2,7,1,350,1,3,5,,2024-04-17 20:11
200728,20072802,25,2022,39,3,1,466,2019m1,1,521,1,2,7,2,150,1,3,5,,2024-04-17 20:11
200728,20072803,25,2022,16,2,,,,,,,1,7,1,,,,5,,2024-04-17 20:11
200729,20072901,25,2022,81,2,,,,,,,3,15,2,,,,4,,2024-04-17 20:11
200730,20073001,25,2022,57,3,,,,,,,2,15,2,,,,5,,2024-04-17 20:11
200730,20073002,25,2022,54,3,2,463,2016m2,4,922,2,2,15,1,300,,3,5,,2024-04-17 20:11
200730,20073003,25,2022,29,6,1,861,2017m3,1,243,1,1,15,2,250,1,3,5,,2024-04-17 20:11
200730,20073004,25,2022,26,5,1,251,2019m9,1,832,1,1,15,1,300,1,3,5,,2024-04-17 20:11
200731,20073101,25,2022,60,6,1,31,1987m3,1,274,1,2,2,1,750,1,2,4,,2024-04-17 20:11
200731,20073102,25,2022,58,5,,,,,,,2,2,2,,,,4,,2024-04-17 20:11
200731,20073104,25,2022,28,6,1,529,2022m5,1,312,1,1,2,2,230,1,3,4,,2024-04-17 20:11
200732,20073201,25,2022,50,6,1,411,2021m3,1,782,1,2,2,1,250,1,3,5,,2024-04-17 20:11
200732,20073202,25,2022,46,6,1,949,2019m3,2,254,1,2,2,2,30,2,3,5,,2024-04-17 20:11
200733,20073301,25,2022,50,3,2,561,2008m3,4,441,2,2,2,1,500,,2,4,,2024-04-17 20:11
200733,20073302,25,2022,50,3,3,561,2008m3,5,442,2,2,2,2,,,2,4,,2024-04-17 20:11
200733,20073303,25,2022,20,4,,,,,,,1,2,1,,,,4,,2024-04-17 20:11
200734,20073401,25,2022,38,6,1,311,2009m2,1,235,1,2,2,1,570,1,2,4,,2024-04-17 20:11
200734,20073402,25,2022,38,3,1,961,2019m11,1,422,1,2,2,2,100,2,3,4,,2024-04-17 20:11
200736,20073601,25,2022,76,3,,,,,,,2,2,1,,,,4,,2024-04-17 20:11
200736,20073602,25,2022,72,2,,,,,,,2,2,2,,,,4,,2024-04-17 20:11
200737,20073701,25,2022,50,3,2,141,2010m2,4,141,2,2,2,2,400,,3,4,,2024-04-17 20:11
200737,20073702,25,2022,19,4,,,,,,,1,2,1,,,,4,,2024-04-17 20:11
200737,20073703,25,2022,55,4,2,141,2015m1,4,510,2,2,2,1,500,,2,4,,2024-04-17 20:11
200738,20073801,25,2022,44,6,1,851,2001m3,1,252,1,2,2,2,580,1,2,4,,2024-04-17 20:11
200738,20073802,25,2022,43,6,1,301,2005m3,1,312,1,2,2,1,570,1,3,4,,2024-04-17 20:11
200739,20073901,25,2022,34,6,1,352,2015m3,1,399,1,2,15,1,410,1,3,5,,2024-04-17 20:11
200739,20073902,25,2022,35,6,,,,,,,2,15,2,,,,5,,2024-04-17 20:11
200740,20074001,25,2022,76,1,,,,,,,3,15,2,,,,6,,2024-04-17 20:11
200740,20074002,25,2022,53,2,,,,,,,1,15,1,,,,6,,2024-04-17 20:11
200742,20074201,25,2022,60,6,,,,,,,2,13,1,,,,4,,2024-04-17 20:11
200742,20074202,25,2022,58,3,1,872,2021m10,1,247,1,2,13,2,190,1,2,5,,2024-04-17 20:11
200743,20074301,25,2022,44,5,,,,,,,2,15,2,,,,5,,2024-04-17 20:11
200743,20074302,25,2022,43,6,,,,,,,2,15,1,,,,5,,2024-04-17 20:11
200744,20074401,25,2022,69,3,,,,,,,2,15,1,,,,6,,2024-04-17 20:11
200744,20074402,25,2022,62,2,1,303,2008m3,3,751,1,2,15,2,100,2,3,5,,2024-04-17 20:11
200745,20074501,25,2022,63,2,2,493,2000m3,4,873,2,2,2,1,300,,3,5,,2024-04-17 20:11
200745,20074502,25,2022,62,3,,,,,,,2,2,2,,,,5,,2024-04-17 20:11
200746,20074601,25,2022,42,5,1,521,2006m2,1,312,1,2,2,1,350,1,3,6,,2024-04-17 20:11
200746,20074602,25,2022,41,6,,,,,,,2,2,2,,,,6,,2024-04-17 20:11
200747,20074702,25,2022,72,2,,,,,,,2,2,2,,,,6,,2024-04-17 20:11
200748,20074801,25,2022,69,2,2,493,1985m10,4,873,2,2,2,1,300,,3,5,,2024-04-17 20:11
200748,20074802,25,2022,65,2,1,561,2010m10,1,952,1,2,2,2,130,2,2,5,,2024-04-17 20:11
200749,20074901,25,2022,71,2,,,,,,,2,2,1,,,,5,,2024-04-17 20:11
200749,20074902,25,2022,68,2,1,141,2018m8,2,930,1,2,2,2,100,2,3,5,,2024-04-17 20:11
210005,20074903,25,2022,39,6,,,,,,,2,2,2,,,,5,,2024-04-17 20:11
200752,20075201,25,2022,51,3,1,529,2013m2,1,875,1,3,2,1,400,1,3,6,,2024-04-17 20:11
200752,20075202,25,2022,23,4,,,,,,,1,2,1,,,,6,,2024-04-17 20:11
200752,20075203,25,2022,21,4,,,,,,,1,2,2,,,,6,,2024-04-17 20:11
200753,20075301,25,2022,75,2,2,492,1988m3,4,873,2,2,2,1,300,,2,5,,2024-04-17 20:11
200753,20075302,25,2022,69,2,,,,,,,2,2,2,,,,5,,2024-04-17 20:11
200754,20075401,25,2022,60,3,2,492,1994m3,4,873,2,2,7,1,300,,2,5,,2024-04-17 20:11
200754,20075402,25,2022,55,3,1,741,2022m3,2,392,1,2,7,2,200,2,2,5,,2024-04-17 20:11
210263,20075403,25,2022,30,6,1,861,2015m3,1,243,1,2,7,2,250,1,2,5,,2024-04-17 20:11
210006,20075404,25,2022,28,6,1,861,2017m3,1,243,1,2,2,2,300,1,3,5,,2024-04-17 20:11
200755,20075501,25,2022,79,3,,,,,,,2,7,1,,,,5,,2024-04-17 20:11
200755,20075502,25,2022,76,1,,,,,,,2,7,2,,,,5,,2024-04-17 20:11
200756,20075601,25,2022,54,3,2,493,1998m2,4,873,2,2,7,1,500,,3,5,,2024-04-17 20:11
200756,20075602,25,2022,52,3,1,841,2022m3,2,314,1,2,7,2,40,2,3,5,,2024-04-17 20:11
200756,20075603,25,2022,26,6,1,861,2018m3,1,245,1,1,7,2,250,1,2,5,,2024-04-17 20:11
200756,20075604,25,2022,21,5,,,,,,,1,7,1,,,,5,,2024-04-17 20:11
200757,20075701,25,2022,41,3,3,561,2019m1,5,441,2,2,7,2,,,3,5,,2024-04-17 20:11
200757,20075702,25,2022,40,5,2,561,2015m1,4,441,2,2,7,1,400,,3,5,,2024-04-17 20:11
200758,20075801,25,2022,65,2,1,421,2021m6,2,753,1,2,12,1,380,2,2,5,,2024-04-17 20:11
200758,20075802,25,2022,64,2,,,,,,,2,12,2,,,,5,,2024-04-17 20:11
200759,20075901,25,2022,47,5,1,521,2021m2,1,874,1,2,12,1,380,1,2,5,,2024-04-17 20:11
200759,20075902,25,2022,42,3,2,682,2019m5,4,274,2,2,12,2,350,,2,5,,2024-04-17 20:11
200759,20075903,25,2022,16,2,,,,,,,1,12,1,,,,5,,2024-04-17 20:11
200760,20076001,25,2022,70,2,,,,,,,2,12,1,,,,4,,2024-04-17 20:11
200760,20076002,25,2022,65,3,,,,,,,2,12,2,,,,4,,2024-04-17 20:11
200762,20076201,25,2022,50,5,1,351,2008m3,1,762,1,2,12,1,700,1,2,4,,2024-04-17 20:11
200762,20076202,25,2022,46,3,,,,,,,2,12,2,,,,4,,2024-04-17 20:11
200762,20076203,25,2022,20,4,,,,,,,1,12,2,,,,4,,2024-04-17 20:11
200762,20076204,25,2022,16,2,,,,,,,1,12,1,,,,4,,2024-04-17 20:11
200763,20076301,25,2022,58,3,1,561,2018m12,1,521,1,2,12,1,380,1,2,5,,2024-04-17 20:11
200763,20076302,25,2022,46,3,1,204,2012m4,1,899,1,2,12,2,320,1,2,5,,2024-04-17 20:11
200763,20076303,25,2022,24,6,,,,,,,1,12,2,,,,5,,2024-04-17 20:11
200764,20076401,25,2022,48,3,1,871,2016m2,1,421,1,2,12,2,230,1,2,5,,2024-04-17 20:11
200764,20076402,25,2022,54,4,1,471,2021m11,1,922,1,2,12,1,370,1,2,5,,2024-04-17 20:11
200764,20076403,25,2022,19,4,,,,,,,1,12,2,,,,5,,2024-04-17 20:11
200764,20076404,25,2022,18,2,,,,,,,1,12,2,,,,5,,2024-04-17 20:11
200765,20076501,25,2022,74,3,,,,,,,2,12,1,,,,4,,2024-04-17 20:11
200765,20076502,25,2022,67,2,,,,,,,2,12,2,,,,5,,2024-04-17 20:11
200765,20076503,25,2022,40,6,,,,,,,1,12,1,,,,6,,2024-04-17 20:11
200766,20076601,25,2022,72,2,,,,,,,2,12,1,,,,4,,2024-04-17 20:11
200766,20076602,25,2022,64,2,,,,,,,2,12,2,,,,4,,2024-04-17 20:11
200767,20076701,25,2022,34,6,1,751,2015m1,1,312,1,2,12,1,380,1,2,4,,2024-04-17 20:11
200767,20076702,25,2022,33,6,,,,,,,2,12,2,,,,4,,2024-04-17 20:11
200768,20076801,25,2022,74,5,,,,,,,2,12,1,,,,4,,2024-04-17 20:11
200768,20076802,25,2022,72,3,,,,,,,2,12,2,,,,5,,2024-04-17 20:11
200769,20076901,25,2022,78,2,,,,,,,2,12,1,,,,5,,2024-04-17 20:11
200769,20076902,25,2022,74,2,,,,,,,2,12,2,,,,5,,2024-04-17 20:11
200770,20077001,25,2022,36,6,1,842,2016m7,1,412,1,2,12,1,380,1,2,5,,2024-04-17 20:11
200770,20077002,25,2022,29,5,1,861,2022m1,1,247,1,2,12,2,220,1,2,4,,2024-04-17 20:11
200771,20077101,25,2022,55,3,1,682,2019m3,1,942,1,2,12,1,240,2,2,4,,2024-04-17 20:11
200771,20077102,25,2022,55,3,1,303,2008m3,1,854,1,2,12,2,400,1,2,4,,2024-04-17 20:11
200771,20077103,25,2022,22,4,,,,,,,1,12,1,,,,4,,2024-04-17 20:11
200772,20077201,25,2022,80,2,,,,,,,3,12,2,,,,4,,2024-04-17 20:11
200772,20077202,25,2022,44,3,1,241,2012m4,1,841,1,2,12,1,350,1,2,4,,2024-04-17 20:11
200772,20077203,25,2022,41,6,1,479,2020m8,1,532,1,2,12,2,250,1,2,4,,2024-04-17 20:11
200773,20077301,25,2022,42,3,2,961,2010m5,4,521,2,2,12,1,600,,2,5,,2024-04-17 20:11
200773,20077302,25,2022,40,5,,,,,,,2,12,2,,,,5,,2024-04-17 20:11
200774,20077401,25,2022,61,3,1,492,1998m3,1,873,1,2,12,1,450,1,2,4,,2024-04-17 20:11
200774,20077402,25,2022,58,3,,,,,,,2,12,2,,,,5,,2024-04-17 20:11
200774,20077403,25,2022,31,3,2,561,2018m5,5,521,2,1,12,1,,,2,4,,2024-04-17 20:11
210264,20077404,25,2022,29,3,,,,,,,2,11,2,,,,4,,2024-04-17 20:11
200777,20077701,25,2022,80,2,,,,,,,2,2,1,,,,5,,2024-04-17 20:11
200777,20077702,25,2022,80,2,,,,,,,2,2,2,,,,5,,2024-04-17 20:11
200778,20077801,25,2022,65,6,1,529,2022m5,2,992,1,3,2,1,95,2,3,5,,2024-04-17 20:11
200779,20077902,25,2022,60,2,1,872,2018m5,2,421,1,2,2,2,60,2,2,3,,2024-04-17 20:11
200780,20078001,25,2022,69,2,1,320,2010m1,1,730,1,2,2,1,250,2,2,5,,2024-04-17 20:11
200780,20078002,25,2022,66,2,,,,,,,2,2,2,,,,5,,2024-04-17 20:11
200781,20078101,25,2022,78,3,,,,,,,3,2,1,,,,4,,2024-04-17 20:11
200783,20078301,25,2022,60,2,1,424,2017m10,3,783,1,2,2,1,300,2,4,4,,2024-04-17 20:11
200783,20078302,25,2022,59,2,1,561,2018m3,3,952,1,2,2,2,80,2,3,4,,2024-04-17 20:11
200784,20078402,25,2022,59,4,,,,,,,3,2,2,,,,6,,2024-04-17 20:11
200785,20078501,25,2022,56,2,1,381,2022m2,1,941,1,3,2,1,250,1,3,5,,2024-04-17 20:11
200786,20078601,25,2022,61,6,1,467,2021m7,1,312,1,2,2,1,230,1,3,5,,2024-04-17 20:11
200786,20078602,25,2022,58,6,1,902,2019m3,2,432,1,2,2,2,200,2,3,4,,2024-04-17 20:11
200786,20078603,25,2022,28,6,1,842,2018m5,2,273,1,1,2,2,200,2,3,5,,2024-04-17 20:11
200788,20078801,25,2022,93,1,,,,,,,3,2,2,,,,4,,2024-04-17 20:11
200788,20078802,25,2022,75,3,1,751,2014m1,2,942,1,2,2,1,180,2,3,4,,2024-04-17 20:11
200788,20078803,25,2022,66,2,,,,,,,2,2,2,,,,4,,2024-04-17 20:11
200789,20078902,25,2022,64,3,,,,,,,3,2,2,,,,6,,2024-04-17 20:11
200789,20078903,25,2022,27,5,,,,,,,1,2,1,,,,6,,2024-04-17 20:11
210032,20079003,25,2022,55,6,,,,,,,3,2,1,,,,5,,2024-04-17 20:11
200793,20079301,25,2022,86,1,,,,,,,3,2,2,,,,6,,2024-04-17 20:11
200794,20079401,25,2022,57,2,,,,,,,1,4,2,,,,5,,2024-04-17 20:11
200795,20079501,25,2022,84,2,1,841,2021m1,3,941,1,3,4,2,27,2,3,3,,2024-04-17 20:11
200796,20079601,25,2022,75,2,,,,,,,3,4,2,,,,6,,2024-04-17 20:11
200797,20079701,25,2022,67,2,1,751,2020m8,3,399,1,3,4,2,60,2,3,4,,2024-04-17 20:11
200798,20079801,25,2022,76,3,,,,,,,1,4,1,,,,6,,2024-04-17 20:11
200799,20079901,25,2022,76,2,,,,,,,3,4,2,,,,5,,2024-04-17 20:11
200800,20080001,25,2022,75,2,1,682,2021m6,2,942,1,2,10,1,218,2,2,4,,2024-04-17 20:11
200800,20080002,25,2022,73,2,2,472,1986m3,4,521,2,2,10,2,200,,3,4,,2024-04-17 20:11
200801,20080101,25,2022,57,6,1,303,2021m3,1,851,1,2,10,1,300,1,2,4,,2024-04-17 20:11
200801,20080102,25,2022,55,6,2,561,2020m4,4,441,2,2,10,2,300,,2,4,,2024-04-17 20:11
200801,20080103,25,2022,27,6,,,,,,,1,10,2,,,,4,,2024-04-17 20:11
200801,20080104,25,2022,25,4,1,561,2021m3,2,441,1,1,10,1,30,2,3,4,,2024-04-17 20:11
200801,20080105,25,2022,21,4,,,,,,,1,10,2,,,,4,,2024-04-17 20:11
200802,20080201,25,2022,60,6,1,872,2021m8,2,421,1,2,10,1,130,2,3,3,,2024-04-17 20:11
200802,20080202,25,2022,60,6,1,471,2012m11,1,399,1,2,10,2,200,1,2,3,,2024-04-17 20:11
200802,20080204,25,2022,33,6,,,,,,,1,10,1,,,,3,,2024-04-17 20:11
200803,20080301,25,2022,51,3,2,424,2021m9,4,783,2,2,10,1,400,,2,4,,2024-04-17 20:11
200803,20080302,25,2022,43,3,,,,,,,2,10,2,,,,4,,2024-04-17 20:11
200804,20080401,25,2022,87,2,,,,,,,3,11,2,,,,5,,2024-04-17 20:11
200805,20080501,25,2022,63,3,2,561,2015m3,4,441,2,3,11,2,200,,3,4,,2024-04-17 20:11
200806,20080601,25,2022,76,2,2,561,2003m2,4,441,2,3,11,2,300,,2,4,,2024-04-17 20:11
200807,20080701,25,2022,80,2,2,11,2000m3,4,611,2,2,11,1,250,,2,4,,2024-04-17 20:11
200807,20080702,25,2022,64,3,1,861,2015m5,1,441,1,2,11,2,170,2,2,4,,2024-04-17 20:11
200808,20080801,25,2022,55,3,1,856,1996m3,1,254,1,2,11,1,200,1,3,4,,2024-04-17 20:11
200808,20080802,25,2022,46,3,1,861,2004m2,1,243,1,2,11,2,300,1,3,4,,2024-04-17 20:11
200808,20080803,25,2022,22,4,,,,,,,1,11,1,,,,4,,2024-04-17 20:11
200808,20080804,25,2022,20,4,,,,,,,1,11,2,,,,4,,2024-04-17 20:11
200809,20080901,25,2022,72,2,,,,,,,2,11,1,,,,4,,2024-04-17 20:11
200809,20080902,25,2022,62,2,2,562,2022m4,4,441,2,2,11,2,150,,3,4,,2024-04-17 20:11
200810,20081001,25,2022,42,3,1,423,2022m2,3,762,1,2,11,1,300,2,3,4,,2024-04-17 20:11
200810,20081002,25,2022,38,3,1,351,2019m3,3,910,1,2,11,2,260,2,3,4,,2024-04-17 20:11
200810,20081003,25,2022,17,2,,,,,,,1,11,2,,,,4,,2024-04-17 20:11
200811,20081101,25,2022,63,6,1,370,2018m8,1,153,1,2,11,1,295,1,2,3,,2024-04-17 20:11
200811,20081102,25,2022,64,6,,,,,,,2,11,2,,,,3,,2024-04-17 20:11
210007,20081103,25,2022,31,4,1,753,2014m6,1,412,1,1,11,1,396,1,2,3,,2024-04-17 20:11
200812,20081201,25,2022,59,3,1,283,1987m1,1,863,1,2,11,1,400,1,2,4,,2024-04-17 20:11
200812,20081202,25,2022,57,3,1,303,2017m11,1,930,1,2,11,2,177,1,3,5,,2024-04-17 20:11
210163,20081303,25,2022,29,6,1,292,2018m12,1,235,1,1,11,1,246,1,3,4,,2024-04-17 20:11
200814,20081401,25,2022,48,3,1,464,2013m5,1,312,1,2,11,1,590,1,3,4,,2024-04-17 20:11
200814,20081402,25,2022,42,6,1,466,2022m9,1,313,1,2,11,2,197,1,3,4,,2024-04-17 20:11
200814,20081405,25,2022,81,2,,,,,,,3,11,1,,,,5,,2024-04-17 20:11
200815,20081501,25,2022,55,6,1,222,2009m2,1,313,1,2,11,1,295,1,3,5,,2024-04-17 20:11
200815,20081502,25,2022,52,3,1,303,2017m3,1,854,1,2,11,2,200,1,3,5,,2024-04-17 20:11
200815,20081503,25,2022,25,6,,,,,,,1,11,1,,,,5,,2024-04-17 20:11
200816,20081601,25,2022,53,6,1,201,1996m1,1,831,1,2,11,1,785,1,3,3,,2024-04-17 20:11
200816,20081602,25,2022,53,5,,,,,,,2,11,2,,,,3,,2024-04-17 20:11
200816,20081603,25,2022,21,4,,,,,,,1,11,2,,,,3,,2024-04-17 20:11
200816,20081604,25,2022,18,2,,,,,,,1,11,2,,,,3,,2024-04-17 20:11
200817,20081701,25,2022,59,2,,,,,,,3,4,2,,,,4,,2024-04-17 20:11
200817,20081702,25,2022,33,5,1,493,2022m9,1,922,1,1,4,1,350,1,3,4,,2024-04-17 20:11
200818,20081801,25,2022,79,2,,,,,,,2,4,1,,,,5,,2024-04-17 20:11
200818,20081802,25,2022,75,2,,,,,,,2,4,2,,,,5,,2024-04-17 20:11
200819,20081901,25,2022,70,3,2,492,2011m4,4,873,2,2,4,1,190,,4,5,,2024-04-17 20:11
200819,20081902,25,2022,67,3,,,,,,,2,4,2,,,,5,,2024-04-17 20:11
200820,20082001,25,2022,61,3,2,472,2014m4,4,521,2,2,4,1,400,,2,4,,2024-04-17 20:11
200820,20082002,25,2022,57,3,,,,,,,2,4,2,,,,4,,2024-04-17 20:11
200820,20082003,25,2022,30,5,1,856,2014m7,1,254,1,1,4,2,300,1,2,4,,2024-04-17 20:11
200821,20082101,25,2022,43,6,1,841,2007m5,1,311,1,2,4,1,370,1,2,4,,2024-04-17 20:11
200821,20082102,25,2022,39,6,1,861,2006m3,1,243,1,2,4,2,370,1,2,4,,2024-04-17 20:11
200822,20082201,25,2022,37,6,1,952,2019m12,1,751,1,2,4,1,295,1,2,4,,2024-04-17 20:11
200822,20082202,25,2022,32,6,1,861,2012m3,1,246,1,2,4,2,160,1,2,4,,2024-04-17 20:11
200823,20082301,25,2022,28,6,1,751,2021m9,1,236,1,1,4,1,315,1,3,5,,2024-04-17 20:11
200824,20082401,25,2022,87,3,,,,,,,3,4,1,,,,5,,2024-04-17 20:11
200826,20082601,25,2022,38,2,,,,,,,3,4,2,,,,6,,2024-04-17 20:11
200827,20082701,25,2022,77,3,1,291,2015m6,2,864,1,2,4,1,80,2,3,4,,2024-04-17 20:11
200827,20082702,25,2022,76,3,,,,,,,2,4,2,,,,5,,2024-04-17 20:11
200828,20082801,25,2022,68,6,,,,,,,2,10,1,,,,4,,2024-04-17 20:11
200828,20082802,25,2022,67,3,,,,,,,2,10,2,,,,4,,2024-04-17 20:11
200831,20083101,25,2022,61,2,2,463,2018m12,4,521,2,3,3,2,250,,3,3,,2024-04-17 20:11
200831,20083102,25,2022,36,6,1,511,2019m9,1,431,1,1,3,2,,1,3,3,,2024-04-17 20:11
200833,20083301,25,2022,65,3,1,303,2021m5,1,510,1,2,3,1,190,1,3,4,,2024-04-17 20:11
200833,20083302,25,2022,62,3,1,259,2009m1,1,930,1,2,3,2,200,1,3,4,,2024-04-17 20:11
200834,20083401,25,2022,51,3,1,303,2017m8,1,832,1,2,3,1,275,1,3,5,,2024-04-17 20:11
200834,20083402,25,2022,49,3,,,,,,,2,3,2,,,,5,,2024-04-17 20:11
200834,20083403,25,2022,25,3,,,,,,,1,3,1,,,,5,,2024-04-17 20:11
200835,20083501,25,2022,67,2,1,411,2000m3,3,910,1,2,3,1,60,2,4,4,,2024-04-17 20:11
200835,20083502,25,2022,67,2,,,,,,,2,3,2,,,,4,,2024-04-17 20:11
200836,20083601,25,2022,75,2,,,,,,,2,3,1,,,,4,,2024-04-17 20:11
200836,20083602,25,2022,71,2,,,,,,,2,3,2,,,,4,,2024-04-17 20:11
210265,20083603,25,2022,45,5,1,303,2021m12,1,854,1,1,3,1,270,1,3,4,,2024-04-17 20:11
200838,20083801,25,2022,84,2,,,,,,,3,3,2,,,,6,,2024-04-17 20:11
200839,20083901,25,2022,65,2,,,,,,,3,3,2,,,,6,,2024-04-17 20:11
200839,20083902,25,2022,39,3,,,,,,,1,3,2,,,,6,,2024-04-17 20:11
200840,20084001,25,2022,81,3,,,,,,,2,3,1,,,,5,,2024-04-17 20:11
200840,20084002,25,2022,80,2,,,,,,,2,3,2,,,,5,,2024-04-17 20:11
200841,20084101,25,2022,45,5,1,861,2010m3,1,313,1,1,3,1,290,1,2,4,,2024-04-17 20:11
200842,20084201,25,2022,49,5,1,179,1996m6,1,274,1,2,3,1,512,1,1,3,,2024-04-17 20:11
200842,20084202,25,2022,45,5,,,,,,,2,3,2,,,,4,,2024-04-17 20:11
200843,20084301,25,2022,59,3,1,132,2008m6,1,753,1,2,3,1,250,1,3,4,,2024-04-17 20:11
200843,20084302,25,2022,57,3,1,561,2015m5,2,441,1,2,3,2,100,2,3,4,,2024-04-17 20:11
200844,20084401,25,2022,80,6,,,,,,,2,3,1,,,,5,,2024-04-17 20:11
200844,20084402,25,2022,77,6,,,,,,,2,3,2,,,,5,,2024-04-17 20:11
200846,20084601,25,2022,66,2,1,492,1985m3,1,873,1,2,3,1,200,1,3,4,,2024-04-17 20:11
200846,20084602,25,2022,62,3,,,,,,,2,3,2,,,,3,,2024-04-17 20:11
200847,20084701,25,2022,82,2,,,,,,,3,3,1,,,,5,,2024-04-17 20:11
200848,20084801,25,2022,78,2,2,467,2005m3,4,941,2,3,3,2,30,,4,5,,2024-04-17 20:11
200849,20084901,25,2022,80,3,,,,,,,2,3,1,,,,5,,2024-04-17 20:11
200849,20084902,25,2022,76,3,,,,,,,2,3,2,,,,4,,2024-04-17 20:11
200850,20085001,25,2022,48,6,1,292,2011m6,1,312,1,2,3,1,300,1,2,4,,2024-04-17 20:11
200850,20085002,25,2022,46,5,1,303,2021m6,2,930,1,2,3,2,70,2,3,5,,2024-04-17 20:11
200851,20085101,25,2022,74,3,,,,,,,2,3,1,,,,4,,2024-04-17 20:11
200851,20085102,25,2022,70,2,,,,,,,2,3,2,,,,5,,2024-04-17 20:11
200851,20085103,25,2022,40,6,2,201,2019m8,4,899,2,1,3,1,300,,3,4,,2024-04-17 20:11
200852,20085201,25,2022,42,5,1,132,2016m11,1,822,1,2,3,1,400,1,3,4,,2024-04-17 20:11
200852,20085202,25,2022,42,5,,,,,,,2,3,2,,,,4,,2024-04-17 20:11
200853,20085301,25,2022,45,6,1,465,2022m3,1,761,1,1,3,1,407,1,2,3,,2024-04-17 20:11
200854,20085401,25,2022,59,6,1,701,1998m3,1,131,1,2,3,1,500,1,2,3,,2024-04-17 20:11
200854,20085402,25,2022,55,6,,,,,,,2,3,2,,,,3,,2024-04-17 20:11
200854,20085403,25,2022,28,6,1,582,2021m6,1,222,1,1,3,2,250,1,2,3,,2024-04-17 20:11
200854,20085404,25,2022,23,4,,,,,,,1,3,1,,,,3,,2024-04-17 20:11
200855,20085501,25,2022,48,6,2,479,2011m3,4,531,2,2,3,1,700,,3,3,,2024-04-17 20:11
200855,20085502,25,2022,47,6,3,479,2011m3,5,531,2,2,3,2,,,3,4,,2024-04-17 20:11
200855,20085503,25,2022,20,4,,,,,,,1,3,1,,,,4,,2024-04-17 20:11
200855,20085504,25,2022,16,2,,,,,,,1,3,2,,,,4,,2024-04-17 20:11
200856,20085601,25,2022,39,6,1,465,2008m3,1,274,1,2,3,1,380,1,3,4,,2024-04-17 20:11
200856,20085602,25,2022,30,5,1,292,2022m9,1,313,1,2,3,2,180,2,3,4,,2024-04-17 20:11
200857,20085701,25,2022,47,6,2,465,2007m5,4,274,2,2,3,1,500,,3,3,,2024-04-17 20:11
200857,20085702,25,2022,46,6,,,,,,,2,3,2,,,,3,,2024-04-17 20:11
200857,20085703,25,2022,17,2,,,,,,,1,3,1,,,,4,,2024-04-17 20:11
200857,20085704,25,2022,15,2,,,,,,,1,3,2,,,,3,,2024-04-17 20:11
200858,20085801,25,2022,65,3,2,751,2016m5,4,399,2,2,3,1,750,,2,3,,2024-04-17 20:11
200858,20085802,25,2022,62,2,,,,,,,2,3,2,,,,4,,2024-04-17 20:11
200858,20085803,25,2022,39,6,2,473,2015m5,4,531,2,1,3,1,200,,3,4,,2024-04-17 20:11
200859,20085901,25,2022,48,6,1,852,1998m1,1,252,1,2,8,1,430,1,2,4,,2024-04-17 20:11
200859,20085902,25,2022,45,6,1,852,2003m3,1,252,1,2,8,2,380,1,2,4,,2024-04-17 20:11
200859,20085903,25,2022,15,2,,,,,,,1,8,1,,,,4,,2024-04-17 20:11
200861,20086101,25,2022,60,6,1,262,2002m3,1,312,1,2,8,1,480,1,3,5,,2024-04-17 20:11
200861,20086102,25,2022,53,6,,,,,,,2,8,2,,,,4,,2024-04-17 20:11
200861,20086103,25,2022,20,4,,,,,,,1,8,1,,,,5,,2024-04-17 20:11
200862,20086201,25,2022,64,3,1,233,2016m4,1,312,1,2,8,1,300,1,3,5,,2024-04-17 20:11
200862,20086202,25,2022,62,3,,,,,,,2,8,2,,,,5,,2024-04-17 20:11
200862,20086203,25,2022,32,6,1,861,2018m12,1,312,1,1,8,1,270,1,3,5,,2024-04-17 20:11
200863,20086301,25,2022,63,2,2,134,1980m1,4,721,2,2,8,1,500,,3,5,,2024-04-17 20:11
200863,20086302,25,2022,64,2,1,131,1980m1,1,821,1,2,8,2,195,1,3,4,,2024-04-17 20:11
200863,20086303,25,2022,38,6,1,857,2009m3,1,254,1,2,8,2,245,2,3,4,,2024-04-17 20:11
200863,20086304,25,2022,37,6,2,479,2022m3,4,531,2,2,8,1,200,,3,4,,2024-04-17 20:11
210266,20086305,25,2022,29,6,1,841,2018m4,1,311,1,2,1,2,250,1,3,4,,2024-04-17 20:11
200865,20086501,25,2022,50,6,1,872,2018m5,2,421,1,2,8,1,245,2,3,5,,2024-04-17 20:11
200865,20086502,25,2022,45,6,,,,,,,2,8,2,,,,5,,2024-04-17 20:11
200866,20086601,25,2022,40,2,2,476,2018m10,4,521,2,2,8,1,400,,2,3,,2024-04-17 20:11
200866,20086602,25,2022,36,5,1,761,2012m5,1,313,1,2,8,2,320,1,3,3,,2024-04-17 20:11
200867,20086701,25,2022,45,6,1,261,2008m1,1,312,1,2,8,1,550,1,3,5,,2024-04-17 20:11
200867,20086702,25,2022,45,5,,,,,,,2,8,2,,,,5,,2024-04-17 20:11
200868,20086801,25,2022,61,6,2,855,2021m1,4,254,2,2,8,1,200,,2,4,,2024-04-17 20:11
200869,20086901,25,2022,53,6,1,465,2016m4,1,274,1,2,8,1,300,1,2,5,,2024-04-17 20:11
200869,20086902,25,2022,50,5,2,855,2018m10,4,254,2,2,8,2,50,,2,4,,2024-04-17 20:11
200869,20086903,25,2022,18,2,,,,,,,1,8,2,,,,4,,2024-04-17 20:11
200869,20086904,25,2022,15,2,,,,,,,1,8,1,,,,4,,2024-04-17 20:11
200870,20087001,25,2022,43,3,2,424,2009m2,4,782,2,2,8,1,150,,4,5,,2024-04-17 20:11
200870,20087002,25,2022,37,5,2,902,2020m8,4,312,2,2,8,2,150,,3,5,,2024-04-17 20:11
200870,20087003,25,2022,15,2,,,,,,,1,8,2,,,,4,,2024-04-17 20:11
200871,20087101,25,2022,60,2,1,969,1980m3,1,942,1,2,8,1,190,1,3,5,,2024-04-17 20:11
200871,20087102,25,2022,59,2,1,151,,1,721,1,2,8,2,150,2,3,5,,2024-04-17 20:11
200871,20087103,25,2022,33,3,,,,,,,1,8,1,,,,5,,2024-04-17 20:11
200871,20087104,25,2022,31,5,,,,,,,1,8,2,,,,5,,2024-04-17 20:11
200872,20087201,25,2022,59,3,1,233,2017m3,1,875,1,2,8,1,250,2,3,5,,2024-04-17 20:11
200872,20087202,25,2022,54,3,1,471,2012m1,1,521,1,2,8,2,180,1,3,5,,2024-04-17 20:11
200872,20087204,25,2022,26,5,1,872,2021m3,1,247,1,1,8,2,190,2,3,5,,2024-04-17 20:11
200873,20087301,25,2022,73,2,,,,,,,3,8,2,,,,6,,2024-04-17 20:11
200873,20087302,25,2022,23,4,,,,,,,1,8,1,,,,6,,2024-04-17 20:11
200873,20087303,25,2022,21,5,1,471,2021m8,1,521,1,1,8,2,103,2,3,6,,2024-04-17 20:11
200874,20087401,25,2022,65,3,1,411,,3,910,1,2,8,1,150,2,3,5,,2024-04-17 20:11
200874,20087402,25,2022,62,2,,,,,,,2,8,2,,,,5,,2024-04-17 20:11
200874,20087403,25,2022,36,5,1,862,2018m3,1,243,1,1,8,1,240,1,3,5,,2024-04-17 20:11
200875,20087501,25,2022,69,2,1,970,2012m1,3,951,1,3,8,2,48,2,3,5,,2024-04-17 20:11
200876,20087601,25,2022,57,3,1,682,2010m3,1,862,1,2,8,1,240,1,3,5,,2024-04-17 20:11
200876,20087602,25,2022,54,3,1,651,2015m3,1,510,1,2,8,2,150,2,3,5,,2024-04-17 20:11
200876,20087603,25,2022,30,5,,,,,,,1,8,2,,,,5,,2024-04-17 20:11
200876,20087604,25,2022,28,3,1,464,2018m3,1,521,1,1,8,1,190,1,3,5,,2024-04-17 20:11
200877,20087701,25,2022,66,5,1,911,2021m7,1,942,1,2,8,1,187,2,3,4,,2024-04-17 20:11
200877,20087702,25,2022,63,3,,,,,,,2,8,2,,,,5,,2024-04-17 20:11
200878,20087801,25,2022,42,4,2,422,,4,782,2,2,8,1,300,,3,5,,2024-04-17 20:11
200878,20087802,25,2022,41,5,2,901,,4,422,2,2,8,2,200,,3,5,,2024-04-17 20:11
200878,20087803,25,2022,16,2,,,,,,,1,8,1,,,,5,,2024-04-17 20:11
200879,20087901,25,2022,43,6,1,843,2022m5,1,311,1,2,8,1,370,1,2,4,,2024-04-17 20:11
200879,20087902,25,2022,39,6,1,582,2021m9,1,222,1,2,8,2,290,2,3,4,,2024-04-17 20:11
200881,20088101,25,2022,60,3,2,742,2012m5,4,941,2,2,5,1,200,,3,5,,2024-04-17 20:11
200881,20088102,25,2022,59,2,,,,,,,2,5,2,,,,5,,2024-04-17 20:11
200881,20088104,25,2022,32,6,1,742,2019m1,2,941,1,1,5,1,120,2,3,5,,2024-04-17 20:11
200882,20088201,25,2022,41,5,1,292,2012m1,1,851,1,2,5,1,360,1,3,5,,2024-04-17 20:11
200882,20088202,25,2022,38,5,,,,,,,2,5,2,,,,5,,2024-04-17 20:11
200883,20088301,25,2022,69,2,1,682,2020m12,2,942,1,2,5,1,172,2,3,5,,2024-04-17 20:11
200883,20088302,25,2022,63,2,1,872,2011m3,1,421,1,2,5,2,140,2,3,5,,2024-04-17 20:11
210009,20088303,25,2022,35,6,1,852,2020m4,2,254,1,1,1,1,130,2,3,5,,2024-04-17 20:11
200885,20088501,25,2022,61,3,1,291,2014m3,1,854,1,2,5,1,220,1,3,5,,2024-04-17 20:11
200885,20088502,25,2022,59,2,,,,,,,2,5,2,,,,5,,2024-04-17 20:11
200885,20088503,25,2022,35,6,1,529,2021m12,1,874,1,1,5,1,239,1,3,4,,2024-04-17 20:11
200886,20088601,25,2022,71,2,,,,,,,3,13,2,,,,5,,2024-04-17 20:11
200886,20088602,25,2022,48,2,,,,,,,1,13,1,,,,5,,2024-04-17 20:11
200887,20088701,25,2022,66,2,,,,,,,3,5,2,,,,6,,2024-04-17 20:11
200888,20088801,25,2022,41,3,1,259,2014m2,1,851,1,2,5,1,400,1,3,5,,2024-04-17 20:11
200888,20088802,25,2022,39,3,1,682,2021m10,1,313,1,2,5,2,190,1,3,5,,2024-04-17 20:11
200889,20088901,25,2022,38,6,1,382,2020m6,1,312,1,2,5,1,350,1,3,5,,2024-04-17 20:11
200889,20088902,25,2022,34,6,1,262,2011m10,1,312,1,2,5,2,380,1,3,5,,2024-04-17 20:11
200890,20089001,25,2022,48,6,1,204,2014m3,1,831,1,2,5,1,400,1,3,5,,2024-04-17 20:11
200890,20089002,25,2022,39,5,2,479,2013m2,4,531,2,2,5,2,100,,3,5,,2024-04-17 20:11
200890,20089003,25,2022,15,2,,,,,,,1,5,1,,,,5,,2024-04-17 20:11
200891,20089101,25,2022,34,5,1,351,2012m6,1,762,1,2,5,1,306,1,2,5,,2024-04-17 20:11
200891,20089102,25,2022,39,5,,,,,,,2,5,2,,,,5,,2024-04-17 20:11
200892,20089201,25,2022,38,5,1,242,2021m11,1,312,1,2,5,1,402,1,3,4,,2024-04-17 20:11
200892,20089202,25,2022,36,6,1,107,2022m1,2,930,1,2,5,2,70,2,3,5,,2024-04-17 20:11
200893,20089302,25,2022,84,2,,,,,,,3,5,2,,,,5,,2024-04-17 20:11
200893,20089304,25,2022,19,4,,,,,,,1,5,1,,,,4,,2024-04-17 20:11
200894,20089401,25,2022,67,2,1,682,2020m8,1,942,1,2,5,1,192,2,3,5,,2024-04-17 20:11
200894,20089402,25,2022,67,2,,,,,,,2,5,2,,,,4,,2024-04-17 20:11
200895,20089501,25,2022,67,3,,,,,,,2,5,1,,,,4,,2024-04-17 20:11
200895,20089502,25,2022,63,3,,,,,,,2,5,2,,,,5,,2024-04-17 20:11
200896,20089601,25,2022,74,4,1,969,2014m6,3,421,1,3,11,2,150,2,3,4,,2024-04-17 20:11
200897,20089701,25,2022,64,3,1,101,2021m5,1,811,1,2,10,2,217,1,3,4,,2024-04-17 20:11
200897,20089702,25,2022,68,3,,,,,,,2,10,1,,,,5,,2024-04-17 20:11
200898,20089801,25,2022,46,3,2,952,2015m8,4,751,2,2,11,1,,,4,4,,2024-04-17 20:11
200898,20089802,25,2022,41,5,1,872,2021m1,1,247,1,2,11,2,98,2,3,4,,2024-04-17 20:11
200898,20089803,25,2022,16,2,,,,,,,1,11,1,,,,3,,2024-04-17 20:11
200899,20089901,25,2022,43,3,1,131,2003m3,1,753,1,2,11,1,950,1,3,4,,2024-04-17 20:11
200899,20089902,25,2022,41,5,2,911,2021m11,4,432,2,2,11,2,100,,3,4,,2024-04-17 20:11
200900,20090001,25,2022,47,3,1,303,2013m1,1,842,1,2,11,1,296,2,3,4,,2024-04-17 20:11
200901,20090101,25,2022,67,2,2,478,1972m1,4,521,2,2,15,1,200,,3,3,,2024-04-17 20:11
200901,20090102,25,2022,66,3,,,,,,,2,15,2,,,,3,,2024-04-17 20:11
200902,20090201,25,2022,74,2,,,,,,,3,15,2,,,,6,,2024-04-17 20:11
200902,20090202,25,2022,52,2,,,,,,,3,15,1,,,,6,,2024-04-17 20:11
200903,20090301,25,2022,84,3,,,,,,,3,15,1,,,,4,,2024-04-17 20:11
200904,20090401,25,2022,92,1,,,,,,,3,15,2,,,,6,,2024-04-17 20:11
200904,20090402,25,2022,73,3,,,,,,,3,15,1,,,,6,,2024-04-17 20:11
200907,20090701,25,2022,81,3,,,,,,,2,15,1,,,,4,,2024-04-17 20:11
200907,20090702,25,2022,76,2,2,472,1998m7,4,521,2,2,15,2,50,,3,5,,2024-04-17 20:11
200908,20090801,25,2022,82,1,,,,,,,3,15,2,,,,6,,2024-04-17 20:11
200909,20090901,25,2022,79,2,,,,,,,3,15,1,,,,5,,2024-04-17 20:11
200910,20091001,25,2022,63,3,1,863,2020m2,2,799,1,2,15,1,180,2,3,4,,2024-04-17 20:11
200910,20091002,25,2022,56,3,,,,,,,2,15,2,,,,4,,2024-04-17 20:11
200911,20091101,25,2022,57,3,,,,,,,2,7,2,,,,4,,2024-04-17 20:11
200911,20091102,25,2022,56,3,1,301,1990m3,1,874,1,2,7,1,550,1,2,4,,2024-04-17 20:11
210267,20091103,25,2022,28,6,1,492,2022m1,1,872,1,1,2,1,290,1,2,5,,2024-04-17 20:11
200911,20091104,25,2022,19,4,,,,,,,1,7,1,,,,3,,2024-04-17 20:11
200912,20091201,25,2022,67,6,1,311,2021m11,1,239,1,2,7,1,330,1,2,4,,2024-04-17 20:11
200912,20091202,25,2022,66,5,,,,,,,2,7,2,,,,4,,2024-04-17 20:11
200913,20091301,25,2022,74,6,1,739,2014m3,1,139,1,2,7,1,100,1,2,3,,2024-04-17 20:11
200913,20091302,25,2022,72,3,,,,,,,2,7,2,,,,4,,2024-04-17 20:11
200914,20091401,25,2022,58,3,1,301,1987m3,1,312,1,2,7,1,650,1,2,3,,2024-04-17 20:11
200914,20091402,25,2022,55,3,,,,,,,2,7,2,,,,3,,2024-04-17 20:11
200915,20091501,25,2022,66,3,2,424,2010m3,4,783,2,2,7,1,200,,3,3,,2024-04-17 20:11
200915,20091502,25,2022,63,2,,,,,,,2,7,2,,,,3,,2024-04-17 20:11
200915,20091503,25,2022,37,6,1,863,2018m3,2,399,1,1,7,2,210,2,2,4,,2024-04-17 20:11
200917,20091701,25,2022,62,3,,,,,,,2,7,1,,,,4,,2024-04-17 20:11
200917,20091702,25,2022,60,3,1,851,2015m2,1,873,1,2,7,2,80,2,2,4,,2024-04-17 20:11
200917,20091703,25,2022,30,6,,,,,,,1,7,1,,,,3,,2024-04-17 20:11
200917,20091704,25,2022,28,6,,,,,,,1,7,2,,,,4,,2024-04-17 20:11
200918,20091801,25,2022,74,2,,,,,,,2,7,1,,,,4,,2024-04-17 20:11
200918,20091802,25,2022,72,2,,,,,,,2,7,2,,,,4,,2024-04-17 20:11
200919,20091901,25,2022,67,2,1,311,2011m3,1,752,1,2,7,1,150,1,4,4,,2024-04-17 20:11
200919,20091902,25,2022,62,3,,,,,,,2,7,2,,,,4,,2024-04-17 20:11
200920,20092001,25,2022,70,2,2,474,1988m3,4,521,2,2,7,1,400,,2,3,,2024-04-17 20:11
200920,20092002,25,2022,68,2,3,474,1988m10,5,521,2,2,7,2,,,2,3,,2024-04-17 20:11
200920,20092003,25,2022,40,5,1,856,2017m3,1,254,1,1,7,2,150,1,3,4,,2024-04-17 20:11
200921,20092101,25,2022,64,3,,,,,,,2,7,1,,,,3,,2024-04-17 20:11
200921,20092102,25,2022,62,3,,,,,,,2,7,2,,,,3,,2024-04-17 20:11
200921,20092103,25,2022,35,6,,,,,,,1,7,2,,,,5,,2024-04-17 20:11
200923,20092301,25,2022,70,3,,,,,,,2,7,1,,,,5,,2024-04-17 20:11
200923,20092302,25,2022,65,3,1,872,2015m5,1,421,1,2,7,2,120,2,3,4,,2024-04-17 20:11
210010,20092303,25,2022,38,5,1,311,2019m1,1,851,1,2,7,1,300,1,3,4,,2024-04-17 20:11
210010,20092304,25,2022,35,5,1,862,2022m5,1,246,1,2,7,2,240,1,2,4,,2024-04-17 20:11
200924,20092401,25,2022,68,3,,,,,,,2,7,1,,,,4,,2024-04-17 20:11
200924,20092402,25,2022,67,2,1,651,2020m6,1,510,1,2,7,2,170,2,3,4,,2024-04-17 20:11
200925,20092501,25,2022,65,3,1,751,2018m10,1,942,1,2,7,1,200,2,4,4,,2024-04-17 20:11
200925,20092502,25,2022,62,2,,,,,,,2,7,2,,,,4,,2024-04-17 20:11
200926,20092601,25,2022,55,5,1,412,1986m4,1,231,1,2,15,1,790,1,2,4,,2024-04-17 20:11
200926,20092602,25,2022,55,6,1,856,2013m1,2,254,1,2,15,2,75,2,3,4,,2024-04-17 20:11
200926,20092603,25,2022,28,6,1,911,2021m8,2,286,1,1,15,1,250,2,2,4,,2024-04-17 20:11
200926,20092604,25,2022,27,6,,,,,,,1,15,1,,,,4,,2024-04-17 20:11
200927,20092701,25,2022,44,6,1,262,2005m3,1,312,1,2,15,1,550,1,2,4,,2024-04-17 20:11
200927,20092702,25,2022,45,5,1,871,2016m11,1,243,1,2,15,2,235,1,2,4,,2024-04-17 20:11
200928,20092801,25,2022,38,5,1,259,2014m4,1,851,1,2,3,1,250,1,2,4,,2024-04-17 20:11
200928,20092802,25,2022,38,5,1,561,2019m6,2,952,1,2,3,2,100,2,3,4,,2024-04-17 20:11
200929,20092901,25,2022,69,2,2,411,1992m3,4,782,2,2,14,1,250,,3,4,,2024-04-17 20:11
200929,20092902,25,2022,64,2,,,,,,,2,14,2,,,,4,,2024-04-17 20:11
200930,20093001,25,2022,73,3,2,291,1989m6,4,851,2,3,14,1,300,,2,4,,2024-04-17 20:11
200931,20093101,25,2022,82,1,,,,,,,3,14,2,,,,6,,2024-04-17 20:11
200932,20093201,25,2022,65,2,2,479,1990m5,4,922,2,2,14,1,100,,3,4,,2024-04-17 20:11
200932,20093202,25,2022,65,2,1,479,2012m3,2,922,1,2,14,2,120,2,3,4,,2024-04-17 20:11
210081,20093203,25,2022,38,6,,,,,,,2,14,2,,,,4,,2024-04-17 20:11
200933,20093301,25,2022,67,2,,,,,,,2,3,1,,,,4,,2024-04-17 20:11
200933,20093302,25,2022,63,2,2,11,2021m2,4,611,2,2,3,2,,,3,4,,2024-04-17 20:11
200933,20093303,25,2022,36,6,1,479,2014m5,1,313,1,1,3,2,240,2,3,4,,2024-04-17 20:11
200933,20093304,25,2022,31,5,,,,,,,1,3,1,,,,4,,2024-04-17 20:11
200934,20093401,25,2022,56,3,2,273,2000m1,4,741,2,3,3,1,200,,3,5,,2024-04-17 20:11
200934,20093402,25,2022,33,5,,,,,,,1,3,1,,,,5,,2024-04-17 20:11
200935,20093501,25,2022,78,1,,,,,,,3,3,2,,,,5,,2024-04-17 20:11
200936,20093601,25,2022,79,2,1,872,2019m6,2,,1,2,3,1,27,2,3,5,,2024-04-17 20:11
200936,20093602,25,2022,81,3,,,,,,,2,3,2,,,,5,,2024-04-17 20:11
200936,20093603,25,2022,43,5,,,,,,,1,3,1,,,,5,,2024-04-17 20:11
200937,20093701,25,2022,71,2,1,472,2020m8,2,521,1,1,3,1,60,2,3,5,,2024-04-17 20:11
200938,20093801,25,2022,68,6,,,,,,,2,3,1,,,,5,,2024-04-17 20:11
200938,20093802,25,2022,70,3,1,682,2021m5,1,941,1,2,3,2,135,2,3,5,,2024-04-17 20:11
200938,20093803,25,2022,46,5,1,862,2015m1,1,245,1,1,3,1,250,1,3,4,,2024-04-17 20:11
200939,20093901,25,2022,44,5,,,,,,,1,14,1,,,,4,,2024-04-17 20:11
200940,20094001,25,2022,45,6,1,843,2013m3,1,222,1,2,3,1,350,1,2,4,,2024-04-17 20:11
200940,20094002,25,2022,43,5,,,,,,,2,3,2,,,,4,,2024-04-17 20:11
200941,20094101,25,2022,48,6,1,411,2004m3,1,312,1,2,3,1,330,1,3,4,,2024-04-17 20:11
200941,20094102,25,2022,48,3,,,,,,,2,3,2,,,,4,,2024-04-17 20:11
200942,20094201,25,2022,42,6,2,493,2015m3,4,873,2,2,3,1,400,,4,5,,2024-04-17 20:11
200942,20094202,25,2022,38,5,,,,,,,2,3,2,,,,5,,2024-04-17 20:11
200943,20094301,25,2022,48,3,,,,,,,3,3,1,,,,6,,2024-04-17 20:11
200944,20094401,25,2022,51,2,1,424,2018m3,1,782,1,2,3,1,280,1,3,5,,2024-04-17 20:11
200944,20094402,25,2022,39,3,,,,,,,2,3,2,,,,5,,2024-04-17 20:11
200945,20094501,25,2022,76,2,,,,,,,2,3,1,,,,5,,2024-04-17 20:11
200945,20094502,25,2022,71,2,,,,,,,2,3,2,,,,5,,2024-04-17 20:11
200946,20094601,25,2022,86,2,2,11,2018m3,4,611,2,2,8,1,50,,4,5,,2024-04-17 20:11
200946,20094602,25,2022,81,2,,,,,,,2,8,2,,,,5,,2024-04-17 20:11
200947,20094701,25,2022,42,6,1,949,2007m2,1,312,1,2,8,1,500,1,2,4,,2024-04-17 20:11
200947,20094702,25,2022,41,5,,,,,,,2,8,2,,,,4,,2024-04-17 20:11
200948,20094801,25,2022,77,2,,,,,,,3,8,2,,,,4,,2024-04-17 20:11
200949,20094901,25,2022,51,3,1,872,2016m1,1,873,1,2,8,1,250,1,3,4,,2024-04-17 20:11
200949,20094902,25,2022,45,6,1,872,2021m8,2,421,1,2,8,2,138,2,2,4,,2024-04-17 20:11
200949,20094903,25,2022,22,5,1,620,2021m12,1,222,1,1,8,2,210,1,3,4,,2024-04-17 20:11
200949,20094904,25,2022,15,2,,,,,,,1,8,2,,,,3,,2024-04-17 20:11
200950,20095001,25,2022,39,6,1,862,2010m5,1,245,1,2,8,1,650,1,2,4,,2024-04-17 20:11
200950,20095002,25,2022,34,6,,,,,,,2,8,2,,,,4,,2024-04-17 20:11
200952,20095201,25,2022,47,6,1,853,2011m3,1,251,1,2,8,1,350,2,3,4,,2024-04-17 20:11
200954,20095403,25,2022,39,3,,,,,,,2,8,2,,,,5,,2024-04-17 20:11
200955,20095501,25,2022,81,2,,,,,,,3,8,2,,,,5,,2024-04-17 20:11
200956,20095601,25,2022,62,2,2,233,1998m6,4,875,2,2,8,1,700,,3,3,,2024-04-17 20:11
200956,20095602,25,2022,60,2,2,141,2015m9,4,721,2,2,8,2,50,,3,3,,2024-04-17 20:11
200956,20095603,25,2022,33,6,1,259,2021m1,1,312,1,2,8,1,400,1,3,3,,2024-04-17 20:11
200956,20095604,25,2022,30,6,1,841,2019m8,1,311,1,1,8,1,270,1,3,3,,2024-04-17 20:11
200957,20095701,25,2022,67,6,1,241,2018m12,1,273,1,2,8,1,200,2,3,4,,2024-04-17 20:11
200957,20095702,25,2022,66,6,,,,,,,2,8,2,,,,4,,2024-04-17 20:11
200957,20095703,25,2022,37,6,2,732,2021m5,4,285,2,1,8,1,100,,3,4,,2024-04-17 20:11
200958,20095801,25,2022,63,3,2,949,2008m7,4,248,2,3,8,2,70,,4,5,,2024-04-17 20:11
210011,20095802,25,2022,29,6,1,949,2022m10,2,248,1,2,8,2,60,2,2,4,,2024-04-17 20:11
200959,20095901,25,2022,74,3,1,872,2019m3,2,312,1,2,16,2,27,2,2,5,,2024-04-17 20:11
200959,20095902,25,2022,80,6,,,,,,,2,16,1,,,,5,,2024-04-17 20:11
200960,20096001,25,2022,49,6,1,841,2004m4,1,311,1,2,16,1,340,1,3,4,,2024-04-17 20:11
200962,20096201,25,2022,49,3,1,521,2014m12,1,922,1,1,8,1,280,2,3,5,,2024-04-17 20:11
200963,20096301,25,2022,54,3,1,478,2021m1,2,314,1,3,8,2,200,2,3,5,,2024-04-17 20:11
200963,20096302,25,2022,22,4,,,,,,,1,8,1,,,,5,,2024-04-17 20:11
200964,20096401,25,2022,57,4,1,213,2019m3,1,274,1,2,8,1,300,1,3,4,,2024-04-17 20:11
200964,20096402,25,2022,57,5,1,861,2009m2,1,246,1,2,8,2,250,1,3,4,,2024-04-17 20:11
200964,20096403,25,2022,28,3,,,,,,,1,8,1,,,,5,,2024-04-17 20:11
200964,20096404,25,2022,25,4,,,,,,,1,8,1,,,,4,,2024-04-17 20:11
200966,20096601,25,2022,64,2,1,411,1978m3,3,782,1,3,8,1,150,2,4,6,,2024-04-17 20:11
200967,20096701,25,2022,36,6,1,631,2017m12,1,222,1,2,8,1,840,1,2,3,,2024-04-17 20:11
200967,20096702,25,2022,33,6,,,,,,,2,8,2,,,,3,,2024-04-17 20:11
200969,20096901,25,2022,38,6,1,582,2019m10,1,222,1,2,8,1,370,1,3,5,,2024-04-17 20:11
200969,20096902,25,2022,39,6,,,,,,,2,8,2,,,,5,,2024-04-17 20:11
200970,20097001,25,2022,56,3,1,463,2016m9,2,532,1,3,8,2,220,2,3,5,,2024-04-17 20:11
200970,20097002,25,2022,31,5,1,713,2022m2,1,273,1,1,8,2,250,1,3,5,,2024-04-17 20:11
210268,20097003,25,2022,29,3,2,561,2022m6,4,442,2,1,8,1,300,,2,5,,2024-04-17 20:11
200971,20097101,25,2022,62,3,,,,,,,2,8,2,,,,5,,2024-04-17 20:11
200971,20097102,25,2022,39,6,1,581,2014m5,1,312,1,1,8,1,290,1,3,5,,2024-04-17 20:11
200971,20097103,25,2022,37,6,1,582,2015m3,1,222,1,1,8,1,290,1,3,5,,2024-04-17 20:11
200972,20097201,25,2022,42,6,1,651,2007m1,1,222,1,2,8,1,550,1,2,4,,2024-04-17 20:11
200972,20097202,25,2022,42,6,,,,,,,2,8,2,,,,5,,2024-04-17 20:11
200973,20097301,25,2022,70,3,1,423,2020m1,3,762,1,2,8,1,200,2,3,5,,2024-04-17 20:11
200973,20097302,25,2022,68,3,,,,,,,2,8,2,,,,5,,2024-04-17 20:11
200974,20097401,25,2022,75,2,1,872,2020m10,1,873,1,2,8,1,130,2,3,5,,2024-04-17 20:11
200974,20097402,25,2022,67,3,,,,,,,2,8,2,,,,5,,2024-04-17 20:11
200975,20097501,25,2022,76,3,,,,,,,2,8,1,,,,5,,2024-04-17 20:11
200975,20097502,25,2022,76,3,,,,,,,2,8,2,,,,5,,2024-04-17 20:11
200976,20097601,25,2022,47,3,,,,,,,2,8,2,,,,5,,2024-04-17 20:11
200976,20097602,25,2022,46,3,2,582,2005m1,4,222,2,2,8,1,350,,2,5,,2024-04-17 20:11
200976,20097603,25,2022,17,2,,,,,,,1,8,1,,,,5,,2024-04-17 20:11
200976,20097604,25,2022,15,2,,,,,,,1,8,2,,,,5,,2024-04-17 20:11
200977,20097701,25,2022,64,3,1,743,2013m1,3,612,1,2,8,1,150,2,3,5,,2024-04-17 20:11
200977,20097702,25,2022,62,3,1,872,2020m10,1,421,1,2,8,2,74,2,3,5,,2024-04-17 20:11
200978,20097801,25,2022,47,6,2,733,2005m1,4,284,2,2,8,1,200,,3,4,,2024-04-17 20:11
200978,20097802,25,2022,44,6,1,852,2003m3,1,252,1,2,8,2,350,1,2,4,,2024-04-17 20:11
200979,20097901,25,2022,67,2,,,,,,,2,8,1,,,,3,,2024-04-17 20:11
200979,20097902,25,2022,61,3,1,851,2019m8,2,941,1,2,8,2,155,2,2,3,,2024-04-17 20:11
200980,20098002,25,2022,43,3,1,872,2018m2,1,392,1,2,8,2,230,2,3,5,,2024-04-17 20:11
200980,20098003,25,2022,18,2,,,,,,,1,8,1,,,,5,,2024-04-17 20:11
200980,20098004,25,2022,15,2,,,,,,,1,8,1,,,,5,,2024-04-17 20:11
200981,20098101,25,2022,57,2,1,284,1988m2,1,863,1,2,8,1,330,1,3,5,,2024-04-17 20:11
200981,20098102,25,2022,54,3,2,561,2022m4,4,441,2,2,8,2,300,,3,5,,2024-04-17 20:11
200981,20098103,25,2022,30,6,3,561,2022m4,5,521,2,1,8,1,,,3,5,,2024-04-17 20:11
200982,20098201,25,2022,35,4,1,661,2012m3,1,272,1,2,8,1,340,1,2,3,,2024-04-17 20:11
200982,20098202,25,2022,33,4,,,,,,,2,8,2,,,,3,,2024-04-17 20:11
200983,20098301,25,2022,63,3,1,742,2018m2,2,941,1,2,8,1,210,2,2,4,,2024-04-17 20:11
200983,20098302,25,2022,55,3,1,742,2020m1,2,941,1,2,8,2,180,2,3,4,,2024-04-17 20:11
200985,20098501,25,2022,61,3,1,424,2018m1,3,783,1,2,8,1,80,2,2,5,,2024-04-17 20:11
200985,20098502,25,2022,59,3,,,,,,,2,8,2,,,,4,,2024-04-17 20:11
200985,20098504,25,2022,29,6,1,844,2017m12,1,411,1,1,8,2,250,1,2,4,,2024-04-17 20:11
200986,20098601,25,2022,68,2,1,239,1973m6,2,843,1,2,8,1,80,2,2,5,,2024-04-17 20:11
200986,20098602,25,2022,69,2,,,,,,,2,8,2,,,,5,,2024-04-17 20:11
200988,20098801,25,2022,40,6,1,107,2015m2,1,312,1,2,8,1,243,1,3,5,,2024-04-17 20:11
200988,20098802,25,2022,41,6,,,,,,,2,8,2,,,,5,,2024-04-17 20:11
200989,20098901,25,2022,30,6,1,861,2016m8,1,312,1,2,8,1,220,1,3,3,,2024-04-17 20:11
200990,20099001,25,2022,56,3,1,743,2015m5,3,612,1,3,8,1,180,2,3,5,,2024-04-17 20:11
200992,20099201,25,2022,50,3,1,144,2003m2,1,822,1,2,8,1,260,1,3,4,,2024-04-17 20:11
200992,20099202,25,2022,46,3,2,144,1996m2,4,721,2,2,8,2,300,,2,3,,2024-04-17 20:11
200992,20099203,25,2022,26,3,1,561,2021m1,1,442,1,1,8,1,260,1,3,4,,2024-04-17 20:11
200992,20099204,25,2022,24,5,1,473,2022m1,1,531,1,1,8,2,260,1,3,3,,2024-04-17 20:11
200996,20099601,25,2022,68,3,1,969,2021m1,2,951,1,3,8,2,64,2,3,5,,2024-04-17 20:11
200996,20099602,25,2022,44,6,1,682,2021m3,2,762,1,1,8,1,280,2,3,5,,2024-04-17 20:11
200997,20099701,25,2022,33,5,1,411,2018m7,1,313,1,2,1,2,400,1,2,3,,2024-04-17 20:11
200997,20099702,25,2022,40,6,1,411,2016m3,1,510,1,2,1,1,1800,1,3,3,,2024-04-17 20:11
201000,20100001,25,2022,42,6,1,852,2008m3,1,252,1,2,8,1,400,1,2,3,,2024-04-17 20:11
201000,20100002,25,2022,41,6,1,851,2006m3,1,252,1,2,8,2,370,1,2,3,,2024-04-17 20:11
201001,20100101,25,2022,49,6,1,261,2004m10,1,312,1,2,8,1,950,1,3,4,,2024-04-17 20:11
201001,20100102,25,2022,40,6,1,521,2022m3,2,921,1,2,8,2,80,2,2,4,,2024-04-17 20:11
201002,20100201,25,2022,43,3,1,261,1996m8,1,234,1,3,8,2,720,1,2,4,,2024-04-17 20:11
201002,20100202,25,2022,16,2,,,,,,,1,8,1,,,,5,,2024-04-17 20:11
201003,20100301,25,2022,39,5,1,261,2008m3,1,234,1,2,10,1,340,1,2,4,,2024-04-17 20:11
201003,20100302,25,2022,35,3,1,261,2007m8,1,863,1,2,10,2,320,1,2,4,,2024-04-17 20:11
201005,20100501,25,2022,39,6,1,292,2016m7,1,234,1,2,8,1,450,1,2,4,,2024-04-17 20:11
201005,20100502,25,2022,37,6,,,,,,,2,8,2,,,,4,,2024-04-17 20:11
201006,20100601,25,2022,46,5,1,952,2015m2,1,751,1,2,8,1,380,1,3,5,,2024-04-17 20:11
201006,20100602,25,2022,43,3,,,,,,,2,8,2,,,,5,,2024-04-17 20:11
201007,20100702,25,2022,73,2,2,912,2008m3,4,521,2,3,8,2,200,,3,5,,2024-04-17 20:11
210269,20100703,25,2022,47,2,,,,,,,2,8,1,,,,6,,2024-04-17 20:11
210269,20100704,25,2022,27,3,,,,,,,2,8,2,,,,5,,2024-04-17 20:11
201008,20100801,25,2022,57,3,1,467,2010m1,1,941,1,2,8,1,190,1,3,5,,2024-04-17 20:11
201008,20100802,25,2022,56,3,,,,,,,2,8,2,,,,5,,2024-04-17 20:11
201008,20100804,25,2022,32,3,1,862,2018m3,1,422,1,1,8,2,190,1,3,5,,2024-04-17 20:11
201009,20100901,25,2022,54,3,1,411,1998m1,3,783,1,2,8,1,200,2,3,5,,2024-04-17 20:11
201009,20100902,25,2022,51,3,1,291,2020m2,1,930,1,2,8,2,190,1,3,5,,2024-04-17 20:11
201009,20100903,25,2022,25,4,,,,,,,1,8,1,,,,5,,2024-04-17 20:11
201009,20100904,25,2022,21,5,,,,,,,1,8,2,,,,5,,2024-04-17 20:11
201010,20101001,25,2022,55,6,1,844,1993m1,1,411,1,2,11,1,640,1,2,3,,2024-04-17 20:11
201010,20101002,25,2022,54,3,1,101,2014m1,1,710,1,2,11,2,197,1,3,4,,2024-04-17 20:11
201010,20101003,25,2022,27,6,1,841,2019m10,1,311,1,1,11,2,215,1,3,3,,2024-04-17 20:11
201010,20101004,25,2022,25,6,,,,,,,1,11,2,,,,4,,2024-04-17 20:11
201010,20101005,25,2022,20,4,,,,,,,1,11,1,,,,3,,2024-04-17 20:11
201011,20101101,25,2022,82,2,,,,,,,2,15,2,,,,4,,2024-04-17 20:11
201011,20101102,25,2022,78,2,,,,,,,2,15,1,,,,5,,2024-04-17 20:11
201013,20101302,25,2022,75,2,,,,,,,3,15,2,,,,4,,2024-04-17 20:11
201015,20101501,25,2022,74,2,1,851,2016m2,2,942,1,2,15,1,150,2,2,4,,2024-04-17 20:11
201015,20101502,25,2022,74,2,,,,,,,2,15,2,,,,4,,2024-04-17 20:11
201016,20101601,25,2022,61,3,2,477,1984m5,4,922,2,2,15,1,360,,2,4,,2024-04-17 20:11
201016,20101602,25,2022,59,3,,,,,,,2,15,2,,,,4,,2024-04-17 20:11
201017,20101701,25,2022,73,2,,,,,,,3,15,2,,,,5,,2024-04-17 20:11
201018,20101801,25,2022,66,2,,,,,,,1,15,1,,,,6,,2024-04-17 20:11
201019,20101901,25,2022,83,2,,,,,,,2,15,1,,,,4,,2024-04-17 20:11
201019,20101902,25,2022,77,1,,,,,,,2,15,2,,,,5,,2024-04-17 20:11
201020,20102001,25,2022,74,2,1,872,2022m1,2,,1,2,15,1,27,2,2,5,,2024-04-17 20:11
201020,20102002,25,2022,68,2,,,,,,,2,15,2,,,,5,,2024-04-17 20:11
201020,20102003,25,2022,21,3,1,259,2020m6,1,851,1,1,15,1,200,1,3,5,,2024-04-17 20:11
201021,20102101,25,2022,59,3,1,861,2019m9,1,312,1,2,15,1,320,1,2,4,,2024-04-17 20:11
201021,20102102,25,2022,56,3,1,872,2022m1,1,421,1,2,15,2,200,1,2,4,,2024-04-17 20:11
201022,20102201,25,2022,77,2,1,841,2021m6,2,,1,2,15,1,27,2,2,4,,2024-04-17 20:11
201022,20102202,25,2022,70,2,,,,,,,2,15,2,,,,4,,2024-04-17 20:11
201023,20102301,25,2022,70,2,1,872,2021m10,1,421,1,3,15,2,50,2,2,5,,2024-04-17 20:11
201024,20102401,25,2022,55,2,2,493,2022m1,4,873,2,2,15,1,500,,2,4,,2024-04-17 20:11
201024,20102402,25,2022,51,6,,,,,,,2,15,2,,,,4,,2024-04-17 20:11
201024,20102403,25,2022,23,6,1,862,2022m4,1,245,1,1,15,1,185,1,3,4,,2024-04-17 20:11
201024,20102404,25,2022,21,4,,,,,,,1,15,2,,,,4,,2024-04-17 20:11
201025,20102501,25,2022,55,6,2,421,1997m5,4,231,2,2,15,1,700,,2,3,,2024-04-17 20:11
201025,20102502,25,2022,55,6,,,,,,,2,15,2,,,,3,,2024-04-17 20:11
201025,20102503,25,2022,31,6,1,421,2019m1,1,312,1,1,15,2,300,1,2,4,,2024-04-17 20:11
201025,20102504,25,2022,29,6,1,851,2020m3,1,252,1,1,15,2,280,1,2,3,,2024-04-17 20:11
201026,20102601,25,2022,40,3,1,303,2020m8,1,851,1,2,15,1,270,1,3,4,,2024-04-17 20:11
201026,20102602,25,2022,38,3,,,,,,,2,15,2,,,,5,,2024-04-17 20:11
201028,20102801,25,2022,62,2,,,,,,,2,15,1,,,,6,,2024-04-17 20:11
201028,20102802,25,2022,57,2,,,,,,,2,15,2,,,,6,,2024-04-17 20:11
201029,20102901,25,2022,70,3,1,751,2021m7,2,942,1,2,7,1,200,2,3,4,,2024-04-17 20:11
201029,20102902,25,2022,67,2,,,,,,,2,7,2,,,,4,,2024-04-17 20:11
201030,20103001,25,2022,70,2,2,11,2005m1,4,611,2,2,14,1,80,,3,5,,2024-04-17 20:11
201030,20103002,25,2022,66,2,3,11,1978m5,5,611,2,2,14,2,,,3,5,,2024-04-17 20:11
201031,20103101,25,2022,67,3,2,11,1975m3,4,611,2,2,14,1,200,,2,4,,2024-04-17 20:11
201031,20103102,25,2022,64,2,3,11,1982m10,5,611,2,2,14,2,,,2,4,,2024-04-17 20:11
201032,20103201,25,2022,77,6,,,,,,,2,14,1,,,,3,,2024-04-17 20:11
201032,20103202,25,2022,72,4,,,,,,,2,14,2,,,,3,,2024-04-17 20:11
201033,20103301,25,2022,46,6,,,,,,,1,14,2,,,,5,,2024-04-17 20:11
201034,20103401,25,2022,71,2,2,11,2002m3,4,611,2,2,14,1,200,,2,3,,2024-04-17 20:11
201034,20103402,25,2022,67,2,3,11,1979m5,5,611,2,2,14,2,,,2,3,,2024-04-17 20:11
201036,20103601,25,2022,55,3,1,101,1990m5,1,811,1,2,14,1,300,1,2,3,,2024-04-17 20:11
201036,20103602,25,2022,56,3,2,11,2010m5,4,611,2,2,14,2,200,,2,3,,2024-04-17 20:11
201037,20103701,25,2022,56,3,2,465,1999m5,4,521,2,2,14,1,400,,2,4,,2024-04-17 20:11
201037,20103702,25,2022,50,5,1,872,2015m1,1,247,1,2,14,2,220,1,3,4,,2024-04-17 20:11
201038,20103801,25,2022,62,5,,,,,,,2,14,1,,,,4,,2024-04-17 20:11
201038,20103802,25,2022,61,3,1,471,2018m7,2,521,1,2,14,2,159,2,3,4,,2024-04-17 20:11
201039,20103901,25,2022,48,5,1,181,2013m5,1,892,1,2,14,1,320,1,2,4,,2024-04-17 20:11
201040,20104001,25,2022,49,6,1,471,1999m1,1,312,1,2,14,1,250,1,4,4,,2024-04-17 20:11
201040,20104002,25,2022,46,6,,,,,,,2,14,2,,,,4,,2024-04-17 20:11
201041,20104102,25,2022,53,3,,,,,,,3,3,2,,,,4,,2024-04-17 20:11
201041,20104103,25,2022,26,4,1,242,2022m4,1,312,1,1,3,1,350,1,2,4,,2024-04-17 20:11
201041,20104104,25,2022,23,5,,,,,,,1,3,2,,,,4,,2024-04-17 20:11
201042,20104201,25,2022,44,6,2,451,2010m5,4,510,2,2,3,1,400,,3,4,,2024-04-17 20:11
201042,20104202,25,2022,39,5,,,,,,,2,3,2,,,,4,,2024-04-17 20:11
201042,20104203,25,2022,15,2,,,,,,,1,3,2,,,,4,,2024-04-17 20:11
201043,20104301,25,2022,66,5,,,,,,,2,3,1,,,,4,,2024-04-17 20:11
201043,20104302,25,2022,60,3,1,411,2019m10,1,313,1,2,3,2,200,1,2,4,,2024-04-17 20:11
201045,20104501,25,2022,50,6,1,841,2010m3,1,311,1,2,3,1,450,1,2,4,,2024-04-17 20:11
201045,20104502,25,2022,47,6,,,,,,,2,3,2,,,,4,,2024-04-17 20:11
201045,20104503,25,2022,18,2,,,,,,,1,3,1,,,,4,,2024-04-17 20:11
201046,20104601,25,2022,50,6,1,841,2019m3,1,311,1,2,14,1,400,1,2,2,,2024-04-17 20:11
201046,20104602,25,2022,46,5,,,,,,,2,14,2,,,,2,,2024-04-17 20:11
201047,20104701,25,2022,92,6,,,,,,,2,14,1,,,,3,,2024-04-17 20:11
201047,20104702,25,2022,88,2,,,,,,,2,14,2,,,,3,,2024-04-17 20:11
201048,20104801,25,2022,74,3,,,,,,,2,3,1,,,,5,,2024-04-17 20:11
201048,20104802,25,2022,67,2,2,561,2005m5,4,441,2,2,3,2,250,,3,4,,2024-04-17 20:11
201048,20104803,25,2022,41,3,1,561,2020m2,2,442,1,3,3,2,190,2,3,4,,2024-04-17 20:11
201049,20104901,25,2022,66,1,,,,,,,3,6,2,,,,6,,2024-04-17 20:11
201050,20105001,25,2022,73,2,,,,,,,2,6,1,,,,6,,2024-04-17 20:11
201050,20105002,25,2022,69,2,1,561,2019m3,2,952,1,2,6,2,100,2,3,6,,2024-04-17 20:11
201051,20105101,25,2022,61,3,2,423,1998m3,4,762,2,2,6,1,350,,2,4,,2024-04-17 20:11
201051,20105102,25,2022,60,3,1,423,1998m3,1,313,1,2,6,2,190,1,2,4,,2024-04-17 20:11
210164,20105103,25,2022,35,6,1,423,2013m3,1,762,1,2,6,1,350,1,2,5,,2024-04-17 20:11
201051,20105104,25,2022,32,6,1,423,2016m3,1,762,1,1,6,1,350,1,3,4,,2024-04-17 20:11
201052,20105201,25,2022,65,3,2,952,2008m2,4,751,2,2,6,1,200,,2,5,,2024-04-17 20:11
201052,20105202,25,2022,61,3,,,,,,,2,6,2,,,,5,,2024-04-17 20:11
201052,20105203,25,2022,34,6,1,872,2018m3,1,247,1,1,6,2,200,1,2,5,,2024-04-17 20:11
201053,20105301,25,2022,51,3,2,303,2005m3,4,851,2,2,6,1,250,,3,5,,2024-04-17 20:11
201054,20105401,25,2022,88,2,1,841,2022m3,2,941,1,3,6,1,27,2,2,5,,2024-04-17 20:11
201055,20105501,25,2022,84,2,,,,,,,3,6,2,,,,5,,2024-04-17 20:11
201057,20105701,25,2022,44,5,1,861,2017m7,1,312,1,2,6,1,400,1,3,4,,2024-04-17 20:11
201057,20105702,25,2022,33,5,1,862,2021m6,1,243,1,2,6,2,260,1,3,3,,2024-04-17 20:11
201058,20105801,25,2022,70,3,2,492,2013m1,4,873,2,2,6,1,150,,3,4,,2024-04-17 20:11
201058,20105802,25,2022,64,3,,,,,,,2,6,2,,,,3,,2024-04-17 20:11
201059,20105901,25,2022,40,6,1,701,2015m3,1,235,1,2,4,1,600,1,2,3,,2024-04-17 20:11
201059,20105902,25,2022,34,6,,,,,,,2,4,2,,,,3,,2024-04-17 20:11
201060,20106001,25,2022,72,3,,,,,,,2,4,1,,,,5,,2024-04-17 20:11
201060,20106002,25,2022,73,3,,,,,,,2,4,2,,,,4,,2024-04-17 20:11
201060,20106003,25,2022,64,2,,,,,,,1,4,1,,,,4,,2024-04-17 20:11
201061,20106101,25,2022,75,5,,,,,,,2,4,1,,,,4,,2024-04-17 20:11
201061,20106102,25,2022,73,2,,,,,,,2,4,2,,,,4,,2024-04-17 20:11
201062,20106201,25,2022,88,6,,,,,,,2,4,1,,,,5,,2024-04-17 20:11
201062,20106202,25,2022,85,5,,,,,,,2,4,2,,,,4,,2024-04-17 20:11
201063,20106301,25,2022,61,3,2,461,2013m3,4,510,2,2,4,1,300,,2,6,,2024-04-17 20:11
201063,20106302,25,2022,57,3,1,472,2021m6,1,710,1,2,4,2,200,1,1,6,,2024-04-17 20:11
201064,20106401,25,2022,76,6,2,475,2008m4,4,521,2,2,4,1,200,,3,4,,2024-04-17 20:11
201064,20106402,25,2022,70,3,1,872,2019m5,2,421,1,2,4,2,180,2,2,4,,2024-04-17 20:11
201065,20106501,25,2022,62,3,,,,,,,3,4,2,,,,3,,2024-04-17 20:11
201065,20106502,25,2022,29,6,,,,,,,1,4,1,,,,3,,2024-04-17 20:11
201066,20106601,25,2022,90,1,,,,,,,3,4,2,,,,4,,2024-04-17 20:11
201067,20106701,25,2022,76,2,,,,,,,3,4,2,,,,3,,2024-04-17 20:11
201067,20106702,25,2022,50,5,2,231,1996m9,4,799,2,1,4,1,370,,2,3,,2024-04-17 20:11
201068,20106801,25,2022,43,6,1,701,2008m11,1,412,1,2,4,1,500,1,2,4,,2024-04-17 20:11
201068,20106802,25,2022,41,6,1,841,2005m3,1,311,1,2,4,2,350,1,3,4,,2024-04-17 20:11
201070,20107001,25,2022,48,6,2,581,2005m5,4,281,2,2,4,1,1000,,2,4,,2024-04-17 20:11
201070,20107002,25,2022,45,6,3,581,2005m5,5,313,2,2,4,2,,,2,4,,2024-04-17 20:11
201071,20107101,25,2022,80,2,1,641,2022m1,3,392,1,2,4,1,42,2,1,4,,2024-04-17 20:11
201071,20107102,25,2022,76,2,,,,,,,2,4,2,,,,4,,2024-04-17 20:11
201072,20107201,25,2022,61,2,,,,,,,1,11,1,,,,6,,2024-04-17 20:11
201073,20107301,25,2022,54,5,,,,,,,2,11,1,,,,4,,2024-04-17 20:11
201073,20107302,25,2022,53,3,,,,,,,2,11,2,,,,4,,2024-04-17 20:11
210082,20107303,25,2022,27,6,1,273,2021m5,1,234,1,1,8,1,277,1,2,4,,2024-04-17 20:11
201073,20107304,25,2022,23,4,,,,,,,1,11,1,,,,3,,2024-04-17 20:11
201074,20107401,25,2022,51,5,1,844,1992m5,1,311,1,2,5,1,463,1,2,4,,2024-04-17 20:11
201074,20107402,25,2022,49,6,1,852,2022m2,1,441,1,2,5,2,199,1,3,4,,2024-04-17 20:11
201074,20107403,25,2022,24,4,,,,,,,1,5,1,,,,4,,2024-04-17 20:11
201074,20107404,25,2022,19,4,,,,,,,1,5,1,,,,4,,2024-04-17 20:11
201076,20107601,25,2022,33,3,2,561,2022m2,4,441,2,1,4,1,400,,2,4,,2024-04-17 20:11
201079,20107901,25,2022,41,3,1,494,2021m9,3,922,1,1,12,1,150,2,4,6,,2024-04-17 20:11
201080,20108001,25,2022,55,4,1,872,2021m2,1,421,1,3,11,2,165,2,3,5,,2024-04-17 20:11
201081,20108101,25,2022,75,2,1,682,2022m4,1,942,1,2,11,1,197,2,3,5,,2024-04-17 20:11
201081,20108102,25,2022,70,2,1,742,2007m12,1,941,1,2,11,2,128,2,3,4,,2024-04-17 20:11
201082,20108201,25,2022,51,6,1,421,2021m7,1,782,1,2,11,1,524,1,2,3,,2024-04-17 20:11
201083,20108301,25,2022,64,3,1,851,2010m1,1,873,1,2,11,1,50,2,3,5,,2024-04-17 20:11
201083,20108302,25,2022,65,3,1,479,2020m1,2,922,1,2,11,2,65,2,3,5,,2024-04-17 20:11
201085,20108501,25,2022,28,2,1,494,2021m2,1,922,1,3,11,1,300,2,3,4,,2024-04-17 20:11
201086,20108601,25,2022,59,2,,,,,,,2,11,1,,,,6,,2024-04-17 20:11
201086,20108602,25,2022,61,2,2,478,2018m3,4,521,2,2,11,2,50,,4,5,,2024-04-17 20:11
201087,20108701,25,2022,56,3,1,411,1988m2,3,762,1,2,11,1,40,2,3,5,,2024-04-17 20:11
201087,20108702,25,2022,53,2,1,11,2018m4,1,612,1,2,11,2,175,2,3,4,,2024-04-17 20:11
201087,20108703,25,2022,33,3,1,471,2020m11,1,521,1,1,11,1,205,1,3,5,,2024-04-17 20:11
201088,20108801,25,2022,64,1,1,424,1974m5,3,783,1,2,11,1,200,2,3,5,,2024-04-17 20:11
201088,20108802,25,2022,57,2,1,303,2014m2,1,854,1,2,11,2,190,1,3,4,,2024-04-17 20:11
201089,20108901,25,2022,72,3,,,,,,,2,3,1,,,,4,,2024-04-17 20:11
201089,20108902,25,2022,72,2,,,,,,,2,3,2,,,,4,,2024-04-17 20:11
201089,20108903,25,2022,45,5,,,,,,,1,3,1,,,,4,,2024-04-17 20:11
201090,20109001,25,2022,60,2,2,492,1990m3,4,873,2,2,3,1,300,,4,4,,2024-04-17 20:11
201090,20109002,25,2022,58,2,,,,,,,2,3,2,,,,4,,2024-04-17 20:11
201091,20109101,25,2022,66,2,,,,,,,2,14,1,,,,4,,2024-04-17 20:11
201091,20109102,25,2022,65,2,,,,,,,2,14,2,,,,4,,2024-04-17 20:11
201092,20109202,25,2022,66,3,,,,,,,3,3,2,,,,4,,2024-04-17 20:11
201092,20109204,25,2022,39,5,,,,,,,1,3,2,,,,4,,2024-04-17 20:11
201093,20109301,25,2022,44,6,2,464,2017m5,4,274,2,2,3,1,400,,3,4,,2024-04-17 20:11
201093,20109302,25,2022,43,5,,,,,,,2,3,2,,,,4,,2024-04-17 20:11
201093,20109303,25,2022,17,2,,,,,,,1,3,1,,,,4,,2024-04-17 20:11
201093,20109304,25,2022,15,2,,,,,,,1,3,2,,,,4,,2024-04-17 20:11
201094,20109401,25,2022,64,3,2,493,2005m5,4,922,2,2,3,1,270,,2,4,,2024-04-17 20:11
201094,20109402,25,2022,62,2,,,,,,,2,3,2,,,,4,,2024-04-17 20:11
201094,20109403,25,2022,40,6,1,212,2007m5,1,312,1,1,3,1,450,1,2,3,,2024-04-17 20:11
210012,20109404,25,2022,38,5,1,861,2014m11,1,243,1,1,3,2,400,1,2,4,,2024-04-17 20:11
201095,20109501,25,2022,57,3,1,262,2008m3,1,842,1,2,3,1,350,1,2,4,,2024-04-17 20:11
201095,20109502,25,2022,49,3,,,,,,,2,3,2,,,,4,,2024-04-17 20:11
201095,20109503,25,2022,26,5,1,479,2017m5,2,399,1,1,3,2,200,2,3,4,,2024-04-17 20:11
201095,20109504,25,2022,23,5,,,,,,,1,3,2,,,,4,,2024-04-17 20:11
201095,20109505,25,2022,76,1,,,,,,,3,3,2,,,,6,,2024-04-17 20:11
201097,20109702,25,2022,61,3,,,,,,,3,3,2,,,,4,,2024-04-17 20:11
201097,20109703,25,2022,28,6,1,861,2021m7,1,244,1,1,3,2,210,1,3,4,,2024-04-17 20:11
201097,20109704,25,2022,27,5,,,,,,,1,3,2,,,,4,,2024-04-17 20:11
201098,20109801,25,2022,73,2,1,492,2020m2,1,873,1,2,3,1,150,2,3,4,,2024-04-17 20:11
201098,20109802,25,2022,67,2,,,,,,,2,3,2,,,,5,,2024-04-17 20:11
201098,20109803,25,2022,47,3,2,961,2021m7,4,422,2,1,3,2,300,,2,4,,2024-04-17 20:11
201098,20109804,25,2022,45,3,2,743,2015m5,4,612,2,1,3,1,300,,3,4,,2024-04-17 20:11
201099,20109901,25,2022,57,3,1,132,2005m4,1,753,1,2,3,1,250,1,3,5,,2024-04-17 20:11
201099,20109902,25,2022,53,3,,,,,,,2,3,2,,,,5,,2024-04-17 20:11
201100,20110001,25,2022,80,2,,,,,,,3,3,2,,,,5,,2024-04-17 20:11
201100,20110002,25,2022,46,3,1,561,2017m12,2,441,1,1,3,2,200,2,3,5,,2024-04-17 20:11
201101,20110101,25,2022,65,6,1,241,2018m2,1,922,1,2,3,1,230,1,3,5,,2024-04-17 20:11
201101,20110102,25,2022,66,3,1,561,2018m3,2,442,1,2,3,2,80,2,3,5,,2024-04-17 20:11
201102,20110201,25,2022,56,3,1,132,2002m5,1,753,1,2,3,1,250,1,3,4,,2024-04-17 20:11
201102,20110202,25,2022,50,2,1,561,2019m3,2,442,1,2,3,2,100,2,3,4,,2024-04-17 20:11
201104,20110401,25,2022,61,2,2,31,2013m3,4,630,2,2,13,1,200,,2,4,,2024-04-17 20:11
201104,20110402,25,2022,58,2,1,551,2022m6,2,941,1,2,13,2,200,2,2,4,,2024-04-17 20:11
201104,20110403,25,2022,81,1,,,,,,,3,13,2,,,,4,,2024-04-17 20:11
201104,20110404,25,2022,32,4,1,203,2020m8,1,236,1,1,13,1,300,1,2,4,,2024-04-17 20:11
201105,20110501,25,2022,59,2,2,31,1998m1,4,238,2,2,13,1,1000,,2,4,,2024-04-17 20:11
201105,20110502,25,2022,55,3,,,,,,,2,13,2,,,,3,,2024-04-17 20:11
201105,20110503,25,2022,29,4,1,31,2018m6,2,630,1,1,13,1,250,2,3,4,,2024-04-17 20:11
201105,20110504,25,2022,28,3,1,31,2018m6,1,630,1,1,13,1,250,1,4,5,,2024-04-17 20:11
201107,20110701,25,2022,76,2,,,,,,,2,13,1,,,,6,,2024-04-17 20:11
201107,20110702,25,2022,69,2,,,,,,,2,13,2,,,,6,,2024-04-17 20:11
201108,20110801,25,2022,76,2,,,,,,,2,13,1,,,,4,,2024-04-17 20:11
201108,20110802,25,2022,79,2,,,,,,,2,13,2,,,,5,,2024-04-17 20:11
201109,20110901,25,2022,74,2,,,,,,,3,13,1,,,,6,,2024-04-17 20:11
201110,20111001,25,2022,74,2,,,,,,,2,13,1,,,,6,,2024-04-17 20:11
201110,20111002,25,2022,71,2,,,,,,,2,13,2,,,,6,,2024-04-17 20:11
201111,20111101,25,2022,42,6,1,463,2006m5,1,312,1,2,12,1,380,1,2,4,,2024-04-17 20:11
201111,20111102,25,2022,42,3,,,,,,,2,12,2,,,,4,,2024-04-17 20:11
201112,20111202,25,2022,82,1,,,,,,,3,12,2,,,,6,,2024-04-17 20:11
201113,20111301,25,2022,45,3,1,952,2016m2,1,751,1,1,12,1,280,1,2,5,,2024-04-17 20:11
201114,20111401,25,2022,33,3,1,561,2021m3,1,710,1,2,12,2,280,1,2,4,,2024-04-17 20:11
201114,20111402,25,2022,34,6,1,107,2015m3,1,312,1,2,12,1,320,1,2,4,,2024-04-17 20:11
201115,20111501,25,2022,61,3,,,,,,,2,4,1,,,,4,,2024-04-17 20:11
201115,20111502,25,2022,61,6,1,854,1993m10,1,252,1,2,4,2,300,1,1,4,,2024-04-17 20:11
201115,20111503,25,2022,82,2,,,,,,,3,4,2,,,,3,,2024-04-17 20:11
201115,20111504,25,2022,26,6,,,,,,,1,4,1,,,,4,,2024-04-17 20:11
201116,20111601,25,2022,57,3,2,562,2021m6,4,441,2,3,4,2,200,,2,5,,2024-04-17 20:11
201116,20111602,25,2022,33,5,3,562,2022m1,5,442,2,1,4,1,,,3,5,,2024-04-17 20:11
201117,20111701,25,2022,65,3,1,721,2019m3,1,231,1,2,4,1,370,1,2,3,,2024-04-17 20:11
201117,20111702,25,2022,62,3,,,,,,,2,4,2,,,,3,,2024-04-17 20:11
201118,20111801,25,2022,61,3,2,11,2020m3,4,611,2,2,4,1,400,,3,4,,2024-04-17 20:11
201118,20111802,25,2022,61,3,,,,,,,2,4,2,,,,4,,2024-04-17 20:11
201119,20111901,25,2022,36,3,1,424,2010m5,1,783,1,2,4,1,320,1,2,4,,2024-04-17 20:11
201119,20111902,25,2022,40,5,1,479,2021m7,1,531,1,2,4,2,100,2,2,4,,2024-04-17 20:11
201120,20112001,25,2022,81,3,,,,,,,2,4,1,,,,3,,2024-04-17 20:11
201120,20112002,25,2022,80,2,1,841,2019m5,2,421,1,2,4,2,27,2,3,3,,2024-04-17 20:11
201122,20112201,25,2022,90,1,,,,,,,3,10,2,,,,5,,2024-04-17 20:11
201123,20112301,25,2022,65,2,1,71,2019m6,1,875,1,2,10,1,340,1,2,4,,2024-04-17 20:11
201123,20112302,25,2022,53,2,1,107,2021m9,1,441,1,2,10,2,170,1,2,4,,2024-04-17 20:11
201124,20112401,25,2022,67,2,1,961,2014m6,2,422,1,3,10,2,120,2,2,5,,2024-04-17 20:11
201125,20112501,25,2022,83,3,2,11,2001m3,4,611,2,2,11,1,13,,3,4,,2024-04-17 20:11
201125,20112502,25,2022,80,2,,,,,,,2,11,2,,,,4,,2024-04-17 20:11
201126,20112601,25,2022,88,2,,,,,,,3,11,2,,,,5,,2024-04-17 20:11
201127,20112701,25,2022,78,2,,,,,,,3,10,2,,,,6,,2024-04-17 20:11
201128,20112801,25,2022,88,1,,,,,,,3,11,2,,,,5,,2024-04-17 20:11
201129,20112901,25,2022,68,2,2,11,1996m3,4,611,2,2,11,2,42,,3,5,,2024-04-17 20:11
201129,20112902,25,2022,73,3,,,,,,,2,11,1,,,,5,,2024-04-17 20:11
201130,20113001,25,2022,81,2,,,,,,,3,11,2,,,,5,,2024-04-17 20:11
201131,20113101,25,2022,65,3,2,11,2016m3,4,611,2,3,11,1,300,,3,4,,2024-04-17 20:11
201132,20113201,25,2022,87,1,,,,,,,3,11,2,,,,6,,2024-04-17 20:11
201133,20113301,25,2022,71,2,2,11,1971m3,4,611,2,2,11,1,170,,3,4,,2024-04-17 20:11
201133,20113302,25,2022,71,2,3,11,1977m11,5,611,2,2,11,2,,,3,4,,2024-04-17 20:11
201134,20113401,25,2022,99,1,,,,,,,3,11,2,,,,5,,2024-04-17 20:11
201135,20113501,25,2022,76,3,,,,,,,2,11,1,,,,5,,2024-04-17 20:11
201135,20113502,25,2022,67,2,2,561,2010m5,4,441,2,2,11,2,120,,3,4,,2024-04-17 20:11
201137,20113701,25,2022,75,3,2,11,1966m3,4,611,2,2,11,1,200,,3,4,,2024-04-17 20:11
201137,20113702,25,2022,71,2,3,11,1986m3,5,611,2,2,11,2,,,3,4,,2024-04-17 20:11
201138,20113801,25,2022,53,3,1,162,2015m5,3,873,1,3,10,1,230,2,2,4,,2024-04-17 20:11
201138,20113802,25,2022,22,4,1,561,2019m6,3,442,1,1,10,2,72,2,3,4,,2024-04-17 20:11
201138,20113803,25,2022,19,3,1,303,2021m12,1,854,1,1,10,1,250,1,2,4,,2024-04-17 20:11
201138,20113804,25,2022,83,2,,,,,,,3,10,2,,,,5,,2024-04-17 20:11
201139,20113901,25,2022,70,2,,,,,,,3,10,1,,,,5,,2024-04-17 20:11
201141,20114101,25,2022,80,3,2,11,2001m3,4,611,2,2,10,1,35,,3,5,,2024-04-17 20:11
201141,20114102,25,2022,66,3,1,872,2022m2,3,941,1,2,10,2,27,2,3,5,,2024-04-17 20:11
201142,20114201,25,2022,65,3,1,107,2016m1,1,312,1,2,10,1,300,2,3,4,,2024-04-17 20:11
201142,20114202,25,2022,61,3,1,872,2021m4,2,429,1,2,10,2,113,2,3,4,,2024-04-17 20:11
201143,20114301,25,2022,70,2,2,11,2008m3,4,611,2,2,10,1,20,,3,5,,2024-04-17 20:11
201143,20114302,25,2022,70,2,1,872,2021m2,3,941,1,2,10,2,27,2,3,5,,2024-04-17 20:11
201144,20114401,25,2022,81,2,2,471,1997m6,4,521,2,3,10,2,10,,3,5,,2024-04-17 20:11
201145,20114501,25,2022,81,2,,,,,,,2,10,1,,,,5,,2024-04-17 20:11
201145,20114502,25,2022,74,2,1,872,2021m3,3,429,1,2,10,2,27,2,2,5,,2024-04-17 20:11
201146,20114601,25,2022,77,2,1,872,2019m2,3,941,1,3,10,2,27,2,2,5,,2024-04-17 20:11
201147,20114701,25,2022,76,3,1,872,2020m5,2,941,1,2,11,1,27,2,2,6,,2024-04-17 20:11
201147,20114702,25,2022,73,3,,,,,,,2,11,2,,,,6,,2024-04-17 20:11
201148,20114801,25,2022,60,3,1,423,2018m10,2,762,1,3,4,2,288,2,3,5,,2024-04-17 20:11
201148,20114802,25,2022,32,6,1,411,2022m3,1,312,1,1,4,2,195,1,3,5,,2024-04-17 20:11
201149,20114901,25,2022,46,6,2,452,2019m12,4,521,2,1,4,1,375,,2,5,,2024-04-17 20:11
201150,20115001,25,2022,39,6,1,582,2021m1,1,222,1,2,4,1,446,1,2,4,,2024-04-17 20:11
201150,20115002,25,2022,39,5,1,759,2019m3,1,399,1,2,4,2,80,2,2,4,,2024-04-17 20:11
201151,20115101,25,2022,80,2,,,,,,,3,4,1,,,,4,,2024-04-17 20:11
210013,20115102,25,2022,46,6,1,713,2020m1,1,273,1,1,4,2,290,1,3,5,,2024-04-17 20:11
201152,20115201,25,2022,65,3,1,493,2012m3,1,312,1,2,4,1,200,2,3,5,,2024-04-17 20:11
201152,20115202,25,2022,61,3,,,,,,,2,4,2,,,,4,,2024-04-17 20:11
201152,20115203,25,2022,30,6,1,842,2021m11,1,311,1,1,4,1,200,1,3,4,,2024-04-17 20:11
201154,20115401,25,2022,32,6,1,856,2020m3,2,286,1,1,19,2,108,2,3,4,,2024-04-17 20:11
201155,20115501,25,2022,91,1,,,,,,,3,10,2,,,,5,,2024-04-17 20:11
201155,20115502,25,2022,55,6,1,422,2020m5,3,792,1,3,10,1,400,2,3,4,,2024-04-17 20:11
201156,20115601,25,2022,53,5,1,611,2008m5,1,922,1,2,10,1,370,1,2,4,,2024-04-17 20:11
201156,20115602,25,2022,50,6,,,,,,,2,10,2,,,,4,,2024-04-17 20:11
201157,20115701,25,2022,78,2,,,,,,,3,10,2,,,,5,,2024-04-17 20:11
210083,20115702,25,2022,57,2,1,410,1993m3,3,910,1,1,10,1,180,2,3,5,,2024-04-17 20:11
201159,20115901,25,2022,48,3,1,493,2018m6,2,873,1,2,10,1,400,2,3,4,,2024-04-17 20:11
201159,20115902,25,2022,48,6,1,872,2020m9,1,247,1,2,10,2,195,1,2,4,,2024-04-17 20:11
201161,20116101,25,2022,56,3,2,475,1999m7,4,521,2,2,10,1,400,,2,4,,2024-04-17 20:11
201161,20116102,25,2022,57,3,3,475,1999m10,5,521,2,2,10,2,,,2,4,,2024-04-17 20:11
201161,20116103,25,2022,22,4,,,,,,,1,10,2,,,,5,,2024-04-17 20:11
201161,20116104,25,2022,21,3,,,,,,,1,10,1,,,,4,,2024-04-17 20:11
201162,20116201,25,2022,58,2,1,411,2020m6,3,141,1,2,10,1,300,2,3,4,,2024-04-17 20:11
201162,20116202,25,2022,52,3,1,261,2018m8,1,863,1,2,10,2,225,2,2,4,,2024-04-17 20:11
201162,20116203,25,2022,22,6,1,872,2022m1,1,247,1,1,10,2,200,1,2,4,,2024-04-17 20:11
201164,20116401,25,2022,69,2,1,862,2021m1,2,941,1,3,10,2,60,2,3,5,,2024-04-17 20:11
201165,20116501,25,2022,55,3,2,492,1996m5,4,873,2,2,10,1,200,,3,4,,2024-04-17 20:11
201165,20116502,25,2022,53,3,1,262,2014m7,1,863,1,2,10,2,230,1,2,4,,2024-04-17 20:11
201166,20116601,25,2022,39,4,1,283,2011m2,1,863,1,2,10,1,430,1,3,5,,2024-04-17 20:11
201166,20116602,25,2022,39,6,,,,,,,2,10,2,,,,5,,2024-04-17 20:11
201167,20116701,25,2022,75,3,,,,,,,2,10,1,,,,4,,2024-04-17 20:11
201167,20116702,25,2022,75,2,,,,,,,2,10,2,,,,4,,2024-04-17 20:11
201168,20116801,25,2022,47,6,1,521,2008m10,1,312,1,2,10,1,300,1,2,4,,2024-04-17 20:11
201168,20116802,25,2022,44,5,1,107,2022m3,1,819,1,2,10,2,160,1,2,4,,2024-04-17 20:11
201168,20116803,25,2022,17,2,,,,,,,1,10,1,,,,5,,2024-04-17 20:11
201168,20116804,25,2022,15,2,,,,,,,1,10,2,,,,4,,2024-04-17 20:11
201169,20116901,25,2022,81,2,,,,,,,2,10,1,,,,5,,2024-04-17 20:11
201169,20116902,25,2022,69,2,,,,,,,2,10,2,,,,5,,2024-04-17 20:11
201170,20117001,25,2022,76,2,1,852,2019m3,2,252,1,3,10,2,130,2,3,5,,2024-04-17 20:11
201171,20117101,25,2022,52,3,2,422,2021m7,4,761,2,2,10,1,550,,2,4,,2024-04-17 20:11
201171,20117102,25,2022,50,3,,,,,,,2,10,2,,,,4,,2024-04-17 20:11
201171,20117103,25,2022,23,4,1,853,2021m7,2,314,1,1,10,1,45,2,2,4,,2024-04-17 20:11
201171,20117104,25,2022,19,4,,,,,,,1,10,2,,,,4,,2024-04-17 20:11
201172,20117201,25,2022,41,6,1,759,2013m3,1,313,1,2,3,1,320,1,2,4,,2024-04-17 20:11
201172,20117202,25,2022,41,6,1,474,2008m5,1,521,1,2,3,2,430,2,2,4,,2024-04-17 20:11
201173,20117301,25,2022,37,6,2,855,2013m3,4,254,2,3,3,2,500,,2,4,,2024-04-17 20:11
201174,20117401,25,2022,43,4,1,464,2015m6,1,782,1,1,3,1,300,2,2,4,,2024-04-17 20:11
201174,20117402,25,2022,71,2,,,,,,,3,3,2,,,,4,,2024-04-17 20:11
201175,20117501,25,2022,63,2,1,411,2021m10,1,910,1,2,3,1,290,2,2,4,,2024-04-17 20:11
201175,20117502,25,2022,68,2,,,,,,,2,3,2,,,,5,,2024-04-17 20:11
201175,20117503,25,2022,42,3,1,492,2007m4,1,873,1,1,3,1,200,1,3,5,,2024-04-17 20:11
201176,20117601,25,2022,65,5,1,423,2019m8,1,236,1,2,3,1,220,2,3,4,,2024-04-17 20:11
201176,20117602,25,2022,61,3,,,,,,,2,3,2,,,,4,,2024-04-17 20:11
201176,20117603,25,2022,86,2,,,,,,,3,3,2,,,,4,,2024-04-17 20:11
201176,20117604,25,2022,33,6,1,493,2020m9,1,873,1,1,3,1,250,2,3,4,,2024-04-17 20:11
201178,20117801,25,2022,89,2,,,,,,,3,2,2,,,,6,,2024-04-17 20:11
201179,20117901,25,2022,70,2,2,493,1999m6,4,873,2,3,2,1,400,,3,5,,2024-04-17 20:11
201181,20118101,25,2022,76,1,,,,,,,3,2,2,,,,6,,2024-04-17 20:11
201182,20118201,25,2022,87,1,,,,,,,3,2,2,,,,6,,2024-04-17 20:11
201184,20118401,25,2022,31,6,1,952,2017m11,1,751,1,1,2,1,270,1,3,6,,2024-04-17 20:11
201185,20118501,25,2022,88,1,,,,,,,3,2,1,,,,6,,2024-04-17 20:11
201187,20118701,25,2022,85,3,,,,,,,2,2,1,,,,5,,2024-04-17 20:11
201187,20118702,25,2022,76,3,,,,,,,2,2,2,,,,5,,2024-04-17 20:11
201188,20118801,25,2022,84,2,,,,,,,3,2,2,,,,6,,2024-04-17 20:11
201189,20118901,25,2022,68,3,,,,,,,3,2,2,,,,5,,2024-04-17 20:11
201190,20119001,25,2022,80,3,,,,,,,2,2,2,,,,5,,2024-04-17 20:11
201190,20119002,25,2022,74,3,,,,,,,2,2,1,,,,5,,2024-04-17 20:11
201191,20119101,25,2022,86,6,,,,,,,2,2,1,,,,6,,2024-04-17 20:11
201191,20119102,25,2022,80,3,,,,,,,2,2,2,,,,6,,2024-04-17 20:11
201192,20119201,25,2022,80,2,1,872,2020m2,2,941,1,2,2,1,27,2,2,6,,2024-04-17 20:11
201192,20119202,25,2022,73,2,,,,,,,2,2,2,,,,6,,2024-04-17 20:11
201193,20119301,25,2022,78,3,1,682,2004m5,2,942,1,2,2,1,130,2,3,5,,2024-04-17 20:11
201193,20119302,25,2022,73,2,,,,,,,2,2,2,,,,6,,2024-04-17 20:11
201194,20119401,25,2022,72,2,,,,,,,2,2,1,,,,6,,2024-04-17 20:11
201194,20119402,25,2022,64,2,,,,,,,2,2,2,,,,6,,2024-04-17 20:11
201196,20119601,25,2022,79,1,,,,,,,3,15,2,,,,5,,2024-04-17 20:11
201197,20119701,25,2022,80,2,2,11,1966m11,4,611,2,2,15,1,60,,3,4,,2024-04-17 20:11
201197,20119702,25,2022,75,1,3,11,1966m11,5,611,2,2,15,2,,,2,4,,2024-04-17 20:11
201197,20119703,25,2022,52,5,1,841,1992m1,1,311,1,1,15,2,430,1,1,3,,2024-04-17 20:11
201198,20119801,25,2022,79,1,2,11,1966m3,4,611,2,2,15,1,50,,4,4,,2024-04-17 20:11
201198,20119802,25,2022,74,1,3,11,1966m3,5,611,2,2,15,2,,,4,4,,2024-04-17 20:11
201199,20119901,25,2022,71,2,2,11,1977m1,4,611,2,2,15,1,80,,2,3,,2024-04-17 20:11
201199,20119902,25,2022,66,2,3,11,1977m1,5,611,2,2,15,2,,,2,3,,2024-04-17 20:11
201201,20120102,25,2022,71,1,2,11,1969m3,4,611,2,3,15,2,20,,3,5,,2024-04-17 20:11
201202,20120201,25,2022,86,1,2,11,1966m5,4,611,2,2,15,1,40,,4,5,,2024-04-17 20:11
201202,20120202,25,2022,77,2,3,11,1966m5,5,611,2,2,15,2,,,3,5,,2024-04-17 20:11
201203,20120301,25,2022,80,1,2,11,1958m4,4,611,2,2,15,1,70,,3,4,,2024-04-17 20:11
201203,20120302,25,2022,74,1,3,11,1967m3,5,611,2,2,15,2,,,2,4,,2024-04-17 20:11
201204,20120401,25,2022,77,1,2,11,1972m10,4,611,2,2,15,1,50,,4,5,,2024-04-17 20:11
201204,20120402,25,2022,75,1,3,11,1972m10,5,611,2,2,15,2,,,3,5,,2024-04-17 20:11
201205,20120501,25,2022,73,2,2,11,1977m2,4,611,2,2,15,1,50,,4,5,,2024-04-17 20:11
201205,20120502,25,2022,65,2,3,11,1977m2,5,611,2,2,15,2,,,4,4,,2024-04-17 20:11
201206,20120601,25,2022,50,3,1,311,2020m4,1,854,1,2,15,1,300,2,4,4,,2024-04-17 20:11
201206,20120602,25,2022,49,5,1,851,2022m3,2,799,1,2,15,2,75,2,4,4,,2024-04-17 20:11
201206,20120603,25,2022,19,4,,,,,,,1,15,1,,,,3,,2024-04-17 20:11
201207,20120701,25,2022,38,3,1,311,2002m8,1,743,1,2,15,1,410,1,2,2,,2024-04-17 20:11
201207,20120702,25,2022,35,5,,,,,,,2,15,2,,,,3,,2024-04-17 20:11
201208,20120801,25,2022,49,3,1,311,1996m5,1,312,1,2,15,1,300,1,2,3,,2024-04-17 20:11
201208,20120802,25,2022,47,3,,,,,,,2,15,2,,,,4,,2024-04-17 20:11
201208,20120803,25,2022,20,4,,,,,,,1,15,1,,,,3,,2024-04-17 20:11
201209,20120901,25,2022,69,2,1,861,2016m1,1,941,1,3,15,2,189,1,1,3,,2024-04-17 20:11
201210,20121001,25,2022,70,2,1,31,2022m4,3,630,1,3,15,2,250,2,2,4,,2024-04-17 20:11
201211,20121101,25,2022,50,3,1,311,1994m10,1,781,1,2,15,1,250,1,2,3,,2024-04-17 20:11
201211,20121102,25,2022,50,3,,,,,,,2,15,2,,,,3,,2024-04-17 20:11
201211,20121103,25,2022,25,6,,,,,,,1,15,1,,,,4,,2024-04-17 20:11
201212,20121201,25,2022,58,2,,,,,,,3,15,2,,,,5,,2024-04-17 20:11
201213,20121301,25,2022,47,6,1,561,2003m3,1,312,1,2,2,1,550,1,2,3,,2024-04-17 20:11
201213,20121302,25,2022,46,6,1,872,2019m9,1,247,1,2,2,2,240,1,2,3,,2024-04-17 20:11
201213,20121303,25,2022,16,2,,,,,,,1,2,1,,,,4,,2024-04-17 20:11
201214,20121401,25,2022,50,6,1,259,2005m4,1,235,1,2,15,1,583,1,3,3,,2024-04-17 20:11
201214,20121402,25,2022,50,3,1,862,2018m10,1,243,1,2,15,2,250,1,2,4,,2024-04-17 20:11
201214,20121403,25,2022,22,4,,,,,,,1,15,2,,,,4,,2024-04-17 20:11
201214,20121404,25,2022,20,4,,,,,,,1,15,1,,,,4,,2024-04-17 20:11
201215,20121501,25,2022,64,6,1,303,2018m11,1,312,1,2,15,1,250,1,2,4,,2024-04-17 20:11
201215,20121502,25,2022,61,3,,,,,,,2,15,2,,,,4,,2024-04-17 20:11
201215,20121503,25,2022,33,6,1,411,2016m8,1,231,1,1,15,1,500,1,3,4,,2024-04-17 20:11
201216,20121601,25,2022,67,6,,,,,,,2,15,1,,,,3,,2024-04-17 20:11
201216,20121602,25,2022,65,3,,,,,,,2,15,2,,,,3,,2024-04-17 20:11
201218,20121801,25,2022,41,5,2,259,2013m5,4,235,2,2,15,1,2500,,2,4,,2024-04-17 20:11
201218,20121802,25,2022,41,6,2,855,2015m4,4,254,2,2,15,2,300,,2,4,,2024-04-17 20:11
201218,20121803,25,2022,15,2,,,,,,,1,15,2,,,,4,,2024-04-17 20:11
201219,20121901,25,2022,46,6,2,682,2021m3,4,274,2,2,15,2,,,3,5,,2024-04-17 20:11
201219,20121902,25,2022,45,6,1,283,2000m2,1,312,1,2,15,1,330,1,2,4,,2024-04-17 20:11
201220,20122001,25,2022,45,6,1,842,2009m1,1,311,1,2,15,1,260,1,2,4,,2024-04-17 20:11
201220,20122002,25,2022,37,6,1,851,2022m3,1,441,1,2,15,2,200,1,2,4,,2024-04-17 20:11
201221,20122101,25,2022,61,3,1,107,1984m10,1,811,1,2,2,1,330,1,3,4,,2024-04-17 20:11
201221,20122102,25,2022,55,3,1,969,2022m5,1,421,1,2,2,2,135,2,3,4,,2024-04-17 20:11
201221,20122103,25,2022,30,6,1,721,2022m3,1,231,1,1,2,1,260,1,2,4,,2024-04-17 20:11
210270,20122104,25,2022,28,6,1,582,2022m9,1,222,1,1,5,2,265,1,3,4,,2024-04-17 20:11
201222,20122201,25,2022,52,3,2,492,2022m3,4,873,2,2,2,1,200,,3,4,,2024-04-17 20:11
201222,20122202,25,2022,52,3,1,141,2004m5,1,721,1,2,2,2,180,1,3,4,,2024-04-17 20:11
210165,20122203,25,2022,27,6,1,861,2021m2,1,243,1,1,15,2,380,1,3,4,,2024-04-17 20:11
210166,20122204,25,2022,27,6,1,861,2021m2,1,243,1,1,15,2,380,1,2,4,,2024-04-17 20:11
201223,20122301,25,2022,66,2,1,872,2009m5,1,421,1,3,2,2,140,2,2,4,,2024-04-17 20:11
201224,20122401,25,2022,70,2,,,,,,,2,2,1,,,,4,,2024-04-17 20:11
201224,20122402,25,2022,69,2,,,,,,,2,2,2,,,,5,,2024-04-17 20:11
201225,20122501,25,2022,65,3,1,339,1997m4,1,930,1,2,2,1,125,2,2,5,,2024-04-17 20:11
201225,20122502,25,2022,65,2,,,,,,,2,2,2,,,,6,,2024-04-17 20:11
201226,20122601,25,2022,64,3,1,411,2018m3,3,781,1,2,2,1,500,2,3,4,,2024-04-17 20:11
201226,20122602,25,2022,59,2,,,,,,,2,2,2,,,,3,,2024-04-17 20:11
201228,20122801,25,2022,47,3,1,741,2016m11,1,852,1,2,15,1,320,2,2,4,,2024-04-17 20:11
201228,20122802,25,2022,41,5,1,101,2018m4,1,313,1,2,15,2,180,1,2,4,,2024-04-17 20:11
201229,20122901,25,2022,42,6,1,471,2008m8,1,312,1,2,15,1,520,1,2,3,,2024-04-17 20:11
201229,20122902,25,2022,41,5,,,,,,,2,15,2,,,,4,,2024-04-17 20:11
201230,20123001,25,2022,39,6,3,466,2022m8,5,922,2,2,2,1,,,2,4,,2024-04-17 20:11
201230,20123002,25,2022,39,5,2,466,2021m10,4,521,2,2,2,2,1300,,2,3,,2024-04-17 20:11
201231,20123101,25,2022,63,2,,,,,,,3,15,2,,,,3,,2024-04-17 20:11
201231,20123102,25,2022,45,6,1,851,2002m3,1,252,1,2,15,1,340,1,2,4,,2024-04-17 20:11
201231,20123103,25,2022,42,6,1,851,2002m3,1,252,1,2,15,2,400,1,2,3,,2024-04-17 20:11
201231,20123104,25,2022,15,2,,,,,,,1,15,2,,,,3,,2024-04-17 20:11
201232,20123201,25,2022,45,6,1,311,2017m5,1,312,1,2,15,1,376,1,2,3,,2024-04-17 20:11
201232,20123202,25,2022,40,6,,,,,,,2,15,2,,,,4,,2024-04-17 20:11
201233,20123301,25,2022,63,3,1,751,2022m2,1,941,1,3,15,1,140,2,4,6,,2024-04-17 20:11
201233,20123302,25,2022,37,5,1,410,2019m1,1,313,1,1,15,2,200,1,3,5,,2024-04-17 20:11
201233,20123303,25,2022,35,5,1,951,2009m3,1,399,1,1,15,2,220,1,3,4,,2024-04-17 20:11
201234,20123401,25,2022,55,3,2,424,1996m11,4,783,2,2,15,1,300,,3,5,,2024-04-17 20:11
201234,20123402,25,2022,51,3,,,,,,,2,15,2,,,,4,,2024-04-17 20:11
201234,20123403,25,2022,23,4,,,,,,,1,15,1,,,,4,,2024-04-17 20:11
201234,20123404,25,2022,20,4,1,471,2021m4,2,521,1,1,15,2,30,2,3,4,,2024-04-17 20:11
201234,20123405,25,2022,17,2,,,,,,,1,15,2,,,,4,,2024-04-17 20:11
201235,20123501,25,2022,33,3,2,424,2017m3,4,783,2,2,15,1,500,,3,4,,2024-04-17 20:11
201235,20123502,25,2022,32,5,,,,,,,2,15,2,,,,3,,2024-04-17 20:11
201236,20123602,25,2022,82,1,,,,,,,3,15,2,,,,5,,2024-04-17 20:11
201237,20123701,25,2022,35,4,1,421,2022m4,3,910,1,3,2,1,200,2,3,4,,2024-04-17 20:11
201239,20123901,25,2022,38,5,1,953,2019m11,1,753,1,2,15,1,260,1,3,4,,2024-04-17 20:11
201239,20123902,25,2022,35,5,,,,,,,2,15,2,,,,5,,2024-04-17 20:11
201240,20124001,25,2022,58,2,2,11,2018m3,4,611,2,2,10,1,350,,2,4,,2024-04-17 20:11
201240,20124002,25,2022,53,2,3,11,2019m3,5,611,2,2,10,2,,,3,4,,2024-04-17 20:11
210084,20124003,25,2022,33,5,1,611,2018m6,1,922,1,1,15,1,220,1,3,4,,2024-04-17 20:11
201241,20124101,25,2022,63,3,,,,,,,2,15,1,,,,5,,2024-04-17 20:11
201241,20124102,25,2022,60,3,1,872,2012m4,2,421,1,2,15,2,130,2,4,5,,2024-04-17 20:11
201242,20124201,25,2022,46,6,1,853,2022m2,1,251,1,2,2,1,300,1,3,4,,2024-04-17 20:11
201242,20124202,25,2022,43,6,2,855,,4,254,2,2,2,2,200,,3,4,,2024-04-17 20:11
201242,20124203,25,2022,15,2,,,,,,,1,2,1,,,,3,,2024-04-17 20:11
201243,20124301,25,2022,49,6,1,311,2001m3,1,235,1,2,2,1,300,1,3,4,,2024-04-17 20:11
201243,20124302,25,2022,45,6,1,845,2018m12,2,244,1,2,2,2,250,1,3,4,,2024-04-17 20:11
201244,20124401,25,2022,50,5,2,478,,4,922,2,2,2,1,400,,3,4,,2024-04-17 20:11
201244,20124402,25,2022,42,5,3,478,2022m3,5,521,2,2,2,2,,,3,5,,2024-04-17 20:11
201244,20124403,25,2022,18,2,,,,,,,1,2,2,,,,4,,2024-04-17 20:11
201245,20124501,25,2022,41,6,1,582,2008m3,1,222,1,2,2,1,400,1,2,4,,2024-04-17 20:11
201245,20124502,25,2022,41,6,1,852,2018m3,2,254,1,2,2,2,100,2,3,3,,2024-04-17 20:11
201246,20124601,25,2022,86,5,,,,,,,3,2,2,,,,4,,2024-04-17 20:11
201246,20124602,25,2022,57,6,2,472,2018m3,4,521,2,1,2,1,300,,3,4,,2024-04-17 20:11
201247,20124701,25,2022,57,6,2,855,2010m12,4,254,2,3,2,2,200,,3,4,,2024-04-17 20:11
201247,20124702,25,2022,25,4,,,,,,,1,2,1,,,,4,,2024-04-17 20:11
201247,20124703,25,2022,17,2,,,,,,,1,2,2,,,,5,,2024-04-17 20:11
201249,20124901,25,2022,52,3,2,474,2018m7,4,521,2,3,2,2,200,,4,6,,2024-04-17 20:11
201250,20125001,25,2022,88,2,,,,,,,3,2,2,,,,5,,2024-04-17 20:11
201252,20125201,25,2022,81,1,,,,,,,3,2,2,,,,4,,2024-04-17 20:11
201253,20125301,25,2022,39,3,1,424,2015m3,1,783,1,2,2,1,350,1,3,4,,2024-04-17 20:11
201253,20125302,25,2022,33,5,,,,,,,2,2,2,,,,4,,2024-04-17 20:11
201255,20125501,25,2022,40,6,1,701,2005m9,1,234,1,2,15,1,500,1,2,5,,2024-04-17 20:11
201255,20125502,25,2022,38,6,1,852,2012m1,1,252,1,2,15,2,250,1,2,4,,2024-04-17 20:11
201256,20125601,25,2022,36,6,1,701,2014m1,1,234,1,2,2,1,500,1,2,4,,2024-04-17 20:11
201256,20125602,25,2022,36,6,,,,,,,2,2,2,,,,4,,2024-04-17 20:11
201257,20125701,25,2022,48,6,1,701,2002m1,1,234,1,2,15,1,500,1,2,4,,2024-04-17 20:11
201257,20125702,25,2022,48,6,,,,,,,2,15,2,,,,5,,2024-04-17 20:11
201258,20125801,25,2022,47,6,1,701,2011m1,1,234,1,2,15,1,600,1,2,3,,2024-04-17 20:11
201258,20125802,25,2022,40,6,1,853,2015m1,1,251,1,2,15,2,500,1,2,4,,2024-04-17 20:11
201259,20125901,25,2022,36,6,1,701,2016m4,1,234,1,2,2,1,500,1,2,4,,2024-04-17 20:11
201259,20125902,25,2022,34,6,,,,,,,2,2,2,,,,4,,2024-04-17 20:11
201260,20126001,25,2022,39,6,1,853,2018m3,1,251,1,2,19,1,470,1,2,3,,2024-04-17 20:11
201260,20126002,25,2022,36,6,1,842,2020m4,1,224,1,2,19,2,320,1,2,3,,2024-04-17 20:11
201261,20126101,25,2022,40,6,1,701,2015m1,1,234,1,2,15,1,500,1,2,4,,2024-04-17 20:11
201261,20126102,25,2022,39,6,1,651,2010m1,1,312,1,2,15,2,300,1,2,4,,2024-04-17 20:11
201262,20126201,25,2022,37,6,1,701,2016m1,1,234,1,2,15,1,500,1,2,4,,2024-04-17 20:11
201262,20126202,25,2022,35,6,1,851,2016m1,1,252,1,2,15,2,,1,2,4,,2024-04-17 20:11
201263,20126301,25,2022,82,3,,,,,,,2,15,1,,,,4,,2024-04-17 20:11
201263,20126302,25,2022,75,2,,,,,,,2,15,2,,,,5,,2024-04-17 20:11
201264,20126401,25,2022,56,3,,,,,,,2,15,1,,,,4,,2024-04-17 20:11
201264,20126402,25,2022,54,3,2,561,2019m2,4,441,2,2,15,2,400,,2,4,,2024-04-17 20:11
201264,20126403,25,2022,24,6,,,,,,,1,15,2,,,,4,,2024-04-17 20:11
201266,20126601,25,2022,50,5,1,843,1999m3,1,752,1,2,15,1,400,1,2,4,,2024-04-17 20:11
201266,20126602,25,2022,45,6,1,843,2000m3,1,311,1,2,15,2,250,1,2,4,,2024-04-17 20:11
201266,20126603,25,2022,19,4,,,,,,,1,15,2,,,,5,,2024-04-17 20:11
201266,20126604,25,2022,16,2,,,,,,,1,15,1,,,,4,,2024-04-17 20:11
201267,20126701,25,2022,64,6,2,855,1988m2,4,254,2,2,15,1,400,,2,4,,2024-04-17 20:11
201267,20126702,25,2022,56,6,3,855,1990m3,5,399,2,2,15,2,,,2,4,,2024-04-17 20:11
201267,20126703,25,2022,32,6,1,872,2019m8,1,312,1,1,15,2,250,1,2,4,,2024-04-17 20:11
201268,20126802,25,2022,74,3,2,463,1970m1,4,521,2,2,15,1,300,,2,5,,2024-04-17 20:11
201268,20126803,25,2022,67,2,,,,,,,2,15,2,,,,5,,2024-04-17 20:11
201269,20126901,25,2022,67,5,,,,,,,2,15,1,,,,5,,2024-04-17 20:11
201269,20126902,25,2022,63,3,,,,,,,2,15,2,,,,4,,2024-04-17 20:11
201269,20126903,25,2022,51,6,1,303,2000m10,1,313,1,2,15,1,300,1,2,4,,2024-04-17 20:11
201269,20126904,25,2022,38,6,,,,,,,2,15,2,,,,4,,2024-04-17 20:11
201270,20127001,25,2022,68,6,1,423,2021m3,1,231,1,2,10,1,100,2,2,4,,2024-04-17 20:11
201270,20127002,25,2022,67,3,,,,,,,2,10,2,,,,4,,2024-04-17 20:11
201272,20127201,25,2022,67,2,3,,,,,,2,15,1,,,,5,,2024-04-17 20:11
201272,20127202,25,2022,61,3,2,561,1987m2,4,441,2,2,15,2,250,,2,5,,2024-04-17 20:11
201273,20127301,25,2022,63,6,2,961,1988m3,4,521,2,2,15,1,400,,2,4,,2024-04-17 20:11
201273,20127302,25,2022,62,3,3,961,1988m3,5,521,2,2,15,2,,,2,4,,2024-04-17 20:11
201274,20127401,25,2022,59,3,1,291,1998m1,1,854,1,2,15,1,500,1,2,4,,2024-04-17 20:11
201274,20127402,25,2022,59,3,2,561,2021m2,4,441,2,2,15,2,200,,2,4,,2024-04-17 20:11
201275,20127501,25,2022,62,5,2,912,2020m4,4,521,2,3,15,1,150,,2,5,,2024-04-17 20:11
201276,20127601,25,2022,51,3,,,,,,,1,15,1,,,,5,,2024-04-17 20:11
201277,20127701,25,2022,81,2,,,,,,,3,15,1,,,,5,,2024-04-17 20:11
201278,20127801,25,2022,30,3,,,,,,,1,15,2,,,,5,,2024-04-17 20:11
201279,20127901,25,2022,56,5,1,492,2009m2,1,873,1,1,15,1,280,1,2,5,,2024-04-17 20:11
201280,20128001,25,2022,63,2,2,969,2008m2,4,,2,2,15,1,350,,2,5,,2024-04-17 20:11
201280,20128002,25,2022,59,3,3,969,2008m2,5,,2,2,15,2,,,2,5,,2024-04-17 20:11
201280,20128003,25,2022,31,5,1,562,2018m4,1,441,1,1,15,2,200,1,2,5,,2024-04-17 20:11
201280,20128004,25,2022,26,4,,,,,,,1,15,1,,,,5,,2024-04-17 20:11
201281,20128102,25,2022,41,6,1,281,2007m10,1,312,1,2,2,1,480,1,2,3,,2024-04-17 20:11
201282,20128201,25,2022,83,6,,,,,,,2,2,1,,,,4,,2024-04-17 20:11
201282,20128202,25,2022,76,3,,,,,,,2,2,2,,,,3,,2024-04-17 20:11
201283,20128301,25,2022,62,6,,,,,,,2,2,1,,,,3,,2024-04-17 20:11
201283,20128302,25,2022,61,5,,,,,,,2,2,2,,,,3,,2024-04-17 20:11
201285,20128501,25,2022,69,3,2,292,2005m5,4,851,2,2,2,1,,,4,2,,2024-04-17 20:11
201285,20128502,25,2022,64,3,,,,,,,2,2,2,,,,3,,2024-04-17 20:11
201286,20128601,25,2022,40,3,1,291,2018m6,1,854,1,2,2,1,450,1,2,4,,2024-04-17 20:11
201286,20128602,25,2022,40,6,,,,,,,2,2,2,,,,3,,2024-04-17 20:11
201287,20128701,25,2022,53,5,1,844,1996m3,1,411,1,2,2,1,350,1,2,3,,2024-04-17 20:11
201287,20128702,25,2022,52,5,,,,,,,2,2,2,,,,3,,2024-04-17 20:11
201287,20128703,25,2022,18,2,,,,,,,1,2,2,,,,3,,2024-04-17 20:11
201288,20128801,25,2022,55,6,1,411,2022m4,1,141,1,2,2,1,700,1,2,3,,2024-04-17 20:11
201288,20128802,25,2022,50,3,1,759,2022m3,1,531,1,2,2,2,150,2,3,3,,2024-04-17 20:11
201288,20128803,25,2022,25,5,,,,,,,1,2,2,,,,3,,2024-04-17 20:11
201288,20128804,25,2022,23,4,1,562,2019m5,2,442,1,1,2,2,60,2,2,3,,2024-04-17 20:11
201290,20129001,25,2022,65,3,,,,,,,3,2,2,,,,4,,2024-04-17 20:11
201291,20129101,25,2022,71,6,,,,,,,2,2,1,,,,4,,2024-04-17 20:11
201291,20129102,25,2022,68,3,,,,,,,2,2,2,,,,4,,2024-04-17 20:11
201292,20129201,25,2022,68,3,2,181,1973m2,4,892,2,2,2,1,400,,3,4,,2024-04-17 20:11
201292,20129202,25,2022,68,3,,,,,,,2,2,2,,,,4,,2024-04-17 20:11
201295,20129501,25,2022,84,3,,,,,,,2,6,1,,,,5,,2024-04-17 20:11
201295,20129502,25,2022,74,3,1,872,2020m7,2,421,1,2,6,2,50,2,3,5,,2024-04-17 20:11
201295,20129503,25,2022,21,3,,,,,,,1,6,1,,,,5,,2024-04-17 20:11
201295,20129504,25,2022,17,2,,,,,,,1,6,2,,,,5,,2024-04-17 20:11
201296,20129601,25,2022,75,3,,,,,,,2,6,1,,,,4,,2024-04-17 20:11
201296,20129602,25,2022,73,3,,,,,,,2,6,2,,,,5,,2024-04-17 20:11
201297,20129701,25,2022,47,6,1,411,2005m3,1,231,1,2,6,1,300,1,2,5,,2024-04-17 20:11
201297,20129702,25,2022,41,5,,,,,,,2,6,2,,,,5,,2024-04-17 20:11
201298,20129801,25,2022,70,6,2,11,2016m3,4,611,2,2,6,1,50,,3,5,,2024-04-17 20:11
201298,20129802,25,2022,66,3,,,,,,,2,6,2,,,,5,,2024-04-17 20:11
201298,20129803,25,2022,38,6,1,292,2010m3,1,235,1,1,6,1,300,1,2,5,,2024-04-17 20:11
201299,20129901,25,2022,47,5,1,472,2000m3,1,922,1,2,6,1,400,1,3,5,,2024-04-17 20:11
201299,20129902,25,2022,38,4,1,852,2021m3,2,,1,2,6,2,60,2,3,5,,2024-04-17 20:11
201300,20130001,25,2022,56,6,2,471,2000m2,4,521,2,2,6,1,500,,2,5,,2024-04-17 20:11
201300,20130002,25,2022,51,3,3,471,2000m3,5,521,2,2,6,2,,,3,5,,2024-04-17 20:11
201300,20130003,25,2022,24,4,,,,,,,1,6,1,,,,5,,2024-04-17 20:11
201301,20130101,25,2022,69,3,1,751,2021m6,1,942,1,2,6,1,192,2,2,5,,2024-04-17 20:11
201301,20130102,25,2022,67,3,1,861,2020m6,1,421,1,2,6,2,200,2,3,5,,2024-04-17 20:11
201302,20130201,25,2022,82,1,,,,,,,3,13,2,,,,6,,2024-04-17 20:11
201303,20130301,25,2022,81,1,1,872,2015m3,3,952,1,3,6,2,27,2,2,6,,2024-04-17 20:11
210085,20130302,25,2022,55,5,,,,,,,3,6,1,,,,5,,2024-04-17 20:11
210085,20130303,25,2022,25,6,,,,,,,1,6,1,,,,5,,2024-04-17 20:11
201304,20130401,25,2022,85,2,,,,,,,3,11,2,,,,5,,2024-04-17 20:11
201305,20130501,25,2022,59,6,1,411,2021m5,3,782,1,2,10,1,400,2,2,4,,2024-04-17 20:11
201305,20130502,25,2022,55,6,,,,,,,2,10,2,,,,4,,2024-04-17 20:11
201306,20130601,25,2022,76,2,2,11,1960m5,4,611,2,2,11,1,100,,3,5,,2024-04-17 20:11
201306,20130602,25,2022,75,2,,,,,,,2,11,2,,,,5,,2024-04-17 20:11
201307,20130701,25,2022,88,2,,,,,,,3,11,1,,,,4,,2024-04-17 20:11
201307,20130703,25,2022,62,6,2,11,2007m3,4,611,2,2,11,1,300,,3,4,,2024-04-17 20:11
201309,20130901,25,2022,72,2,2,11,1971m3,4,611,2,3,11,2,5,,3,5,,2024-04-17 20:11
201310,20131001,25,2022,64,2,2,492,2000m5,4,873,2,2,11,1,150,,4,5,,2024-04-17 20:11
201310,20131002,25,2022,69,2,1,872,2020m2,3,952,1,2,11,2,27,2,3,5,,2024-04-17 20:11
201312,20131201,25,2022,66,2,,,,,,,1,11,2,,,,6,,2024-04-17 20:11
201313,20131301,25,2022,68,2,,,,,,,3,11,1,,,,5,,2024-04-17 20:11
201314,20131401,25,2022,87,2,,,,,,,3,10,2,,,,5,,2024-04-17 20:11
201315,20131501,25,2022,86,6,,,,,,,2,10,1,,,,4,,2024-04-17 20:11
201315,20131502,25,2022,82,6,,,,,,,2,10,2,,,,4,,2024-04-17 20:11
201316,20131601,25,2022,74,2,1,841,2019m2,3,941,1,3,10,2,27,2,2,5,,2024-04-17 20:11
201317,20131701,25,2022,79,2,2,12,1967m3,4,613,2,2,10,1,100,,3,4,,2024-04-17 20:11
201317,20131702,25,2022,72,2,1,11,2021m3,3,991,1,2,10,2,130,2,3,4,,2024-04-17 20:11
201318,20131801,25,2022,68,2,2,11,1980m3,4,611,2,2,10,1,95,,3,4,,2024-04-17 20:11
201318,20131802,25,2022,61,2,,,,,,,2,10,2,,,,4,,2024-04-17 20:11
201319,20131901,25,2022,32,6,1,851,2012m3,1,259,1,1,10,2,300,1,2,4,,2024-04-17 20:11
201320,20132001,25,2022,89,2,,,,,,,3,10,1,,,,5,,2024-04-17 20:11
201321,20132101,25,2022,38,6,2,561,2019m8,4,441,2,1,1,1,500,,2,3,,2024-04-17 20:11
201322,20132201,25,2022,38,5,1,107,2014m3,1,753,1,2,10,1,430,1,2,4,,2024-04-17 20:11
201322,20132202,25,2022,38,6,1,872,2018m6,1,247,1,2,10,2,210,1,2,4,,2024-04-17 20:11
201323,20132301,25,2022,74,1,,,,,,,3,10,1,,,,6,,2024-04-17 20:11
201324,20132401,25,2022,65,6,3,11,2022m3,5,611,2,2,11,1,,,3,4,,2024-04-17 20:11
201324,20132402,25,2022,60,3,2,11,2020m6,4,611,2,2,11,2,42,,3,4,,2024-04-17 20:11
201325,20132501,25,2022,81,2,,,,,,,3,10,2,,,,5,,2024-04-17 20:11
210167,20132601,25,2022,71,2,1,411,1987m3,3,874,1,3,10,1,200,2,2,5,,2024-04-17 20:11
201326,20132602,25,2022,69,2,1,841,2021m7,3,941,1,3,10,2,75,2,2,5,,2024-04-17 20:11
201327,20132701,25,2022,48,3,1,529,2005m4,1,752,1,3,10,1,470,1,2,4,,2024-04-17 20:11
201327,20132702,25,2022,18,2,,,,,,,1,10,1,,,,4,,2024-04-17 20:11
201327,20132703,25,2022,16,2,,,,,,,1,10,1,,,,4,,2024-04-17 20:11
201328,20132801,25,2022,80,2,,,,,,,3,10,2,,,,6,,2024-04-17 20:11
201329,20132901,25,2022,45,3,1,952,2016m4,1,751,1,2,10,1,310,1,2,4,,2024-04-17 20:11
201329,20132902,25,2022,41,3,,,,,,,2,10,2,,,,4,,2024-04-17 20:11
201330,20133001,25,2022,49,3,2,562,2017m6,4,441,2,2,10,1,500,,3,4,,2024-04-17 20:11
201330,20133002,25,2022,50,6,3,562,2017m5,5,521,2,2,10,2,,,3,4,,2024-04-17 20:11
201330,20133003,25,2022,22,3,1,473,2022m3,1,761,1,1,10,1,300,1,2,4,,2024-04-17 20:11
201330,20133004,25,2022,16,2,,,,,,,1,10,1,,,,4,,2024-04-17 20:11
201331,20133101,25,2022,46,6,1,582,2016m3,1,135,1,2,10,1,700,1,2,4,,2024-04-17 20:11
201331,20133102,25,2022,44,5,,,,,,,2,10,2,,,,4,,2024-04-17 20:11
201331,20133103,25,2022,18,2,,,,,,,1,10,2,,,,4,,2024-04-17 20:11
201331,20133104,25,2022,15,2,,,,,,,1,10,2,,,,4,,2024-04-17 20:11
201333,20133301,25,2022,41,5,2,222,,4,873,2,2,10,1,500,,3,4,,2024-04-17 20:11
201333,20133302,25,2022,40,6,1,902,2022m3,1,399,1,2,10,2,80,2,3,4,,2024-04-17 20:11
201334,20133401,25,2022,65,2,1,411,1975m3,3,782,1,2,10,1,150,2,3,5,,2024-04-17 20:11
201334,20133402,25,2022,57,2,,,,,,,2,10,2,,,,4,,2024-04-17 20:11
201334,20133403,25,2022,31,3,1,222,2020m10,1,832,1,1,10,1,290,1,2,4,,2024-04-17 20:11
201336,20133601,25,2022,47,3,1,281,2016m4,1,312,1,2,11,1,512,1,3,3,,2024-04-17 20:11
201336,20133602,25,2022,39,5,,,,,,,2,11,2,,,,3,,2024-04-17 20:11
201337,20133702,25,2022,43,6,,,,,,,3,11,2,,,,4,,2024-04-17 20:11
201337,20133703,25,2022,15,2,,,,,,,1,11,1,,,,4,,2024-04-17 20:11
201338,20133801,25,2022,41,6,1,851,2004m3,1,252,1,2,11,1,600,1,2,3,,2024-04-17 20:11
201338,20133802,25,2022,39,6,1,851,2006m3,1,252,1,2,11,2,500,1,2,3,,2024-04-17 20:11
201339,20133901,25,2022,60,6,,,,,,,3,11,2,,,,3,,2024-04-17 20:11
201339,20133902,25,2022,30,6,1,715,2021m12,1,261,1,1,11,2,840,1,3,3,,2024-04-17 20:11
201340,20134001,25,2022,87,3,,,,,,,2,11,1,,,,5,,2024-04-17 20:11
201340,20134002,25,2022,76,2,,,,,,,2,11,2,,,,5,,2024-04-17 20:11
201341,20134101,25,2022,40,3,1,241,2018m1,1,841,1,3,11,1,430,1,2,4,,2024-04-17 20:11
201342,20134201,25,2022,49,3,,,,,,,3,11,1,,,,5,,2024-04-17 20:11
201343,20134301,25,2022,55,3,1,301,2013m5,1,854,1,2,11,1,540,1,2,4,,2024-04-17 20:11
201344,20134401,25,2022,26,6,1,842,2021m4,2,247,1,1,11,2,208,2,2,4,,2024-04-17 20:11
201345,20134501,25,2022,83,1,1,841,2021m3,2,952,1,3,11,2,27,2,3,5,,2024-04-17 20:11
210271,20134502,25,2022,58,2,1,872,2021m7,1,873,1,1,11,1,265,2,3,5,,2024-04-17 20:11
201346,20134601,25,2022,57,6,1,421,2020m2,3,782,1,2,11,1,380,2,3,5,,2024-04-17 20:11
201346,20134602,25,2022,52,6,1,851,2019m4,2,421,1,2,11,2,67,2,3,4,,2024-04-17 20:11
201346,20134603,25,2022,22,4,,,,,,,1,11,2,,,,4,,2024-04-17 20:11
201346,20134604,25,2022,19,4,,,,,,,1,11,2,,,,4,,2024-04-17 20:11
201346,20134605,25,2022,17,2,,,,,,,1,11,1,,,,4,,2024-04-17 20:11
201347,20134701,25,2022,37,3,1,272,2019m10,1,753,1,2,14,1,330,1,3,5,,2024-04-17 20:11
201347,20134702,25,2022,37,3,,,,,,,2,14,2,,,,4,,2024-04-17 20:11
201348,20134801,25,2022,59,5,2,493,,4,873,2,2,11,1,650,,2,4,,2024-04-17 20:11
201348,20134802,25,2022,53,5,1,872,2021m3,1,421,1,2,11,2,98,2,3,4,,2024-04-17 20:11
210272,20134803,25,2022,25,5,1,422,2022m1,1,236,1,1,11,1,247,1,3,4,,2024-04-17 20:11
201348,20134804,25,2022,24,6,1,853,2021m9,1,259,1,1,11,2,177,1,3,4,,2024-04-17 20:11
201349,20134901,25,2022,42,6,1,451,2018m10,1,510,1,2,11,1,1600,1,1,3,,2024-04-17 20:11
201349,20134902,25,2022,41,6,,,,,,,2,11,2,,,,3,,2024-04-17 20:11
201350,20135001,25,2022,42,4,2,423,2014m3,4,392,2,2,11,1,400,,3,3,,2024-04-17 20:11
201350,20135002,25,2022,38,3,1,862,2016m8,1,246,1,2,11,2,138,1,3,3,,2024-04-17 20:11
201351,20135101,25,2022,43,6,2,463,2016m6,4,521,2,3,16,2,200,,4,4,,2024-04-17 20:11
201352,20135201,25,2022,50,3,2,493,2006m3,4,873,2,2,16,1,500,,3,5,,2024-04-17 20:11
201354,20135401,25,2022,46,6,,,,,,,2,16,1,,,,4,,2024-04-17 20:11
201354,20135402,25,2022,45,6,1,851,2003m3,1,252,1,2,16,2,370,1,1,2,,2024-04-17 20:11
201354,20135403,25,2022,16,2,,,,,,,1,16,1,,,,3,,2024-04-17 20:11
201355,20135502,25,2022,47,6,1,941,2017m12,1,312,1,2,16,2,250,1,4,4,,2024-04-17 20:11
201355,20135503,25,2022,23,6,,,,,,,1,16,1,,,,2,,2024-04-17 20:11
201356,20135601,25,2022,55,6,1,861,1996m9,1,245,1,2,16,1,320,1,4,3,,2024-04-17 20:11
201356,20135602,25,2022,49,6,,,,,,,2,16,2,,,,2,,2024-04-17 20:11
201356,20135604,25,2022,20,4,,,,,,,1,16,1,,,,3,,2024-04-17 20:11
201357,20135701,25,2022,81,2,1,872,2020m5,2,,1,3,16,2,28,2,2,6,,2024-04-17 20:11
201358,20135802,25,2022,41,6,1,424,2021m7,1,313,1,2,16,2,210,2,3,5,,2024-04-17 20:11
201359,20135901,25,2022,51,6,2,462,2015m4,4,521,2,2,16,1,258,,4,4,,2024-04-17 20:11
201359,20135902,25,2022,46,6,1,751,2005m9,1,139,1,2,16,2,250,1,4,4,,2024-04-17 20:11
201359,20135903,25,2022,19,4,,,,,,,1,16,2,,,,2,,2024-04-17 20:11
201360,20136001,25,2022,45,6,2,463,2018m3,4,521,2,2,16,1,300,,4,3,,2024-04-17 20:11
201360,20136002,25,2022,42,6,,,,,,,2,16,2,,,,3,,2024-04-17 20:11
201362,20136201,25,2022,64,3,2,11,2002m5,4,611,2,2,16,1,250,,4,3,,2024-04-17 20:11
201362,20136202,25,2022,59,3,,,,,,,2,16,2,,,,5,,2024-04-17 20:11
201362,20136203,25,2022,30,6,,,,,,,1,16,1,,,,4,,2024-04-17 20:11
201362,20136204,25,2022,28,6,,,,,,,1,16,2,,,,4,,2024-04-17 20:11
201363,20136301,25,2022,49,5,1,851,2022m3,2,254,1,1,16,2,100,2,3,5,,2024-04-17 20:11
201364,20136401,25,2022,66,3,2,841,2022m2,4,391,2,2,16,2,150,,2,3,,2024-04-17 20:11
201364,20136402,25,2022,65,6,1,682,2016m1,3,274,1,2,16,1,250,2,2,3,,2024-04-17 20:11
201365,20136501,25,2022,52,3,1,463,1993m9,1,312,1,2,16,1,350,1,4,3,,2024-04-17 20:11
201365,20136502,25,2022,46,3,,,,,,,2,16,2,,,,3,,2024-04-17 20:11
201365,20136503,25,2022,22,4,,,,,,,1,16,1,,,,4,,2024-04-17 20:11
201365,20136504,25,2022,26,5,,,,,,,1,16,2,,,,3,,2024-04-17 20:11
201366,20136601,25,2022,86,2,,,,,,,2,16,1,,,,3,,2024-04-17 20:11
201366,20136602,25,2022,81,2,,,,,,,2,16,2,,,,4,,2024-04-17 20:11
201367,20136701,25,2022,84,2,1,872,2020m3,2,,1,3,16,2,25,2,4,3,,2024-04-17 20:11
201368,20136801,25,2022,56,3,2,426,2001m3,4,875,2,2,16,1,200,,3,3,,2024-04-17 20:11
201368,20136802,25,2022,53,3,1,871,2020m3,1,421,1,2,16,2,207,1,4,3,,2024-04-17 20:11
201368,20136803,25,2022,27,6,,,,,,,1,16,1,,,,2,,2024-04-17 20:11
201368,20136804,25,2022,24,4,,,,,,,1,16,1,,,,3,,2024-04-17 20:11
201369,20136901,25,2022,84,3,,,,,,,2,16,1,,,,2,,2024-04-17 20:11
201369,20136902,25,2022,80,3,,,,,,,2,16,2,,,,3,,2024-04-17 20:11
201371,20137101,25,2022,81,2,2,11,2019m6,4,611,2,2,16,1,80,,3,4,,2024-04-17 20:11
201371,20137102,25,2022,80,2,,,,,,,2,16,2,,,,4,,2024-04-17 20:11
201372,20137201,25,2022,71,3,2,11,1976m3,4,611,2,2,16,1,150,,3,2,,2024-04-17 20:11
201372,20137202,25,2022,66,2,3,11,1977m9,5,611,2,2,16,2,,,4,3,,2024-04-17 20:11
201373,20137301,25,2022,74,3,,,,,,,2,16,1,,,,2,,2024-04-17 20:11
201373,20137302,25,2022,73,2,,,,,,,2,16,2,,,,3,,2024-04-17 20:11
201374,20137402,25,2022,80,6,,,,,,,2,16,1,,,,5,,2024-04-17 20:11
201375,20137501,25,2022,66,3,,,,,,,3,16,2,,,,5,,2024-04-17 20:11
201376,20137601,25,2022,42,5,1,953,2008m5,1,761,1,2,16,1,300,1,4,4,,2024-04-17 20:11
201376,20137602,25,2022,43,6,,,,,,,2,16,2,,,,3,,2024-04-17 20:11
201377,20137701,25,2022,51,3,1,856,2015m3,1,942,1,3,16,2,220,1,4,4,,2024-04-17 20:11
201377,20137702,25,2022,28,6,,,,,,,1,16,2,,,,2,,2024-04-17 20:11
201378,20137801,25,2022,61,3,1,471,2017m3,1,953,1,3,16,2,200,1,4,3,,2024-04-17 20:11
201378,20137802,25,2022,37,5,,,,,,,1,16,1,,,,3,,2024-04-17 20:11
201379,20137901,25,2022,64,3,1,411,2010m6,1,792,1,2,16,1,500,1,3,5,,2024-04-17 20:11
201379,20137902,25,2022,63,2,1,872,2020m3,2,421,1,2,16,2,74,2,3,5,,2024-04-17 20:11
201380,20138002,25,2022,56,5,1,969,2012m5,1,421,1,2,16,2,200,1,3,6,,2024-04-17 20:11
201381,20138101,25,2022,42,6,1,424,2011m3,3,782,1,2,16,1,420,2,3,5,,2024-04-17 20:11
201382,20138201,25,2022,58,6,2,551,2018m2,4,432,2,2,16,1,100,,3,5,,2024-04-17 20:11
201384,20138401,25,2022,61,6,1,181,2006m1,1,274,1,2,8,1,300,1,3,3,,2024-04-17 20:11
201384,20138402,25,2022,57,6,2,856,2008m1,4,254,2,2,8,2,200,,3,3,,2024-04-17 20:11
201384,20138403,25,2022,28,6,1,620,2022m1,1,222,1,1,8,2,300,1,3,3,,2024-04-17 20:11
201384,20138404,25,2022,26,4,,,,,,,1,8,1,,,,3,,2024-04-17 20:11
201385,20138501,25,2022,73,6,1,682,1994m11,1,139,1,2,8,1,400,1,3,3,,2024-04-17 20:11
201385,20138502,25,2022,69,3,,,,,,,2,8,2,,,,4,,2024-04-17 20:11
201386,20138601,25,2022,59,3,1,492,2003m4,1,873,1,2,8,1,400,1,3,4,,2024-04-17 20:11
201386,20138602,25,2022,56,3,1,103,2017m1,1,532,1,2,8,2,300,1,3,4,,2024-04-17 20:11
201387,20138702,25,2022,54,3,1,861,2020m11,2,441,1,2,8,2,240,2,3,5,,2024-04-17 20:11
201388,20138801,25,2022,59,2,,,,,,,3,8,2,,,,5,,2024-04-17 20:11
201388,20138802,25,2022,36,2,1,472,2021m8,2,521,1,3,8,2,130,2,3,5,,2024-04-17 20:11
201389,20138901,25,2022,52,3,,,,,,,2,8,2,,,,4,,2024-04-17 20:11
201389,20138902,25,2022,66,2,,,,,,,2,8,1,,,,4,,2024-04-17 20:11
201389,20138903,25,2022,31,5,1,872,2021m9,1,247,1,1,8,2,200,1,3,4,,2024-04-17 20:11
201389,20138904,25,2022,28,3,,,,,,,1,8,1,,,,4,,2024-04-17 20:11
201390,20139001,25,2022,69,2,,,,,,,3,8,2,,,,4,,2024-04-17 20:11
201392,20139201,25,2022,62,3,1,272,2017m8,1,743,1,2,8,1,260,2,3,4,,2024-04-17 20:11
201392,20139202,25,2022,59,3,,,,,,,2,8,2,,,,5,,2024-04-17 20:11
201393,20139301,25,2022,79,1,,,,,,,3,8,2,,,,5,,2024-04-17 20:11
201395,20139501,25,2022,70,2,1,751,2012m1,3,941,1,2,8,1,250,2,3,5,,2024-04-17 20:11
201395,20139502,25,2022,38,3,1,411,2016m4,3,910,1,1,8,1,360,2,3,5,,2024-04-17 20:11
201395,20139503,25,2022,69,2,,,,,,,2,8,2,,,,5,,2024-04-17 20:11
201398,20139801,25,2022,74,4,,,,,,,3,8,1,,,,5,,2024-04-17 20:11
201399,20139902,25,2022,67,3,,,,,,,3,8,2,,,,4,,2024-04-17 20:11
201400,20140001,25,2022,54,3,,,,,,,1,8,1,,,,6,,2024-04-17 20:11
201400,20140002,25,2022,90,1,,,,,,,3,8,2,,,,6,,2024-04-17 20:11
201401,20140101,25,2022,87,1,,,,,,,3,8,2,,,,6,,2024-04-17 20:11
201402,20140201,25,2022,76,1,1,841,2019m3,2,941,1,3,8,2,80,2,3,6,,2024-04-17 20:11
201403,20140301,25,2022,92,3,,,,,,,3,8,1,,,,5,,2024-04-17 20:11
201407,20140701,25,2022,80,2,,,,,,,2,8,1,,,,5,,2024-04-17 20:11
201408,20140801,25,2022,83,6,,,,,,,2,8,1,,,,4,,2024-04-17 20:11
201409,20140901,25,2022,89,4,,,,,,,2,8,1,,,,5,,2024-04-17 20:11
201409,20140902,25,2022,79,2,,,,,,,2,8,2,,,,5,,2024-04-17 20:11
201410,20141001,25,2022,75,2,1,856,2021m11,1,873,1,2,5,1,180,2,2,4,,2024-04-17 20:11
201411,20141101,25,2022,61,3,1,492,1989m10,1,873,1,2,5,1,358,1,3,5,,2024-04-17 20:11
201411,20141102,25,2022,57,3,,,,,,,2,5,2,,,,5,,2024-04-17 20:11
210033,20141103,25,2022,35,3,2,474,2011m4,4,521,2,2,5,1,100,,3,5,,2024-04-17 20:11
201412,20141201,25,2022,61,3,2,969,1993m6,4,429,2,3,5,2,150,,3,5,,2024-04-17 20:11
210109,20141202,25,2022,63,6,1,861,2013m2,3,312,1,3,5,1,243,2,2,5,,2024-04-17 20:11
201413,20141301,25,2022,68,3,,,,,,,3,5,2,,,,4,,2024-04-17 20:11
201413,20141302,25,2022,32,3,,,,,,,1,5,2,,,,4,,2024-04-17 20:11
201414,20141401,25,2022,61,3,1,382,2021m10,1,873,1,1,5,1,224,1,2,6,,2024-04-17 20:11
201415,20141501,25,2022,29,5,1,712,2019m7,1,313,1,1,5,2,215,1,3,5,,2024-04-17 20:11
201416,20141601,25,2022,48,4,1,259,2010m3,1,312,1,2,5,1,395,1,2,4,,2024-04-17 20:11
201416,20141602,25,2022,44,5,1,662,2021m5,1,531,1,2,5,2,265,2,2,4,,2024-04-17 20:11
201416,20141603,25,2022,15,2,,,,,,,1,5,2,,,,4,,2024-04-17 20:11
201417,20141701,25,2022,52,3,1,477,1995m3,1,151,1,2,5,1,660,1,2,2,,2024-04-17 20:11
201417,20141702,25,2022,49,3,,,,,,,2,5,2,,,,3,,2024-04-17 20:11
201417,20141703,25,2022,21,5,1,651,2021m11,1,312,1,1,5,2,195,2,2,2,,2024-04-17 20:11
201417,20141704,25,2022,18,2,,,,,,,1,5,1,,,,3,,2024-04-17 20:11
201418,20141801,25,2022,66,2,1,172,2005m1,1,930,1,3,5,2,245,1,2,4,,2024-04-17 20:11
201419,20141901,25,2022,65,3,,,,,,,2,5,1,,,,4,,2024-04-17 20:11
201419,20141902,25,2022,56,3,1,872,2020m7,1,313,1,2,5,2,215,1,3,4,,2024-04-17 20:11
201420,20142001,25,2022,32,4,1,281,2019m5,1,863,1,2,10,1,330,1,2,4,,2024-04-17 20:11
201420,20142002,25,2022,33,5,1,473,2015m3,1,399,1,2,10,2,220,1,2,4,,2024-04-17 20:11
201421,20142101,25,2022,62,3,1,473,2010m3,1,992,1,3,5,2,225,1,2,5,,2024-04-17 20:11
201421,20142102,25,2022,32,5,1,855,2016m3,1,254,1,1,5,2,205,1,4,5,,2024-04-17 20:11
201421,20142103,25,2022,26,5,,,,,,,1,5,1,,,,5,,2024-04-17 20:11
201422,20142201,25,2022,60,6,2,529,2010m3,4,312,2,2,5,1,400,,3,4,,2024-04-17 20:11
201422,20142202,25,2022,58,3,2,651,2010m5,4,510,2,2,5,2,500,,2,3,,2024-04-17 20:11
210273,20142203,25,2022,27,6,1,262,2021m1,1,234,1,1,8,1,287,1,2,5,,2024-04-17 20:11
201423,20142301,25,2022,28,6,1,582,2020m9,1,222,1,2,5,1,640,1,2,4,,2024-04-17 20:11
201423,20142302,25,2022,27,5,,,,,,,2,5,2,,,,4,,2024-04-17 20:11
201424,20142401,25,2022,56,6,2,464,2016m11,4,274,2,2,8,1,600,,2,3,,2024-04-17 20:11
201424,20142402,25,2022,56,3,1,471,2018m9,1,953,1,2,8,2,200,2,3,3,,2024-04-17 20:11
210087,20142403,25,2022,31,5,,,,,,,2,8,2,,,,5,,2024-04-17 20:11
201424,20142404,25,2022,27,4,1,869,2016m3,1,245,1,1,8,2,147,2,2,3,,2024-04-17 20:11
201424,20142405,25,2022,23,4,,,,,,,1,8,1,,,,3,,2024-04-17 20:11
201425,20142501,25,2022,59,6,1,842,2015m5,1,412,1,3,5,1,290,2,2,5,,2024-04-17 20:11
201425,20142502,25,2022,27,5,1,961,,1,422,1,1,5,2,245,1,3,4,,2024-04-17 20:11
201425,20142503,25,2022,25,5,1,301,2021m10,2,930,1,1,5,1,245,2,2,5,,2024-04-17 20:11
201426,20142601,25,2022,62,3,2,423,1980m3,4,762,2,2,1,1,300,,3,4,,2024-04-17 20:11
201426,20142602,25,2022,59,3,,,,,,,2,1,2,,,,4,,2024-04-17 20:11
201426,20142603,25,2022,32,6,1,852,2020m3,2,252,1,1,1,2,235,2,3,4,,2024-04-17 20:11
201427,20142702,25,2022,57,6,,,,,,,2,1,2,,,,3,,2024-04-17 20:11
201428,20142801,25,2022,74,2,2,492,2005m3,4,873,2,2,1,1,150,,3,4,,2024-04-17 20:11
201428,20142802,25,2022,64,2,,,,,,,2,1,2,,,,4,,2024-04-17 20:11
201429,20142901,25,2022,79,1,,,,,,,3,1,2,,,,5,,2024-04-17 20:11
201429,20142902,25,2022,54,3,1,152,1998m3,1,922,1,1,1,1,250,1,3,5,,2024-04-17 20:11
201430,20143001,25,2022,69,6,2,265,2013m3,4,864,2,2,1,1,450,,2,3,,2024-04-17 20:11
201430,20143002,25,2022,66,3,1,872,2020m7,1,421,1,2,1,2,174,2,2,4,,2024-04-17 20:11
201430,20143003,25,2022,37,5,1,732,2018m3,1,285,1,1,1,1,280,1,3,4,,2024-04-17 20:11
210034,20143004,25,2022,36,6,,,,,,,2,1,2,,,,4,,2024-04-17 20:11
201432,20143201,25,2022,50,3,1,651,2008m3,1,320,1,3,1,2,150,1,3,4,,2024-04-17 20:11
201432,20143202,25,2022,26,6,,,,,,,1,1,2,,,,3,,2024-04-17 20:11
201432,20143203,25,2022,24,3,,,,,,,1,1,1,,,,4,,2024-04-17 20:11
201433,20143301,25,2022,80,2,,,,,,,2,1,1,,,,2,,2024-04-17 20:11
201433,20143302,25,2022,80,2,,,,,,,2,1,2,,,,2,,2024-04-17 20:11
201434,20143401,25,2022,51,6,1,872,2010m5,1,922,1,1,1,1,130,1,2,5,,2024-04-17 20:11
201435,20143502,25,2022,85,1,,,,,,,3,1,2,,,,6,,2024-04-17 20:11
201437,20143701,25,2022,63,3,,,,,,,2,1,1,,,,4,,2024-04-17 20:11
201437,20143702,25,2022,56,3,1,851,2000m5,1,253,1,2,1,2,230,1,2,4,,2024-04-17 20:11
201437,20143703,25,2022,27,5,1,423,2018m3,1,761,1,1,1,1,210,1,2,4,,2024-04-17 20:11
201439,20143901,25,2022,63,3,2,763,1977m5,4,522,2,1,1,1,300,,3,4,,2024-04-17 20:11
201440,20144001,25,2022,75,3,1,682,2021m5,1,942,1,2,1,1,150,2,3,3,,2024-04-17 20:11
201440,20144002,25,2022,72,2,,,,,,,2,1,2,,,,3,,2024-04-17 20:11
201441,20144102,25,2022,46,6,,,,,,,2,1,2,,,,4,,2024-04-17 20:11
201442,20144201,25,2022,62,3,1,969,2020m12,3,951,1,3,1,2,100,2,3,3,,2024-04-17 20:11
201443,20144301,25,2022,42,5,1,721,2006m3,1,231,1,2,1,1,350,1,3,4,,2024-04-17 20:11
201443,20144302,25,2022,40,5,,,,,,,2,1,2,,,,4,,2024-04-17 20:11
201444,20144401,25,2022,65,5,1,872,2013m3,1,421,1,3,1,2,120,1,2,5,,2024-04-17 20:11
201445,20144501,25,2022,66,2,1,651,2008m4,2,510,1,2,1,2,1000,2,2,5,,2024-04-17 20:11
201446,20144601,25,2022,73,2,1,682,2018m7,2,941,1,3,1,2,112,2,3,6,,2024-04-17 20:11
201446,20144602,25,2022,49,3,,,,,,,1,1,1,,,,6,,2024-04-17 20:11
201447,20144701,25,2022,81,2,,,,,,,3,1,2,,,,6,,2024-04-17 20:11
201448,20144801,25,2022,72,2,,,,,,,2,1,1,,,,6,,2024-04-17 20:11
201448,20144802,25,2022,65,2,1,561,2020m3,2,952,1,2,1,2,125,2,3,6,,2024-04-17 20:11
201448,20144803,25,2022,40,3,,,,,,,1,1,2,,,,6,,2024-04-17 20:11
201448,20144804,25,2022,38,3,1,471,2010m5,3,521,1,1,1,2,160,2,3,5,,2024-04-17 20:11
201449,20144901,25,2022,84,2,,,,,,,2,1,1,,,,6,,2024-04-17 20:11
201449,20144902,25,2022,81,2,1,682,2018m2,2,941,1,2,1,2,125,2,2,6,,2024-04-17 20:11
201450,20145001,25,2022,82,3,,,,,,,2,1,1,,,,6,,2024-04-17 20:11
201450,20145002,25,2022,81,2,,,,,,,2,1,2,,,,6,,2024-04-17 20:11
201451,20145101,25,2022,56,3,1,410,2020m11,3,910,1,2,1,1,300,2,3,5,,2024-04-17 20:11
201451,20145102,25,2022,56,3,,,,,,,2,1,2,,,,5,,2024-04-17 20:11
201451,20145103,25,2022,30,3,1,477,2017m3,1,953,1,1,1,1,300,1,2,5,,2024-04-17 20:11
201452,20145201,25,2022,85,1,,,,,,,3,1,2,,,,6,,2024-04-17 20:11
201453,20145301,25,2022,65,3,2,11,1981m5,4,611,2,2,16,1,150,,4,5,,2024-04-17 20:11
201453,20145302,25,2022,61,2,3,11,1985m1,5,611,2,2,16,2,,,4,4,,2024-04-17 20:11
201454,20145401,25,2022,64,6,1,853,1989m3,1,251,1,2,16,1,450,1,4,2,,2024-04-17 20:11
201454,20145402,25,2022,59,6,,,,,,,2,16,2,,,,2,,2024-04-17 20:11
201455,20145501,25,2022,55,5,,,,,,,3,16,2,,,,3,,2024-04-17 20:11
201456,20145601,25,2022,64,3,2,492,1996m6,4,873,2,2,16,1,150,,4,5,,2024-04-17 20:11
201456,20145602,25,2022,59,2,,,,,,,2,16,2,,,,4,,2024-04-17 20:11
201456,20145603,25,2022,29,6,1,861,2016m2,1,243,1,1,16,2,200,1,3,5,,2024-04-17 20:11
201457,20145701,25,2022,83,6,,,,,,,2,16,1,,,,4,,2024-04-17 20:11
201457,20145702,25,2022,83,2,,,,,,,2,16,2,,,,5,,2024-04-17 20:11
201460,20146001,25,2022,82,2,,,,,,,2,16,2,,,,5,,2024-04-17 20:11
201460,20146002,25,2022,84,3,,,,,,,2,16,1,,,,4,,2024-04-17 20:11
201461,20146101,25,2022,51,6,2,11,2005m7,4,611,2,2,16,1,100,,4,2,,2024-04-17 20:11
201461,20146102,25,2022,45,3,,,,,,,2,16,2,,,,2,,2024-04-17 20:11
201461,20146103,25,2022,20,4,,,,,,,1,16,2,,,,4,,2024-04-17 20:11
201461,20146104,25,2022,16,2,,,,,,,1,16,2,,,,2,,2024-04-17 20:11
201462,20146201,25,2022,60,6,1,853,2001m8,1,251,1,2,16,1,500,1,2,3,,2024-04-17 20:11
201462,20146202,25,2022,59,6,,,,,,,2,16,2,,,,2,,2024-04-17 20:11
201462,20146203,25,2022,29,6,,,,,,,1,16,2,,,,3,,2024-04-17 20:11
201462,20146204,25,2022,27,6,,,,,,,1,16,1,,,,3,,2024-04-17 20:11
201462,20146205,25,2022,25,4,,,,,,,1,16,1,,,,3,,2024-04-17 20:11
201463,20146301,25,2022,44,6,1,631,2012m2,1,312,1,2,16,1,800,1,1,2,,2024-04-17 20:11
201463,20146302,25,2022,41,5,1,856,2021m8,2,254,1,2,16,2,130,2,4,4,,2024-04-17 20:11
201464,20146401,25,2022,48,5,2,423,,4,762,2,2,16,1,400,,3,3,,2024-04-17 20:11
201464,20146402,25,2022,45,5,1,861,2000m2,1,245,1,2,16,2,300,1,4,2,,2024-04-17 20:11
201464,20146403,25,2022,18,2,,,,,,,1,16,2,,,,4,,2024-04-17 20:11
201464,20146404,25,2022,16,2,,,,,,,1,16,1,,,,4,,2024-04-17 20:11
201465,20146501,25,2022,54,6,1,641,1993m3,2,330,1,2,16,1,200,2,4,4,,2024-04-17 20:11
201465,20146502,25,2022,54,6,1,851,1991m3,1,131,1,2,16,2,450,1,1,3,,2024-04-17 20:11
201465,20146503,25,2022,23,4,,,,,,,1,16,1,,,,3,,2024-04-17 20:11
201465,20146504,25,2022,21,4,,,,,,,1,16,2,,,,2,,2024-04-17 20:11
201466,20146601,25,2022,41,6,2,424,2021m1,4,782,2,2,16,1,200,,4,2,,2024-04-17 20:11
201466,20146602,25,2022,37,6,1,651,2009m10,1,320,1,2,16,2,200,1,4,3,,2024-04-17 20:11
201466,20146605,25,2022,62,3,,,,,,,3,16,2,,,,3,,2024-04-17 20:11
201467,20146701,25,2022,66,3,,,,,,,3,16,1,,,,6,,2024-04-17 20:11
201468,20146801,25,2022,80,3,2,11,,4,611,2,2,16,1,57,,3,4,,2024-04-17 20:11
201468,20146802,25,2022,79,2,,,,,,,2,16,2,,,,3,,2024-04-17 20:11
201471,20147101,25,2022,46,5,1,529,2011m5,1,311,1,2,15,1,360,1,2,4,,2024-04-17 20:11
201471,20147102,25,2022,43,5,1,292,2017m12,1,312,1,2,15,2,210,1,2,4,,2024-04-17 20:11
201472,20147201,25,2022,79,3,1,841,2018m4,2,,1,2,2,1,27,2,2,5,,2024-04-17 20:11
201472,20147202,25,2022,74,2,,,,,,,2,2,2,,,,6,,2024-04-17 20:11
201473,20147301,25,2022,75,2,,,,,,,3,15,1,,,,6,,2024-04-17 20:11
201474,20147401,25,2022,64,2,1,742,2014m2,1,941,1,3,15,2,167,2,3,5,,2024-04-17 20:11
201474,20147402,25,2022,39,3,1,311,2021m7,1,743,1,1,15,1,259,1,3,4,,2024-04-17 20:11
201475,20147501,25,2022,55,5,2,492,2008m3,4,873,2,2,15,1,180,,3,6,,2024-04-17 20:11
201475,20147502,25,2022,53,3,,,,,,,2,15,2,,,,5,,2024-04-17 20:11
201475,20147503,25,2022,29,5,,,,,,,1,15,1,,,,4,,2024-04-17 20:11
201475,20147504,25,2022,26,3,,,,,,,1,15,2,,,,4,,2024-04-17 20:11
201476,20147601,25,2022,56,2,2,561,2021m6,4,441,2,3,13,2,250,,4,5,,2024-04-17 20:11
210301,20147602,25,2022,54,3,,,,,,,3,13,1,,,,6,,2024-04-17 20:11
210088,20147603,25,2022,34,5,1,862,2021m10,1,245,1,2,2,1,330,1,3,5,,2024-04-17 20:11
201477,20147701,25,2022,79,2,,,,,,,2,2,1,,,,4,,2024-04-17 20:11
201477,20147702,25,2022,78,2,,,,,,,2,2,2,,,,4,,2024-04-17 20:11
201478,20147801,25,2022,43,6,1,949,2006m2,1,248,1,2,2,1,250,1,2,5,,2024-04-17 20:11
201478,20147802,25,2022,38,6,1,861,2022m3,1,243,1,2,2,2,300,1,2,5,,2024-04-17 20:11
201479,20147901,25,2022,68,2,1,841,2022m2,2,941,1,2,7,1,200,2,2,4,,2024-04-17 20:11
201479,20147902,25,2022,63,2,,,,,,,2,7,2,,,,4,,2024-04-17 20:11
201480,20148001,25,2022,71,2,,,,,,,2,2,1,,,,5,,2024-04-17 20:11
201480,20148002,25,2022,66,2,1,970,2021m8,3,951,1,2,2,2,110,2,2,5,,2024-04-17 20:11
210274,20148003,25,2022,35,6,1,852,2015m4,1,252,1,2,2,1,200,1,2,5,,2024-04-17 20:11
201481,20148101,25,2022,45,3,2,463,2006m5,4,521,2,1,2,1,200,,2,5,,2024-04-17 20:11
201482,20148201,25,2022,40,3,1,951,2014m4,1,771,1,2,2,1,700,1,2,4,,2024-04-17 20:11
201482,20148202,25,2022,32,6,,,,,,,2,2,2,,,,4,,2024-04-17 20:11
201483,20148302,25,2022,64,2,,,,,,,3,2,2,,,,5,,2024-04-17 20:11
201484,20148401,25,2022,66,3,1,424,2010m5,3,782,1,2,2,1,200,2,3,4,,2024-04-17 20:11
201484,20148402,25,2022,65,3,,,,,,,2,2,2,,,,4,,2024-04-17 20:11
201484,20148403,25,2022,30,3,,,,,,,1,2,1,,,,4,,2024-04-17 20:11
201485,20148501,25,2022,35,6,2,478,2020m8,4,521,2,1,2,1,200,,2,5,,2024-04-17 20:11
201486,20148601,25,2022,54,3,1,452,2020m8,1,312,1,1,2,2,150,1,3,3,,2024-04-17 20:11
201488,20148801,25,2022,57,5,1,108,1997m2,1,874,1,3,15,1,380,1,3,4,,2024-04-17 20:11
210014,20148802,25,2022,27,6,1,861,2019m3,1,243,1,1,2,2,300,1,3,3,,2024-04-17 20:11
201488,20148803,25,2022,25,5,,,,,,,1,15,1,,,,4,,2024-04-17 20:11
201489,20148901,25,2022,78,3,,,,,,,2,2,1,,,,5,,2024-04-17 20:11
201489,20148902,25,2022,75,3,,,,,,,2,2,2,,,,5,,2024-04-17 20:11
201490,20149001,25,2022,69,3,1,702,2016m3,2,,1,3,2,2,25,2,3,4,,2024-04-17 20:11
201491,20149101,25,2022,80,3,,,,,,,2,2,1,,,,4,,2024-04-17 20:11
201491,20149102,25,2022,74,3,,,,,,,2,2,2,,,,4,,2024-04-17 20:11
201492,20149201,25,2022,40,6,,,,,,,1,2,2,,,,5,,2024-04-17 20:11
201493,20149301,25,2022,91,2,,,,,,,3,2,2,,,,4,,2024-04-17 20:11
201493,20149302,25,2022,64,6,1,662,2009m9,1,510,1,3,2,1,300,2,3,4,,2024-04-17 20:11
201493,20149303,25,2022,37,6,1,529,2016m3,1,312,1,1,2,1,400,1,2,4,,2024-04-17 20:11
201495,20149501,25,2022,71,2,,,,,,,2,2,1,,,,5,,2024-04-17 20:11
201495,20149502,25,2022,65,2,1,311,1987m1,3,910,1,2,2,2,100,2,3,5,,2024-04-17 20:11
201496,20149601,25,2022,82,3,,,,,,,3,2,1,,,,6,,2024-04-17 20:11
201497,20149701,25,2022,64,3,2,961,2000m1,4,422,2,3,2,2,150,,3,4,,2024-04-17 20:11
201498,20149801,25,2022,56,3,1,423,2016m1,3,762,1,2,2,1,300,2,3,4,,2024-04-17 20:11
201498,20149802,25,2022,51,3,,,,,,,2,2,2,,,,4,,2024-04-17 20:11
201499,20149901,25,2022,63,3,1,311,1993m3,1,851,1,2,2,1,260,2,2,4,,2024-04-17 20:11
201499,20149902,25,2022,60,3,1,471,1991m4,1,521,1,2,2,2,160,2,2,4,,2024-04-17 20:11
201500,20150001,25,2022,66,2,1,861,2009m3,1,441,1,3,2,2,250,2,2,4,,2024-04-17 20:11
201501,20150101,25,2022,79,2,,,,,,,2,2,1,,,,4,,2024-04-17 20:11
201501,20150102,25,2022,79,2,1,841,2019m3,2,941,1,2,2,2,27,2,3,4,,2024-04-17 20:11
201502,20150201,25,2022,73,2,,,,,,,3,2,2,,,,4,,2024-04-17 20:11
201502,20150202,25,2022,50,6,1,951,2000m3,1,771,1,2,2,1,300,1,3,4,,2024-04-17 20:11
201502,20150203,25,2022,50,5,1,562,2020m8,1,441,1,2,2,2,130,2,3,4,,2024-04-17 20:11
201502,20150204,25,2022,20,4,,,,,,,1,2,2,,,,4,,2024-04-17 20:11
201502,20150205,25,2022,17,2,,,,,,,1,2,2,,,,4,,2024-04-17 20:11
201503,20150301,25,2022,64,6,1,521,2019m8,1,874,1,2,7,1,240,2,2,3,,2024-04-17 20:11
201503,20150302,25,2022,63,3,,,,,,,2,7,2,,,,3,,2024-04-17 20:11
201504,20150401,25,2022,68,3,,,,,,,3,7,1,,,,6,,2024-04-17 20:11
201505,20150501,25,2022,68,3,,,,,,,2,2,1,,,,5,,2024-04-17 20:11
201505,20150502,25,2022,67,3,1,751,2022m2,3,951,1,2,2,2,200,2,3,5,,2024-04-17 20:11
201506,20150601,25,2022,55,3,1,494,2016m7,1,921,1,3,7,1,240,1,3,5,,2024-04-17 20:11
201507,20150701,25,2022,56,6,1,252,1986m3,1,312,1,2,2,1,500,1,3,3,,2024-04-17 20:11
201507,20150702,25,2022,56,3,,,,,,,2,2,2,,,,3,,2024-04-17 20:11
201507,20150703,25,2022,30,6,,,,,,,1,2,1,,,,3,,2024-04-17 20:11
201507,20150704,25,2022,24,4,,,,,,,1,2,2,,,,3,,2024-04-17 20:11
201508,20150801,25,2022,75,3,,,,,,,3,7,1,,,,6,,2024-04-17 20:11
201509,20150901,25,2022,66,2,1,753,2021m8,1,312,1,2,2,1,200,2,3,3,,2024-04-17 20:11
201509,20150902,25,2022,61,2,1,751,2022m1,1,941,1,2,2,2,155,2,3,5,,2024-04-17 20:11
201510,20151001,25,2022,82,2,,,,,,,3,2,1,,,,4,,2024-04-17 20:11
201511,20151101,25,2022,71,2,1,651,1998m1,1,510,1,3,2,2,150,1,3,5,,2024-04-17 20:11
201512,20151202,25,2022,78,2,,,,,,,3,2,2,,,,4,,2024-04-17 20:11
201513,20151301,25,2022,88,1,,,,,,,3,2,2,,,,5,,2024-04-17 20:11
201513,20151302,25,2022,64,2,,,,,,,2,2,1,,,,5,,2024-04-17 20:11
201513,20151303,25,2022,62,2,,,,,,,2,2,2,,,,5,,2024-04-17 20:11
201514,20151401,25,2022,71,1,,,,,,,2,2,1,,,,6,,2024-04-17 20:11
201514,20151402,25,2022,70,2,,,,,,,2,2,2,,,,6,,2024-04-17 20:11
201515,20151501,25,2022,67,3,,,,,,,2,2,1,,,,4,,2024-04-17 20:11
201515,20151502,25,2022,63,3,,,,,,,2,2,2,,,,4,,2024-04-17 20:11
210015,20151503,25,2022,34,6,1,949,2015m9,1,273,1,1,2,1,350,1,2,4,,2024-04-17 20:11
201517,20151701,25,2022,56,3,1,424,2018m9,3,783,1,2,2,1,120,2,4,4,,2024-04-17 20:11
201517,20151702,25,2022,51,3,1,561,2019m11,2,442,1,2,2,2,100,2,3,4,,2024-04-17 20:11
201517,20151703,25,2022,28,5,1,478,2019m12,1,314,1,1,2,2,200,2,3,4,,2024-04-17 20:11
201518,20151801,25,2022,81,2,2,529,2008m3,4,521,2,2,2,1,300,,3,4,,2024-04-17 20:11
201518,20151802,25,2022,78,2,,,,,,,2,2,2,,,,4,,2024-04-17 20:11
201519,20151901,25,2022,56,3,1,241,1996m6,1,236,1,2,2,1,450,1,3,3,,2024-04-17 20:11
201519,20151902,25,2022,50,3,1,271,2004m6,1,854,1,2,2,2,185,1,3,3,,2024-04-17 20:11
201519,20151903,25,2022,30,5,1,241,2017m7,1,930,1,1,2,1,350,1,3,3,,2024-04-17 20:11
201519,20151904,25,2022,27,4,,,,,,,1,2,1,,,,3,,2024-04-17 20:11
201520,20152001,25,2022,80,1,,,,,,,3,16,2,,,,4,,2024-04-17 20:11
201521,20152101,25,2022,61,3,2,12,1985m5,4,613,2,2,16,1,350,,2,4,,2024-04-17 20:11
201521,20152102,25,2022,59,3,3,11,1986m3,5,613,2,2,16,2,,,2,4,,2024-04-17 20:11
201522,20152201,25,2022,79,1,,,,,,,2,16,1,,,,4,,2024-04-17 20:11
201522,20152202,25,2022,83,1,,,,,,,2,16,2,,,,3,,2024-04-17 20:11
201523,20152301,25,2022,80,1,,,,,,,3,16,2,,,,5,,2024-04-17 20:11
201524,20152401,25,2022,66,1,2,11,1971m5,4,611,2,3,16,2,79,,4,4,,2024-04-17 20:11
201525,20152501,25,2022,60,3,1,841,2022m4,2,941,1,1,8,1,92,2,3,5,,2024-04-17 20:11
201526,20152601,25,2022,85,1,,,,,,,3,14,2,,,,6,,2024-04-17 20:11
201527,20152701,25,2022,66,3,2,493,1992m3,4,873,2,2,8,1,600,,2,3,,2024-04-17 20:11
201527,20152702,25,2022,62,3,1,872,2022m5,3,421,1,2,8,2,45,2,3,3,,2024-04-17 20:11
201528,20152802,25,2022,39,6,1,641,2007m9,1,320,1,2,1,2,450,1,2,4,,2024-04-17 20:11
201531,20153101,25,2022,88,1,,,,,,,3,1,2,,,,6,,2024-04-17 20:11
201532,20153201,25,2022,60,2,1,561,2012m2,3,442,1,3,1,2,60,2,3,5,,2024-04-17 20:11
201533,20153302,25,2022,60,2,,,,,,,2,1,2,,,,6,,2024-04-17 20:11
201533,20153303,25,2022,39,5,,,,,,,1,1,1,,,,6,,2024-04-17 20:11
201534,20153402,25,2022,36,3,,,,,,,2,1,2,,,,4,,2024-04-17 20:11
201535,20153501,25,2022,50,3,2,463,2021m2,4,873,2,2,1,1,20,,4,5,,2024-04-17 20:11
201535,20153502,25,2022,45,3,1,969,2020m8,2,,1,2,1,2,150,2,2,5,,2024-04-17 20:11
201535,20153503,25,2022,21,4,,,,,,,1,1,2,,,,6,,2024-04-17 20:11
201535,20153504,25,2022,19,4,1,561,2021m7,2,441,1,1,1,1,40,2,4,5,,2024-04-17 20:11
201536,20153601,25,2022,78,3,,,,,,,3,1,2,,,,4,,2024-04-17 20:11
201537,20153702,25,2022,47,5,1,651,2021m11,2,510,1,2,1,2,100,2,3,3,,2024-04-17 20:11
201538,20153801,25,2022,91,6,,,,,,,1,1,2,,,,4,,2024-04-17 20:11
201539,20153901,25,2022,53,6,1,911,2022m1,2,286,1,1,1,2,150,2,4,4,,2024-04-17 20:11
201541,20154101,25,2022,70,3,,,,,,,3,3,1,,,,6,,2024-04-17 20:11
201542,20154201,25,2022,86,1,,,,,,,3,14,2,,,,6,,2024-04-17 20:11
201543,20154301,25,2022,76,2,,,,,,,2,14,1,,,,5,,2024-04-17 20:11
201543,20154302,25,2022,69,2,,,,,,,2,14,2,,,,5,,2024-04-17 20:11
201544,20154401,25,2022,76,2,,,,,,,3,14,2,,,,4,,2024-04-17 20:11
201545,20154501,25,2022,70,2,,,,,,,2,14,1,,,,4,,2024-04-17 20:11
201545,20154502,25,2022,65,2,,,,,,,2,14,2,,,,4,,2024-04-17 20:11
201545,20154503,25,2022,42,3,,,,,,,1,14,1,,,,4,,2024-04-17 20:11
201546,20154601,25,2022,81,2,,,,,,,3,14,2,,,,4,,2024-04-17 20:11
201547,20154701,25,2022,64,2,1,952,2018m1,2,751,1,2,14,1,80,2,3,4,,2024-04-17 20:11
201547,20154702,25,2022,61,2,,,,,,,2,14,2,,,,4,,2024-04-17 20:11
201547,20154703,25,2022,23,3,,,,,,,1,14,1,,,,5,,2024-04-17 20:11
201548,20154801,25,2022,69,2,2,11,1996m3,4,611,2,2,14,1,130,,3,4,,2024-04-17 20:11
201548,20154802,25,2022,67,2,3,11,1985m11,5,611,2,2,14,2,,,3,4,,2024-04-17 20:11
201549,20154901,25,2022,77,1,,,,,,,3,14,2,,,,4,,2024-04-17 20:11
201550,20155001,25,2022,85,2,2,11,2000m3,4,611,2,2,14,1,150,,3,4,,2024-04-17 20:11
201550,20155002,25,2022,83,2,3,11,2000m3,5,611,2,2,14,2,,,3,4,,2024-04-17 20:11
201551,20155101,25,2022,83,2,,,,,,,3,14,1,,,,4,,2024-04-17 20:11
201553,20155301,25,2022,64,2,,,,,,,3,14,2,,,,4,,2024-04-17 20:11
201554,20155401,25,2022,78,2,,,,,,,3,14,2,,,,4,,2024-04-17 20:11
201554,20155402,25,2022,20,4,,,,,,,1,14,2,,,,4,,2024-04-17 20:11
201558,20155801,25,2022,37,3,1,952,2014m3,1,751,1,2,14,1,300,1,2,3,,2024-04-17 20:11
201558,20155802,25,2022,35,6,1,351,2017m8,1,313,1,2,14,2,150,1,2,3,,2024-04-17 20:11
201559,20155901,25,2022,48,6,1,841,2009m1,1,311,1,2,14,1,370,1,2,3,,2024-04-17 20:11
201559,20155902,25,2022,43,6,,,,,,,2,14,2,,,,3,,2024-04-17 20:11
201560,20156001,25,2022,61,3,1,492,2003m3,1,873,1,2,14,1,298,1,2,3,,2024-04-17 20:11
201560,20156002,25,2022,57,2,1,222,2003m3,1,832,1,2,14,2,199,1,3,3,,2024-04-17 20:11
201561,20156101,25,2022,80,2,,,,,,,2,14,1,,,,3,,2024-04-17 20:11
201561,20156102,25,2022,80,2,,,,,,,2,14,2,,,,3,,2024-04-17 20:11
201562,20156201,25,2022,57,5,2,467,1993m2,4,521,2,2,14,1,350,,3,4,,2024-04-17 20:11
201562,20156202,25,2022,54,3,3,467,2017m1,5,521,2,2,14,2,,,3,4,,2024-04-17 20:11
201562,20156203,25,2022,27,6,1,851,2018m5,1,252,1,1,14,2,250,2,2,5,,2024-04-17 20:11
201562,20156204,25,2022,24,6,,,,,,,1,14,2,,,,5,,2024-04-17 20:11
201562,20156205,25,2022,21,4,,,,,,,1,14,1,,,,6,,2024-04-17 20:11
201563,20156301,25,2022,59,6,2,961,2008m5,4,422,2,2,14,1,200,,3,4,,2024-04-17 20:11
201563,20156302,25,2022,58,5,3,961,2008m3,5,521,2,2,14,2,,,3,4,,2024-04-17 20:11
201564,20156401,25,2022,45,5,1,471,2013m3,1,312,1,2,14,1,380,1,2,3,,2024-04-17 20:11
201564,20156402,25,2022,41,6,,,,,,,2,14,2,,,,3,,2024-04-17 20:11
201565,20156501,25,2022,63,3,2,474,2003m3,4,521,2,2,14,2,350,,2,2,,2024-04-17 20:11
201565,20156502,25,2022,64,3,1,426,1988m3,1,875,1,2,14,1,300,1,3,3,,2024-04-17 20:11
201566,20156601,25,2022,82,2,,,,,,,2,14,1,,,,4,,2024-04-17 20:11
201566,20156602,25,2022,77,2,,,,,,,2,14,2,,,,4,,2024-04-17 20:11
201566,20156603,25,2022,57,3,2,106,2019m6,4,819,2,2,14,1,400,,2,4,,2024-04-17 20:11
201566,20156604,25,2022,53,3,,,,,,,2,14,2,,,,4,,2024-04-17 20:11
201567,20156701,25,2022,83,2,,,,,,,2,14,1,,,,5,,2024-04-17 20:11
201567,20156702,25,2022,81,2,,,,,,,2,14,2,,,,5,,2024-04-17 20:11
201568,20156801,25,2022,43,5,1,241,2009m3,1,841,1,2,14,1,300,1,3,5,,2024-04-17 20:11
201568,20156802,25,2022,40,3,,,,,,,2,14,2,,,,5,,2024-04-17 20:11
201569,20156901,25,2022,73,3,2,474,1998m2,4,521,2,2,14,1,400,,2,3,,2024-04-17 20:11
201569,20156902,25,2022,62,3,3,474,1998m3,5,521,2,2,14,2,,,2,3,,2024-04-17 20:11
201569,20156903,25,2022,42,5,1,474,2010m3,1,521,1,2,14,2,180,1,2,4,,2024-04-17 20:11
201569,20156904,25,2022,42,5,2,423,2015m3,4,761,2,2,14,1,400,,2,4,,2024-04-17 20:11
201570,20157001,25,2022,80,3,,,,,,,2,14,1,,,,4,,2024-04-17 20:11
201570,20157002,25,2022,74,2,,,,,,,2,14,2,,,,3,,2024-04-17 20:11
201572,20157201,25,2022,42,3,1,204,2007m3,1,832,1,2,14,1,330,1,2,3,,2024-04-17 20:11
201572,20157202,25,2022,40,3,,,,,,,2,14,2,,,,4,,2024-04-17 20:11
201573,20157301,25,2022,53,5,1,422,2019m7,1,312,1,2,14,1,400,1,2,3,,2024-04-17 20:11
201573,20157302,25,2022,47,6,2,855,2021m7,4,254,2,2,14,2,100,,3,3,,2024-04-17 20:11
201573,20157303,25,2022,17,2,,,,,,,1,14,1,,,,5,,2024-04-17 20:11
201573,20157304,25,2022,15,2,,,,,,,1,14,2,,,,3,,2024-04-17 20:11
201575,20157501,25,2022,39,6,1,251,2019m1,1,312,1,2,14,1,350,1,2,3,,2024-04-17 20:11
201575,20157502,25,2022,40,5,1,872,2022m2,1,247,1,2,14,2,200,1,2,3,,2024-04-17 20:11
201576,20157601,25,2022,57,5,2,470,2008m5,4,521,2,2,14,1,400,,2,3,,2024-04-17 20:11
201576,20157602,25,2022,55,5,,,,,,,2,14,2,,,,3,,2024-04-17 20:11
201576,20157603,25,2022,30,6,,,,,,,1,14,1,,,,6,,2024-04-17 20:11
201576,20157604,25,2022,25,6,,,,,,,1,14,2,,,,6,,2024-04-17 20:11
201577,20157701,25,2022,55,6,1,841,1994m3,1,311,1,2,14,1,380,1,2,3,,2024-04-17 20:11
201577,20157702,25,2022,52,5,,,,,,,2,14,2,,,,3,,2024-04-17 20:11
201577,20157703,25,2022,24,6,,,,,,,1,14,2,,,,6,,2024-04-17 20:11
201577,20157704,25,2022,22,6,,,,,,,1,14,2,,,,6,,2024-04-17 20:11
201578,20157801,25,2022,64,6,,,,,,,2,3,1,,,,4,,2024-04-17 20:11
201578,20157802,25,2022,57,6,,,,,,,2,3,2,,,,4,,2024-04-17 20:11
201578,20157803,25,2022,25,6,,,,,,,1,3,1,,,,4,,2024-04-17 20:11
201578,20157804,25,2022,30,6,1,641,2017m10,1,320,1,1,3,2,360,1,2,4,,2024-04-17 20:11
201579,20157901,25,2022,68,5,,,,,,,2,3,1,,,,4,,2024-04-17 20:11
201579,20157902,25,2022,66,6,,,,,,,2,3,2,,,,4,,2024-04-17 20:11
201579,20157903,25,2022,40,6,1,856,2008m3,2,254,1,1,3,2,200,2,3,3,,2024-04-17 20:11
201580,20158001,25,2022,67,6,2,529,1984m3,4,312,2,2,3,1,500,,3,3,,2024-04-17 20:11
201580,20158002,25,2022,58,3,,,,,,,2,3,2,,,,3,,2024-04-17 20:11
201581,20158101,25,2022,74,3,1,851,2019m3,2,,1,2,3,1,50,2,3,4,,2024-04-17 20:11
201581,20158102,25,2022,76,2,,,,,,,2,3,2,,,,4,,2024-04-17 20:11
201582,20158201,25,2022,62,6,1,422,2019m10,1,510,1,2,3,1,300,1,3,4,,2024-04-17 20:11
201582,20158202,25,2022,60,6,,,,,,,2,3,2,,,,4,,2024-04-17 20:11
201582,20158203,25,2022,31,6,2,856,2021m12,4,254,2,1,3,1,250,,2,3,,2024-04-17 20:11
201582,20158204,25,2022,30,6,1,729,2021m12,1,312,1,1,3,1,200,1,2,3,,2024-04-17 20:11
201583,20158301,25,2022,72,6,2,712,1983m3,4,271,2,2,3,1,800,,2,2,,2024-04-17 20:11
201583,20158302,25,2022,71,3,,,,,,,2,3,2,,,,3,,2024-04-17 20:11
201584,20158402,25,2022,71,2,,,,,,,3,3,2,,,,4,,2024-04-17 20:11
201585,20158501,25,2022,42,3,1,181,2019m3,1,281,1,1,2,2,220,1,3,6,,2024-04-17 20:11
201586,20158601,25,2022,72,3,,,,,,,3,2,1,,,,4,,2024-04-17 20:11
201587,20158701,25,2022,59,2,2,463,1991m2,4,922,2,2,2,1,300,,3,4,,2024-04-17 20:11
201587,20158702,25,2022,45,2,1,562,2019m6,1,442,1,2,2,2,200,2,3,3,,2024-04-17 20:11
201587,20158703,25,2022,20,3,1,561,2021m4,2,442,1,1,2,2,90,2,3,4,,2024-04-17 20:11
201588,20158801,25,2022,72,6,,,,,,,3,2,1,,,,5,,2024-04-17 20:11
201589,20158902,25,2022,54,3,1,759,2013m7,1,521,1,2,2,2,250,1,2,3,,2024-04-17 20:11
201591,20159101,25,2022,40,5,1,493,2016m3,1,873,1,2,2,1,400,1,2,5,,2024-04-17 20:11
201591,20159102,25,2022,39,3,,,,,,,2,2,2,,,,5,,2024-04-17 20:11
201593,20159301,25,2022,57,6,2,620,1998m3,4,224,2,2,2,1,300,,4,3,,2024-04-17 20:11
201593,20159303,25,2022,55,5,1,620,1998m3,1,313,1,2,2,2,200,1,2,3,,2024-04-17 20:11
201593,20159305,25,2022,26,6,,,,,,,1,2,2,,,,4,,2024-04-17 20:11
201596,20159601,25,2022,52,6,1,651,1995m2,1,311,1,2,2,1,540,1,2,4,,2024-04-17 20:11
201596,20159602,25,2022,49,6,,,,,,,2,2,2,,,,4,,2024-04-17 20:11
201596,20159603,25,2022,22,4,,,,,,,1,2,1,,,,5,,2024-04-17 20:11
201597,20159701,25,2022,50,5,,,,,,,1,1,2,,,,4,,2024-04-17 20:11
201598,20159801,25,2022,71,3,,,,,,,2,14,1,,,,4,,2024-04-17 20:11
201598,20159802,25,2022,70,2,,,,,,,2,14,2,,,,4,,2024-04-17 20:11
201600,20160001,25,2022,83,2,,,,,,,3,1,2,,,,5,,2024-04-17 20:11
201601,20160101,25,2022,80,2,,,,,,,2,1,1,,,,4,,2024-04-17 20:11
201601,20160102,25,2022,81,2,,,,,,,2,1,2,,,,3,,2024-04-17 20:11
201602,20160201,25,2022,78,2,,,,,,,3,1,2,,,,5,,2024-04-17 20:11
201604,20160401,25,2022,59,2,1,969,2020m5,1,951,1,3,1,2,170,2,2,3,,2024-04-17 20:11
201605,20160501,25,2022,56,3,,,,,,,3,1,2,,,,6,,2024-04-17 20:11
210036,20160502,25,2022,37,6,1,733,2021m11,2,399,1,1,8,2,200,2,2,6,,2024-04-17 20:11
201606,20160601,25,2022,78,1,,,,,,,3,1,2,,,,4,,2024-04-17 20:11
201607,20160701,25,2022,58,3,1,851,2008m3,1,253,1,2,1,1,300,1,2,4,,2024-04-17 20:11
201607,20160702,25,2022,54,3,,,,,,,2,1,2,,,,4,,2024-04-17 20:11
201607,20160703,25,2022,52,3,1,682,1998m3,1,852,1,1,1,1,300,1,3,3,,2024-04-17 20:11
201608,20160802,25,2022,71,2,,,,,,,3,1,2,,,,4,,2024-04-17 20:11
201608,20160803,25,2022,43,6,,,,,,,1,1,1,,,,4,,2024-04-17 20:11
201609,20160901,25,2022,80,3,,,,,,,2,1,1,,,,4,,2024-04-17 20:11
201609,20160902,25,2022,73,2,,,,,,,2,1,2,,,,4,,2024-04-17 20:11
201609,20160903,25,2022,47,6,2,682,2008m5,4,274,2,1,1,2,100,,3,3,,2024-04-17 20:11
201610,20161001,25,2022,39,6,1,721,2016m12,1,231,1,2,1,1,350,1,2,3,,2024-04-17 20:11
201610,20161002,25,2022,45,5,,,,,,,2,1,2,,,,3,,2024-04-17 20:11
201612,20161201,25,2022,53,6,1,949,2016m1,1,248,1,2,1,1,200,2,2,4,,2024-04-17 20:11
201613,20161301,25,2022,64,2,1,841,2022m5,2,942,1,3,1,1,200,2,3,4,,2024-04-17 20:11
201614,20161401,25,2022,39,6,1,841,2013m8,1,314,1,2,1,1,450,1,2,2,,2024-04-17 20:11
201614,20161402,25,2022,35,6,1,872,2020m2,1,312,1,2,1,2,300,1,2,3,,2024-04-17 20:11
201615,20161501,25,2022,71,2,1,855,2019m6,2,873,1,3,1,1,230,2,3,3,,2024-04-17 20:11
201617,20161701,25,2022,63,4,,,,,,,2,8,1,,,,4,,2024-04-17 20:11
201618,20161801,25,2022,60,6,,,,,,,2,1,1,,,,2,,2024-04-17 20:11
201618,20161802,25,2022,58,5,,,,,,,2,1,2,,,,2,,2024-04-17 20:11
210089,20161803,25,2022,30,6,1,841,2019m1,1,313,1,1,8,1,270,1,3,3,,2024-04-17 20:11
201618,20161804,25,2022,27,6,1,852,2022m1,1,313,1,1,1,1,200,1,3,3,,2024-04-17 20:11
201620,20162001,25,2022,78,2,,,,,,,2,13,1,,,,6,,2024-04-17 20:11
201620,20162002,25,2022,75,2,,,,,,,2,13,2,,,,5,,2024-04-17 20:11
201621,20162101,25,2022,53,6,,,,,,,1,6,1,,,,5,,2024-04-17 20:11
201621,20162102,25,2022,84,3,,,,,,,3,6,2,,,,5,,2024-04-17 20:11
201622,20162201,25,2022,75,2,,,,,,,3,6,2,,,,5,,2024-04-17 20:11
201623,20162301,25,2022,79,2,,,,,,,2,6,1,,,,6,,2024-04-17 20:11
201623,20162302,25,2022,74,2,,,,,,,2,6,2,,,,6,,2024-04-17 20:11
201624,20162401,25,2022,68,2,1,303,2006m2,1,873,1,2,6,1,230,1,2,4,,2024-04-17 20:11
201624,20162402,25,2022,65,2,,,,,,,2,6,2,,,,4,,2024-04-17 20:11
201625,20162501,25,2022,56,3,1,682,2021m3,1,862,1,2,2,1,260,1,2,4,,2024-04-17 20:11
201625,20162502,25,2022,56,6,2,474,2000m1,4,521,2,2,2,2,70,,3,4,,2024-04-17 20:11
201625,20162503,25,2022,25,3,1,289,2022m8,1,312,1,1,2,1,200,1,3,4,,2024-04-17 20:11
201625,20162504,25,2022,23,4,,,,,,,1,2,1,,,,4,,2024-04-17 20:11
201626,20162601,25,2022,56,6,1,422,1988m2,1,141,1,2,2,1,600,1,2,3,,2024-04-17 20:11
201626,20162602,25,2022,58,5,,,,,,,2,2,2,,,,3,,2024-04-17 20:11
201626,20162603,25,2022,29,6,1,465,2017m5,1,281,1,1,2,2,205,1,3,4,,2024-04-17 20:11
201627,20162701,25,2022,63,5,1,252,2021m1,1,274,1,2,2,1,400,1,2,3,,2024-04-17 20:11
201627,20162702,25,2022,56,3,,,,,,,2,2,2,,,,4,,2024-04-17 20:11
201627,20162703,25,2022,31,6,1,464,2017m2,1,510,1,1,2,1,300,1,3,4,,2024-04-17 20:11
201627,20162704,25,2022,30,6,1,620,2019m2,1,312,1,1,2,1,350,1,2,4,,2024-04-17 20:11
201628,20162801,25,2022,82,2,,,,,,,2,15,1,,,,5,,2024-04-17 20:11
201628,20162802,25,2022,79,2,2,11,1979m3,4,611,2,2,15,2,100,,3,5,,2024-04-17 20:11
201629,20162901,25,2022,81,1,1,841,2020m3,2,941,1,3,15,2,30,2,2,5,,2024-04-17 20:11
201629,20162902,25,2022,58,3,1,411,2018m8,3,783,1,1,15,1,50,2,3,4,,2024-04-17 20:11
201630,20163001,25,2022,84,1,,,,,,,3,15,2,,,,6,,2024-04-17 20:11
201631,20163101,25,2022,79,2,,,,,,,2,15,1,,,,5,,2024-04-17 20:11
201631,20163102,25,2022,72,2,,,,,,,2,15,2,,,,5,,2024-04-17 20:11
201632,20163201,25,2022,70,3,2,11,2000m5,4,611,2,2,15,1,200,,2,4,,2024-04-17 20:11
201632,20163202,25,2022,65,2,3,11,2000m5,5,611,2,2,15,2,,,2,4,,2024-04-17 20:11
201633,20163301,25,2022,80,2,,,,,,,3,15,2,,,,6,,2024-04-17 20:11
201634,20163401,25,2022,66,2,2,551,2015m1,4,432,2,2,15,1,430,,2,4,,2024-04-17 20:11
201634,20163402,25,2022,63,2,3,551,2015m1,5,941,2,2,15,2,,,2,4,,2024-04-17 20:11
201635,20163501,25,2022,82,1,,,,,,,3,15,1,,,,5,,2024-04-17 20:11
201636,20163601,25,2022,61,3,1,340,2004m1,1,762,1,2,15,1,300,1,2,4,,2024-04-17 20:11
201636,20163602,25,2022,59,3,2,561,1996m10,4,441,2,2,15,2,100,,3,4,,2024-04-17 20:11
201636,20163603,25,2022,25,6,1,861,2021m3,1,243,1,1,15,2,270,1,3,4,,2024-04-17 20:11
201636,20163604,25,2022,23,4,1,171,2021m3,1,891,1,1,15,1,250,1,2,4,,2024-04-17 20:11
201637,20163701,25,2022,83,2,,,,,,,3,15,2,,,,6,,2024-04-17 20:11
201638,20163801,25,2022,75,2,2,11,1967m2,4,611,2,2,15,1,400,,2,4,,2024-04-17 20:11
201638,20163802,25,2022,66,2,2,471,1995m5,4,521,2,2,15,2,200,,2,4,,2024-04-17 20:11
201639,20163901,25,2022,82,3,,,,,,,2,15,1,,,,6,,2024-04-17 20:11
201639,20163902,25,2022,76,2,,,,,,,2,15,2,,,,6,,2024-04-17 20:11
201640,20164001,25,2022,69,2,,,,,,,3,15,1,,,,6,,2024-04-17 20:11
201641,20164101,25,2022,80,2,,,,,,,3,15,2,,,,4,,2024-04-17 20:11
201643,20164301,25,2022,76,2,,,,,,,3,15,2,,,,6,,2024-04-17 20:11
201644,20164401,25,2022,54,6,1,251,2020m1,3,510,1,1,2,2,300,2,2,5,,2024-04-17 20:11
201645,20164501,25,2022,44,5,,,,,,,3,2,2,,,,6,,2024-04-17 20:11
201645,20164502,25,2022,15,2,,,,,,,1,2,2,,,,6,,2024-04-17 20:11
201646,20164601,25,2022,24,6,1,562,2022m1,1,441,1,1,2,2,200,1,2,4,,2024-04-17 20:11
201647,20164701,25,2022,60,3,1,411,2000m1,3,783,1,2,2,1,440,2,3,4,,2024-04-17 20:11
201647,20164702,25,2022,57,3,,,,,,,2,2,2,,,,4,,2024-04-17 20:11
201647,20164703,25,2022,28,4,,,,,,,1,2,1,,,,4,,2024-04-17 20:11
201648,20164802,25,2022,74,2,,,,,,,3,2,2,,,,5,,2024-04-17 20:11
201649,20164901,25,2022,53,5,1,969,2014m2,1,823,1,2,2,1,400,1,3,4,,2024-04-17 20:11
201649,20164902,25,2022,53,3,,,,,,,2,2,2,,,,4,,2024-04-17 20:11
201649,20164903,25,2022,19,4,,,,,,,1,2,1,,,,4,,2024-04-17 20:11
201650,20165001,25,2022,59,6,1,471,2015m3,1,521,1,3,2,2,205,2,3,6,,2024-04-17 20:11
201651,20165101,25,2022,42,6,1,411,2015m6,1,234,1,2,15,1,700,1,2,4,,2024-04-17 20:11
201651,20165102,25,2022,37,6,1,853,2018m4,2,314,1,2,15,2,300,2,2,4,,2024-04-17 20:11
201653,20165301,25,2022,60,2,1,411,2018m1,3,782,1,2,15,1,250,2,3,5,,2024-04-17 20:11
201653,20165302,25,2022,57,2,,,,,,,2,15,2,,,,5,,2024-04-17 20:11
201655,20165501,25,2022,86,3,,,,,,,3,15,1,,,,5,,2024-04-17 20:11
201656,20165602,25,2022,73,2,,,,,,,3,15,2,,,,4,,2024-04-17 20:11
201657,20165701,25,2022,83,2,1,841,2020m5,2,941,1,3,15,2,27,2,2,5,,2024-04-17 20:11
201657,20165702,25,2022,38,4,1,753,2010m3,1,412,1,1,15,1,235,2,3,5,,2024-04-17 20:11
201658,20165801,25,2022,69,6,,,,,,,2,15,1,,,,3,,2024-04-17 20:11
201661,20166101,25,2022,66,3,1,872,2022m3,1,421,1,2,3,1,170,1,2,5,,2024-04-17 20:11
201661,20166102,25,2022,61,2,1,872,2020m2,1,421,1,2,3,2,170,1,3,5,,2024-04-17 20:11
201661,20166103,25,2022,34,6,1,494,2020m8,1,922,1,1,3,1,300,1,3,5,,2024-04-17 20:11
201662,20166201,25,2022,87,1,,,,,,,3,1,2,,,,6,,2024-04-17 20:11
201662,20166202,25,2022,22,4,1,562,2021m5,3,442,1,1,1,2,50,2,3,4,,2024-04-17 20:11
201663,20166301,25,2022,46,6,,,,,,,1,1,1,,,,4,,2024-04-17 20:11
201667,20166701,25,2022,46,6,2,739,2013m7,4,281,2,2,1,1,333,,3,4,,2024-04-17 20:11
201667,20166702,25,2022,43,6,1,739,2015m3,1,330,1,2,1,2,192,1,3,4,,2024-04-17 20:11
201669,20166901,25,2022,59,6,2,464,2000m12,4,521,2,2,1,1,300,,4,4,,2024-04-17 20:11
201671,20167101,25,2022,76,2,,,,,,,2,1,1,,,,3,,2024-04-17 20:11
201671,20167102,25,2022,73,2,1,682,2016m3,2,941,1,2,1,2,120,2,2,4,,2024-04-17 20:11
201671,20167103,25,2022,47,5,1,649,1995m3,1,399,1,1,1,2,300,1,2,3,,2024-04-17 20:11
201671,20167104,25,2022,48,6,1,423,2022m1,1,862,1,1,1,1,450,1,2,3,,2024-04-17 20:11
201672,20167201,25,2022,53,3,2,424,2005m10,4,783,2,2,1,1,300,,3,4,,2024-04-17 20:11
201672,20167202,25,2022,51,3,1,561,2019m7,2,442,1,2,1,2,250,2,2,3,,2024-04-17 20:11
201672,20167203,25,2022,24,6,1,471,2021m2,2,521,1,1,1,1,100,2,4,5,,2024-04-17 20:11
201672,20167204,25,2022,21,3,1,251,2021m4,2,783,1,1,1,1,100,2,4,4,,2024-04-17 20:11
201674,20167401,25,2022,63,3,,,,,,,2,9,1,,,,5,,2024-04-17 20:11
201674,20167402,25,2022,58,2,,,,,,,2,9,2,,,,5,,2024-04-17 20:11
201675,20167501,25,2022,76,2,,,,,,,3,9,1,,,,5,,2024-04-17 20:11
201676,20167601,25,2022,77,2,,,,,,,3,9,2,,,,6,,2024-04-17 20:11
201677,20167701,25,2022,61,3,2,551,2015m1,4,432,2,3,9,2,150,,3,6,,2024-04-17 20:11
201678,20167801,25,2022,64,2,2,11,2002m3,4,611,2,2,9,1,250,,3,5,,2024-04-17 20:11
201678,20167802,25,2022,61,3,3,11,2002m3,5,611,2,2,9,2,,,3,5,,2024-04-17 20:11
201679,20167902,25,2022,79,2,,,,,,,3,9,2,,,,5,,2024-04-17 20:11
201680,20168001,25,2022,68,2,2,11,1988m4,4,611,2,2,9,1,150,,3,5,,2024-04-17 20:11
201680,20168002,25,2022,68,2,3,11,1988m4,5,611,2,2,9,2,,,3,5,,2024-04-17 20:11
201681,20168101,25,2022,86,1,,,,,,,3,9,2,,,,6,,2024-04-17 20:11
201682,20168201,25,2022,72,2,2,11,1973m5,4,611,2,2,9,1,50,,3,4,,2024-04-17 20:11
201682,20168202,25,2022,71,2,3,11,1973m12,5,611,2,2,9,2,,,3,4,,2024-04-17 20:11
201683,20168301,25,2022,70,2,2,11,1972m3,4,611,2,2,9,1,350,,3,5,,2024-04-17 20:11
201683,20168302,25,2022,67,2,3,11,1975m10,5,611,2,2,9,2,,,3,5,,2024-04-17 20:11
201683,20168303,25,2022,37,5,3,11,2013m11,5,611,2,2,9,1,,,3,5,,2024-04-17 20:11
201684,20168401,25,2022,61,2,2,11,2014m12,4,611,2,2,9,1,500,,2,4,,2024-04-17 20:11
201684,20168402,25,2022,62,2,3,11,2014m12,5,611,2,2,9,2,,,2,4,,2024-04-17 20:11
201685,20168501,25,2022,78,2,2,11,1965m5,4,611,2,2,9,1,50,,3,5,,2024-04-17 20:11
201685,20168502,25,2022,72,2,3,11,1969m4,5,611,2,2,9,2,,,3,5,,2024-04-17 20:11
201686,20168601,25,2022,78,2,2,11,1978m3,4,611,2,2,9,1,60,,3,5,,2024-04-17 20:11
201686,20168602,25,2022,71,2,3,11,1978m3,5,611,2,2,9,2,,,3,4,,2024-04-17 20:11
201687,20168701,25,2022,78,2,,,,,,,2,9,1,,,,5,,2024-04-17 20:11
201687,20168702,25,2022,70,2,,,,,,,2,9,2,,,,5,,2024-04-17 20:11
201688,20168801,25,2022,64,2,2,11,1979m4,4,611,2,3,9,2,40,,3,6,,2024-04-17 20:11
201689,20168902,25,2022,74,2,,,,,,,3,9,2,,,,5,,2024-04-17 20:11
201690,20169001,25,2022,79,3,2,11,1973m3,4,611,2,2,9,1,100,,3,5,,2024-04-17 20:11
201690,20169002,25,2022,68,2,3,11,1980m4,5,611,2,2,9,2,,,3,5,,2024-04-17 20:11
201691,20169101,25,2022,62,3,,,,,,,3,9,1,,,,6,,2024-04-17 20:11
201692,20169201,25,2022,40,3,2,912,2012m5,4,412,2,2,9,1,300,,3,5,,2024-04-17 20:11
201692,20169202,25,2022,43,3,,,,,,,2,9,2,,,,5,,2024-04-17 20:11
201693,20169301,25,2022,70,3,3,551,2015m7,5,941,2,2,9,1,,,3,4,,2024-04-17 20:11
201693,20169302,25,2022,65,3,3,551,2015m7,5,941,2,2,9,2,,,3,4,,2024-04-17 20:11
201694,20169401,25,2022,78,3,1,841,2018m3,2,952,1,3,9,2,27,2,3,6,,2024-04-17 20:11
201695,20169501,25,2022,83,2,1,872,2022m3,2,900,1,2,9,1,27,2,3,6,,2024-04-17 20:11
201695,20169502,25,2022,75,2,1,872,2022m3,2,900,1,2,9,2,27,2,3,6,,2024-04-17 20:11
201696,20169601,25,2022,69,2,2,11,1978m5,4,611,2,2,9,1,100,,3,5,,2024-04-17 20:11
201696,20169602,25,2022,60,2,,,,,,,2,9,2,,,,5,,2024-04-17 20:11
201697,20169701,25,2022,71,2,2,471,1986m3,4,521,2,2,9,1,150,,3,5,,2024-04-17 20:11
201697,20169702,25,2022,66,2,3,471,1986m7,5,521,2,2,9,2,,,4,5,,2024-04-17 20:11
201698,20169801,25,2022,63,2,2,11,1978m10,4,611,2,2,9,1,250,,3,5,,2024-04-17 20:11
201698,20169802,25,2022,53,2,3,11,1988m12,5,611,2,2,9,2,,,3,5,,2024-04-17 20:11
201699,20169901,25,2022,63,3,2,551,2012m3,4,432,2,2,9,1,100,,3,5,,2024-04-17 20:11
201699,20169902,25,2022,62,3,3,551,2012m3,5,941,2,2,9,2,,,3,5,,2024-04-17 20:11
201700,20170001,25,2022,71,2,1,841,2022m3,2,941,1,2,9,1,170,2,3,4,,2024-04-17 20:11
201700,20170002,25,2022,69,2,,,,,,,2,9,2,,,,5,,2024-04-17 20:11
201701,20170102,25,2022,88,2,,,,,,,3,9,2,,,,6,,2024-04-17 20:11
201702,20170201,25,2022,53,3,2,562,2016m8,4,521,2,1,9,2,150,,4,6,,2024-04-17 20:11
201703,20170301,25,2022,62,3,2,651,1997m10,4,510,2,3,9,2,700,,3,4,,2024-04-17 20:11
201704,20170401,25,2022,86,2,,,,,,,3,9,2,,,,6,,2024-04-17 20:11
201705,20170501,25,2022,74,2,2,11,1965m4,4,611,2,2,9,1,70,,4,5,,2024-04-17 20:11
201705,20170502,25,2022,72,2,3,11,1974m9,5,611,2,2,9,2,,,3,5,,2024-04-17 20:11
201706,20170601,25,2022,53,2,2,11,1997m9,4,611,2,2,9,1,100,,3,6,,2024-04-17 20:11
201706,20170602,25,2022,45,4,1,107,2019m11,2,710,1,2,9,2,220,2,3,6,,2024-04-17 20:11
201708,20170801,25,2022,71,2,,,,,,,2,9,1,,,,4,,2024-04-17 20:11
201708,20170802,25,2022,64,2,,,,,,,2,9,2,,,,5,,2024-04-17 20:11
201709,20170902,25,2022,81,1,3,11,1968m10,5,611,2,3,9,2,,,3,5,,2024-04-17 20:11
201709,20170903,25,2022,59,2,2,11,1982m3,4,611,2,2,9,1,250,,4,5,,2024-04-17 20:11
201710,20171001,25,2022,54,2,2,11,2012m3,4,611,2,2,9,1,150,,3,5,,2024-04-17 20:11
201711,20171101,25,2022,78,2,,,,,,,3,8,2,,,,4,,2024-04-17 20:11
201713,20171301,25,2022,74,3,,,,,,,2,8,1,,,,6,,2024-04-17 20:11
201713,20171302,25,2022,52,5,1,,2017m5,1,313,1,2,8,2,,1,4,5,,2024-04-17 20:11
201714,20171401,25,2022,73,2,,,,,,,2,1,2,,,,4,,2024-04-17 20:11
201714,20171402,25,2022,82,1,,,,,,,2,1,1,,,,4,,2024-04-17 20:11
201715,20171501,25,2022,53,3,1,424,2012m2,2,231,1,2,1,1,310,2,3,4,,2024-04-17 20:11
201715,20171502,25,2022,37,6,,,,,,,2,1,2,,,,4,,2024-04-17 20:11
201716,20171601,25,2022,80,2,1,872,2019m3,2,922,1,2,1,1,27,2,2,4,,2024-04-17 20:11
201716,20171602,25,2022,74,2,1,850,2018m3,2,952,1,2,1,2,27,2,2,5,,2024-04-17 20:11
201717,20171701,25,2022,70,6,2,478,1980m2,4,242,2,2,1,1,300,,3,3,,2024-04-17 20:11
201717,20171702,25,2022,63,3,,,,,,,2,1,2,,,,4,,2024-04-17 20:11
201718,20171801,25,2022,69,2,,,,,,,3,1,2,,,,4,,2024-04-17 20:11
201719,20171901,25,2022,82,2,,,,,,,3,1,1,,,,4,,2024-04-17 20:11
201720,20172001,25,2022,54,2,1,561,2021m6,3,441,1,3,1,1,100,2,3,6,,2024-04-17 20:11
201720,20172002,25,2022,16,2,,,,,,,1,1,2,,,,6,,2024-04-17 20:11
201721,20172101,25,2022,37,6,1,467,2021m9,1,873,1,2,9,1,230,1,3,4,,2024-04-17 20:11
201721,20172102,25,2022,29,5,,,,,,,2,9,2,,,,4,,2024-04-17 20:11
201722,20172201,25,2022,65,3,1,841,2018m3,2,941,1,2,1,1,220,2,2,4,,2024-04-17 20:11
201722,20172202,25,2022,61,3,2,471,2002m3,4,521,2,2,1,2,0,,3,4,,2024-04-17 20:11
201724,20172401,25,2022,50,3,1,492,2019m6,1,312,1,2,1,1,300,1,3,4,,2024-04-17 20:11
201724,20172402,25,2022,47,6,1,561,1999m5,1,441,1,2,1,2,250,1,2,4,,2024-04-17 20:11
201725,20172501,25,2022,81,2,,,,,,,3,1,1,,,,4,,2024-04-17 20:11
201726,20172601,25,2022,37,6,1,582,2015m5,1,222,1,2,1,1,350,1,2,3,,2024-04-17 20:11
201726,20172602,25,2022,40,6,1,759,2009m10,1,312,1,2,1,2,300,1,2,3,,2024-04-17 20:11
201727,20172701,25,2022,71,2,,,,,,,2,8,1,,,,4,,2024-04-17 20:11
201727,20172702,25,2022,69,2,1,682,2014m5,2,941,1,2,8,2,140,2,4,4,,2024-04-17 20:11
201728,20172802,25,2022,43,6,,,,,,,2,8,2,,,,3,,2024-04-17 20:11
201729,20172901,25,2022,36,6,1,581,2011m10,1,281,1,1,1,2,370,1,3,3,,2024-04-17 20:11
201730,20173001,25,2022,72,3,3,561,1996m1,5,952,2,2,1,1,,,4,2,,2024-04-17 20:11
201730,20173002,25,2022,68,3,2,561,1996m1,4,442,2,2,1,2,1000,,4,2,,2024-04-17 20:11
201732,20173201,25,2022,44,6,1,423,2020m10,3,762,1,1,1,1,400,2,2,4,,2024-04-17 20:11
201733,20173301,25,2022,43,3,1,463,2013m4,1,510,1,1,1,1,250,1,3,4,,2024-04-17 20:11
201734,20173401,25,2022,80,2,,,,,,,3,1,2,,,,5,,2024-04-17 20:11
201735,20173501,25,2022,77,3,,,,,,,2,1,1,,,,3,,2024-04-17 20:11
201735,20173502,25,2022,71,3,,,,,,,2,1,2,,,,3,,2024-04-17 20:11
201736,20173601,25,2022,61,3,1,107,2018m3,2,922,1,3,1,1,220,2,3,4,,2024-04-17 20:11
201736,20173602,25,2022,25,5,1,653,2020m3,2,245,1,1,1,2,190,2,3,4,,2024-04-17 20:11
201737,20173701,25,2022,90,2,,,,,,,3,1,2,,,,6,,2024-04-17 20:11
210112,20173801,25,2022,45,6,,,,,,,3,1,1,,,,5,,2024-04-17 20:11
201738,20173802,25,2022,36,3,1,651,2021m8,1,510,1,3,1,2,120,1,2,4,,2024-04-17 20:11
201739,20173901,25,2022,75,2,,,,,,,2,1,1,,,,5,,2024-04-17 20:11
201739,20173902,25,2022,70,2,,,,,,,2,1,2,,,,5,,2024-04-17 20:11
201740,20174001,25,2022,47,3,2,11,2019m11,4,611,2,2,13,2,30,,2,4,,2024-04-17 20:11
201740,20174002,25,2022,50,3,1,411,1995m3,3,781,1,2,13,1,200,2,3,4,,2024-04-17 20:11
201740,20174003,25,2022,23,4,,,,,,,1,13,2,,,,5,,2024-04-17 20:11
201740,20174004,25,2022,22,3,1,471,2022m3,2,922,1,1,13,1,150,2,2,4,,2024-04-17 20:11
201741,20174101,25,2022,36,6,1,753,2017m2,1,412,1,2,13,1,240,1,3,4,,2024-04-17 20:11
201741,20174102,25,2022,36,5,1,861,2018m4,1,245,1,2,13,2,220,1,2,4,,2024-04-17 20:11
201742,20174201,25,2022,56,6,1,844,1993m3,1,311,1,2,13,1,380,1,2,4,,2024-04-17 20:11
201742,20174202,25,2022,49,6,,,,,,,2,13,2,,,,5,,2024-04-17 20:11
201742,20174203,25,2022,25,6,2,582,2021m4,4,281,2,1,13,2,120,,2,4,,2024-04-17 20:11
201742,20174204,25,2022,23,4,,,,,,,1,13,1,,,,4,,2024-04-17 20:11
201742,20174205,25,2022,21,4,,,,,,,1,13,2,,,,4,,2024-04-17 20:11
201743,20174301,25,2022,66,2,,,,,,,3,13,2,,,,4,,2024-04-17 20:11
201744,20174401,25,2022,73,2,,,,,,,3,13,2,,,,6,,2024-04-17 20:11
201745,20174501,25,2022,75,2,,,,,,,3,13,2,,,,4,,2024-04-17 20:11
201747,20174701,25,2022,59,5,1,682,2017m2,1,274,1,2,13,1,160,1,2,4,,2024-04-17 20:11
201747,20174702,25,2022,58,3,1,871,2021m2,1,246,1,2,13,2,165,1,2,4,,2024-04-17 20:11
201748,20174801,25,2022,55,3,1,352,1995m2,1,873,1,2,13,1,360,1,2,4,,2024-04-17 20:11
201748,20174802,25,2022,55,3,,,,,,,2,13,2,,,,4,,2024-04-17 20:11
201748,20174803,25,2022,25,6,1,843,2020m3,1,980,1,1,13,1,173,1,2,4,,2024-04-17 20:11
201748,20174804,25,2022,23,4,,,,,,,1,13,2,,,,4,,2024-04-17 20:11
201749,20174901,25,2022,59,3,1,841,2021m7,2,941,1,3,13,2,71,2,2,5,,2024-04-17 20:11
201749,20174902,25,2022,23,4,,,,,,,1,13,1,,,,5,,2024-04-17 20:11
201751,20175101,25,2022,63,2,1,841,2007m3,2,941,1,3,13,2,83,2,2,6,,2024-04-17 20:11
201752,20175201,25,2022,70,2,,,,,,,3,13,1,,,,5,,2024-04-17 20:11
201753,20175301,25,2022,89,2,,,,,,,3,13,2,,,,4,,2024-04-17 20:11
201753,20175302,25,2022,62,6,1,411,2017m3,1,141,1,2,13,1,200,1,3,4,,2024-04-17 20:11
201753,20175303,25,2022,59,6,1,851,2016m3,1,421,1,2,13,2,110,2,3,4,,2024-04-17 20:11
201753,20175305,25,2022,20,4,,,,,,,1,13,1,,,,4,,2024-04-17 20:11
201755,20175502,25,2022,74,2,1,561,2005m5,3,442,1,3,13,2,180,2,2,5,,2024-04-17 20:11
201756,20175601,25,2022,61,3,2,422,1990m2,4,753,2,2,13,1,180,,3,5,,2024-04-17 20:11
201756,20175602,25,2022,58,3,2,856,2021m3,4,286,2,2,13,2,80,,2,4,,2024-04-17 20:11
201758,20175801,25,2022,52,6,1,292,2021m4,1,274,1,2,5,1,510,1,2,2,,2024-04-17 20:11
201758,20175802,25,2022,52,6,1,851,2002m3,1,252,1,2,5,2,600,1,2,2,,2024-04-17 20:11
201758,20175803,25,2022,20,4,,,,,,,1,5,1,,,,2,,2024-04-17 20:11
201758,20175804,25,2022,17,2,,,,,,,1,5,1,,,,2,,2024-04-17 20:11
201760,20176001,25,2022,75,6,,,,,,,2,5,1,,,,4,,2024-04-17 20:11
201760,20176002,25,2022,65,3,,,,,,,2,5,2,,,,5,,2024-04-17 20:11
201765,20176501,25,2022,73,2,1,492,2000m2,1,873,1,2,5,1,290,1,3,4,,2024-04-17 20:11
201765,20176502,25,2022,65,3,,,,,,,2,5,2,,,,4,,2024-04-17 20:11
201766,20176601,25,2022,50,6,,,,,,,2,5,2,,,,4,,2024-04-17 20:11
201766,20176602,25,2022,50,6,2,473,2012m3,4,521,2,2,5,1,800,,2,3,,2024-04-17 20:11
201766,20176603,25,2022,16,2,,,,,,,1,5,1,,,,4,,2024-04-17 20:11
201767,20176701,25,2022,48,5,1,465,2007m3,1,312,1,2,5,1,420,1,3,5,,2024-04-17 20:11
201767,20176702,25,2022,43,5,,,,,,,2,5,2,,,,4,,2024-04-17 20:11
201767,20176703,25,2022,15,2,,,,,,,1,5,1,,,,4,,2024-04-17 20:11
201768,20176801,25,2022,61,3,1,422,2018m7,1,743,1,2,8,1,330,1,3,4,,2024-04-17 20:11
201768,20176802,25,2022,58,3,1,969,2021m4,1,421,1,2,8,2,42,2,3,5,,2024-04-17 20:11
201768,20176803,25,2022,28,6,1,861,2021m11,1,245,1,1,8,2,225,1,3,5,,2024-04-17 20:11
201769,20176901,25,2022,82,2,,,,,,,3,8,2,,,,6,,2024-04-17 20:11
201770,20177001,25,2022,44,6,1,721,2019m1,1,235,1,2,8,1,490,1,3,4,,2024-04-17 20:11
201770,20177002,25,2022,44,5,,,,,,,2,8,2,,,,4,,2024-04-17 20:11
201771,20177102,25,2022,58,3,1,872,2019m6,1,421,1,2,8,2,190,2,3,5,,2024-04-17 20:11
201772,20177201,25,2022,64,2,1,411,2021m10,3,792,1,2,8,1,275,2,4,5,,2024-04-17 20:11
201772,20177202,25,2022,66,3,,,,,,,2,8,2,,,,5,,2024-04-17 20:11
201772,20177204,25,2022,31,6,1,561,2022m1,2,710,1,1,8,2,225,2,3,5,,2024-04-17 20:11
201773,20177301,25,2022,36,6,1,642,2021m2,2,272,1,2,8,1,320,2,3,5,,2024-04-17 20:11
210115,20177302,25,2022,59,2,1,561,2021m6,1,441,1,3,8,2,270,1,3,5,,2024-04-17 20:11
201774,20177402,25,2022,62,6,2,465,2008m6,4,521,2,2,8,1,300,,3,5,,2024-04-17 20:11
201775,20177501,25,2022,65,3,1,411,2018m5,2,792,1,2,8,1,278,2,3,5,,2024-04-17 20:11
201775,20177502,25,2022,61,3,1,841,2022m3,2,941,1,2,8,2,89,2,3,4,,2024-04-17 20:11
201776,20177601,25,2022,66,2,1,424,1997m1,3,783,1,3,8,2,160,2,3,5,,2024-04-17 20:11
201777,20177701,25,2022,75,6,,,,,,,3,8,2,,,,5,,2024-04-17 20:11
201779,20177901,25,2022,52,6,1,411,2001m3,1,312,1,2,8,1,630,1,2,3,,2024-04-17 20:11
201779,20177902,25,2022,51,6,,,,,,,2,8,2,,,,3,,2024-04-17 20:11
201779,20177903,25,2022,23,4,,,,,,,1,8,1,,,,5,,2024-04-17 20:11
201780,20178001,25,2022,41,6,1,582,2012m2,1,222,1,2,8,1,570,1,2,4,,2024-04-17 20:11
201780,20178002,25,2022,40,5,1,381,2019m9,1,314,1,2,8,2,330,1,3,4,,2024-04-17 20:11
201781,20178102,25,2022,70,2,,,,,,,3,8,2,,,,5,,2024-04-17 20:11
201782,20178201,25,2022,59,6,1,853,2019m3,1,251,1,2,2,1,580,1,2,3,,2024-04-17 20:11
201783,20178301,25,2022,47,6,1,721,2018m3,1,235,1,2,8,1,300,1,2,3,,2024-04-17 20:11
201783,20178302,25,2022,48,5,,,,,,,2,8,2,,,,4,,2024-04-17 20:11
201784,20178401,25,2022,67,3,,,,,,,3,8,1,,,,5,,2024-04-17 20:11
201785,20178501,25,2022,84,2,,,,,,,3,8,2,,,,5,,2024-04-17 20:11
201786,20178602,25,2022,48,6,1,739,2012m2,1,281,1,2,8,2,250,1,3,5,,2024-04-17 20:11
201787,20178701,25,2022,86,3,,,,,,,3,8,1,,,,5,,2024-04-17 20:11
201788,20178801,25,2022,72,3,,,,,,,3,8,2,,,,5,,2024-04-17 20:11
201789,20178901,25,2022,61,6,,,,,,,2,8,1,,,,4,,2024-04-17 20:11
201789,20178902,25,2022,63,3,,,,,,,2,8,2,,,,4,,2024-04-17 20:11
210091,20178903,25,2022,33,6,1,303,2019m12,1,312,1,1,8,1,330,1,3,4,,2024-04-17 20:11
201790,20179001,25,2022,27,5,,,,,,,1,8,1,,,,5,,2024-04-17 20:11
210168,20179002,25,2022,26,4,,,,,,,1,8,1,,,,5,,2024-04-17 20:11
201791,20179101,25,2022,63,3,1,360,2021m2,2,941,1,3,8,2,130,2,3,5,,2024-04-17 20:11
210092,20179102,25,2022,36,6,1,467,2014m7,1,312,1,2,1,2,330,1,2,4,,2024-04-17 20:11
201792,20179201,25,2022,55,6,,,,,,,1,8,2,,,,6,,2024-04-17 20:11
201793,20179301,25,2022,56,2,2,479,2010m4,4,532,2,1,8,2,100,,4,6,,2024-04-17 20:11
201793,20179302,25,2022,88,2,,,,,,,3,8,2,,,,5,,2024-04-17 20:11
201794,20179401,25,2022,56,3,1,423,1994m2,1,762,1,2,12,1,500,1,2,4,,2024-04-17 20:11
201794,20179402,25,2022,54,3,,,,,,,2,12,2,,,,4,,2024-04-17 20:11
201794,20179403,25,2022,26,5,1,423,2020m3,1,313,1,1,12,2,250,1,2,4,,2024-04-17 20:11
201794,20179404,25,2022,24,4,,,,,,,1,12,1,,,,5,,2024-04-17 20:11
201795,20179501,25,2022,54,3,2,479,1998m12,4,922,2,2,12,1,500,,2,5,,2024-04-17 20:11
201795,20179502,25,2022,50,3,3,479,2005m3,5,922,2,2,12,2,,,2,5,,2024-04-17 20:11
201795,20179503,25,2022,24,5,,,,,,,1,12,2,,,,4,,2024-04-17 20:11
201796,20179601,25,2022,42,6,1,759,2013m4,1,312,1,2,12,1,250,1,3,5,,2024-04-17 20:11
201796,20179602,25,2022,41,6,,,,,,,2,12,2,,,,5,,2024-04-17 20:11
201797,20179701,25,2022,76,1,1,872,2022m3,2,941,1,3,12,2,27,2,2,4,,2024-04-17 20:11
201798,20179801,25,2022,75,2,,,,,,,2,12,1,,,,5,,2024-04-17 20:11
201798,20179802,25,2022,70,2,,,,,,,2,12,2,,,,5,,2024-04-17 20:11
201799,20179901,25,2022,54,6,1,841,1997m3,1,262,1,2,12,1,750,1,2,4,,2024-04-17 20:11
201799,20179902,25,2022,49,6,,,,,,,2,12,2,,,,4,,2024-04-17 20:11
201799,20179903,25,2022,22,4,,,,,,,1,12,1,,,,4,,2024-04-17 20:11
201799,20179904,25,2022,19,4,,,,,,,1,12,2,,,,5,,2024-04-17 20:11
201800,20180002,25,2022,80,2,,,,,,,3,12,2,,,,4,,2024-04-17 20:11
201801,20180101,25,2022,73,2,2,11,,4,611,2,2,13,1,400,,3,4,,2024-04-17 20:11
201801,20180102,25,2022,73,2,3,11,,5,611,2,2,13,2,,,3,5,,2024-04-17 20:11
201802,20180201,25,2022,70,1,,,,,,,3,13,2,,,,5,,2024-04-17 20:11
201803,20180301,25,2022,75,2,,,,,,,3,13,2,,,,5,,2024-04-17 20:11
201804,20180401,25,2022,71,3,2,11,1975m3,4,611,2,2,13,1,416,,3,5,,2024-04-17 20:11
201804,20180402,25,2022,70,2,3,11,1977m3,5,611,2,2,13,2,,,3,5,,2024-04-17 20:11
201805,20180501,25,2022,72,2,2,11,1979m3,4,611,2,2,13,1,350,,3,4,,2024-04-17 20:11
201805,20180502,25,2022,95,1,,,,,,,3,13,2,,,,4,,2024-04-17 20:11
201805,20180503,25,2022,64,2,3,11,1979m3,5,611,2,2,13,2,,,3,4,,2024-04-17 20:11
201806,20180601,25,2022,77,2,2,11,,4,611,2,2,13,1,700,,3,5,,2024-04-17 20:11
201806,20180602,25,2022,73,2,3,11,,5,611,2,2,13,2,,,3,5,,2024-04-17 20:11
201807,20180701,25,2022,76,2,2,11,1971m3,4,611,2,2,13,1,166,,3,5,,2024-04-17 20:11
201807,20180702,25,2022,72,2,3,11,,5,611,2,2,13,2,,,3,5,,2024-04-17 20:11
201808,20180801,25,2022,80,2,,,,,,,2,8,1,,,,5,,2024-04-17 20:11
201808,20180802,25,2022,74,2,,,,,,,2,8,2,,,,5,,2024-04-17 20:11
201809,20180902,25,2022,82,2,,,,,,,3,8,2,,,,4,,2024-04-17 20:11
201809,20180903,25,2022,52,3,1,751,2021m2,1,312,1,1,8,1,330,1,4,4,,2024-04-17 20:11
201811,20181101,25,2022,82,2,,,,,,,3,8,2,,,,4,,2024-04-17 20:11
201812,20181201,25,2022,73,2,,,,,,,3,8,2,,,,4,,2024-04-17 20:11
201813,20181301,25,2022,83,2,,,,,,,2,8,1,,,,4,,2024-04-17 20:11
201813,20181302,25,2022,83,2,,,,,,,2,8,2,,,,4,,2024-04-17 20:11
201814,20181401,25,2022,33,6,1,854,2018m9,1,247,1,2,11,1,170,1,2,4,,2024-04-17 20:11
201814,20181402,25,2022,31,6,1,854,2020m1,1,421,1,2,11,2,100,1,2,5,,2024-04-17 20:11
201815,20181501,25,2022,39,6,1,721,2009m4,1,231,1,2,8,1,480,1,3,4,,2024-04-17 20:11
201815,20181502,25,2022,39,6,1,861,2021m12,1,243,1,2,8,2,260,2,2,4,,2024-04-17 20:11
201817,20181701,25,2022,68,3,,,,,,,3,8,2,,,,5,,2024-04-17 20:11
201818,20181801,25,2022,63,3,1,423,1985m5,3,762,1,2,8,1,200,2,3,5,,2024-04-17 20:11
201818,20181802,25,2022,58,2,1,561,2021m11,3,952,1,2,8,2,120,2,3,5,,2024-04-17 20:11
201819,20181901,25,2022,71,3,,,,,,,2,8,1,,,,4,,2024-04-17 20:11
201819,20181902,25,2022,63,3,1,861,2022m6,2,421,1,2,8,2,190,2,3,4,,2024-04-17 20:11
201820,20182001,25,2022,78,2,,,,,,,2,8,2,,,,6,,2024-04-17 20:11
201820,20182002,25,2022,84,2,,,,,,,2,8,1,,,,6,,2024-04-17 20:11
201821,20182101,25,2022,68,3,,,,,,,1,8,1,,,,5,,2024-04-17 20:11
201822,20182201,25,2022,53,3,2,479,2021m3,4,313,2,1,15,1,300,,2,4,,2024-04-17 20:11
201823,20182301,25,2022,68,2,2,551,2000m5,4,432,2,2,15,1,200,,3,4,,2024-04-17 20:11
201823,20182302,25,2022,61,3,3,551,2000m1,5,941,2,2,15,2,,,3,4,,2024-04-17 20:11
201823,20182304,25,2022,15,2,,,,,,,1,15,2,,,,4,,2024-04-17 20:11
201824,20182401,25,2022,69,2,2,11,1976m2,4,611,2,2,15,1,400,,2,3,,2024-04-17 20:11
201824,20182402,25,2022,63,2,3,11,2000m1,5,611,2,2,15,2,,,2,4,,2024-04-17 20:11
201825,20182501,25,2022,69,3,2,11,1994m8,4,611,2,2,15,1,130,,3,4,,2024-04-17 20:11
201825,20182502,25,2022,66,2,3,11,1994m8,5,710,2,2,15,2,,,2,4,,2024-04-17 20:11
201826,20182601,25,2022,77,2,,,,,,,2,14,1,,,,5,,2024-04-17 20:11
201827,20182701,25,2022,73,2,2,11,2021m1,4,611,2,2,14,1,250,,2,3,,2024-04-17 20:11
201827,20182702,25,2022,70,2,3,11,2021m1,5,611,2,2,14,2,,,2,3,,2024-04-17 20:11
201828,20182801,25,2022,66,6,,,,,,,1,14,2,,,,3,,2024-04-17 20:11
201828,20182802,25,2022,20,4,,,,,,,1,14,2,,,,3,,2024-04-17 20:11
201828,20182803,25,2022,92,1,,,,,,,3,14,2,,,,3,,2024-04-17 20:11
201829,20182901,25,2022,35,5,1,649,2015m4,1,320,1,1,3,1,290,1,3,5,,2024-04-17 20:11
201830,20183002,25,2022,50,6,,,,,,,2,8,2,,,,5,,2024-04-17 20:11
201831,20183101,25,2022,68,2,,,,,,,1,8,1,,,,4,,2024-04-17 20:11
201832,20183201,25,2022,55,6,,,,,,,2,8,2,,,,4,,2024-04-17 20:11
201833,20183301,25,2022,87,3,,,,,,,2,8,1,,,,4,,2024-04-17 20:11
201833,20183302,25,2022,83,3,,,,,,,2,8,2,,,,4,,2024-04-17 20:11
201834,20183401,25,2022,64,2,1,561,2011m2,2,441,1,2,8,2,110,2,3,5,,2024-04-17 20:11
201834,20183402,25,2022,59,3,1,841,2022m2,2,941,1,2,8,1,135,2,3,5,,2024-04-17 20:11
201835,20183501,25,2022,65,3,,,,,,,2,8,1,,,,4,,2024-04-17 20:11
201835,20183502,25,2022,63,3,1,872,2006m5,2,421,1,2,8,2,140,2,3,4,,2024-04-17 20:11
201836,20183601,25,2022,45,6,1,465,2006m2,1,234,1,2,8,1,458,1,3,4,,2024-04-17 20:11
201836,20183602,25,2022,44,5,,,,,,,2,8,2,,,,4,,2024-04-17 20:11
201839,20183901,25,2022,40,6,1,844,2015m1,1,311,1,2,8,1,396,1,2,4,,2024-04-17 20:11
201839,20183902,25,2022,38,6,1,851,2018m3,2,421,1,2,8,2,340,2,2,4,,2024-04-17 20:11
201840,20184001,25,2022,53,3,2,259,2011m5,4,851,2,2,8,1,350,,4,5,,2024-04-17 20:11
201840,20184002,25,2022,50,5,,,,,,,2,8,2,,,,5,,2024-04-17 20:11
201841,20184101,25,2022,74,2,,,,,,,3,1,1,,,,5,,2024-04-17 20:11
201842,20184201,25,2022,54,3,2,474,2019m4,4,521,2,2,1,1,100,,3,5,,2024-04-17 20:11
201842,20184202,25,2022,54,3,1,851,2015m11,1,441,1,2,1,2,200,1,2,5,,2024-04-17 20:11
201843,20184301,25,2022,73,2,,,,,,,2,1,1,,,,4,,2024-04-17 20:11
201843,20184302,25,2022,72,2,,,,,,,2,1,2,,,,4,,2024-04-17 20:11
201844,20184401,25,2022,87,1,,,,,,,1,1,1,,,,5,,2024-04-17 20:11
201845,20184501,25,2022,58,2,,,,,,,3,1,1,,,,6,,2024-04-17 20:11
201846,20184602,25,2022,72,2,,,,,,,3,1,2,,,,5,,2024-04-17 20:11
201847,20184701,25,2022,46,5,2,464,2017m2,4,274,2,2,1,1,300,,3,5,,2024-04-17 20:11
201848,20184801,25,2022,49,5,1,853,2020m6,2,862,1,2,1,1,330,2,3,5,,2024-04-17 20:11
201848,20184802,25,2022,48,5,,,,,,,2,1,2,,,,5,,2024-04-17 20:11
201849,20184901,25,2022,56,3,1,411,2022m1,1,312,1,2,8,1,430,1,2,4,,2024-04-17 20:11
201849,20184902,25,2022,57,3,1,561,2021m7,1,442,1,2,8,2,235,2,3,4,,2024-04-17 20:11
210169,20184904,25,2022,25,6,,,,,,,1,8,2,,,,2,,2024-04-17 20:11
201849,20184905,25,2022,23,4,,,,,,,1,8,2,,,,5,,2024-04-17 20:11
201849,20184906,25,2022,17,2,,,,,,,1,8,1,,,,5,,2024-04-17 20:11
201850,20185001,25,2022,75,6,,,,,,,2,8,1,,,,4,,2024-04-17 20:11
201850,20185002,25,2022,65,3,,,,,,,2,8,2,,,,5,,2024-04-17 20:11
201851,20185101,25,2022,80,3,,,,,,,3,8,1,,,,5,,2024-04-17 20:11
201852,20185201,25,2022,41,6,1,303,2010m10,1,312,1,2,8,1,370,1,2,4,,2024-04-17 20:11
201852,20185202,25,2022,39,6,1,856,2022m5,1,313,1,2,8,2,200,1,2,4,,2024-04-17 20:11
201853,20185301,25,2022,65,3,,,,,,,3,8,2,,,,5,,2024-04-17 20:11
201853,20185303,25,2022,40,6,,,,,,,1,8,1,,,,5,,2024-04-17 20:11
201853,20185304,25,2022,38,6,1,222,2018m9,1,832,1,1,8,1,290,1,2,5,,2024-04-17 20:11
201854,20185401,25,2022,64,2,1,422,1990m5,2,792,1,2,8,1,400,2,3,5,,2024-04-17 20:11
201854,20185402,25,2022,65,2,,,,,,,2,8,2,,,,5,,2024-04-17 20:11
201855,20185501,25,2022,48,3,1,251,2017m5,1,874,1,2,8,1,450,1,3,4,,2024-04-17 20:11
201855,20185502,25,2022,45,3,1,861,2018m4,1,246,1,2,8,2,200,1,3,4,,2024-04-17 20:11
201856,20185601,25,2022,52,3,1,862,1990m12,1,243,1,1,8,2,235,1,2,4,,2024-04-17 20:11
201857,20185701,25,2022,80,2,1,681,2019m3,2,942,1,2,8,1,90,2,3,4,,2024-04-17 20:11
201857,20185702,25,2022,75,2,,,,,,,2,8,2,,,,4,,2024-04-17 20:11
201858,20185801,25,2022,54,3,1,423,2020m1,1,762,1,2,8,1,150,1,2,6,,2024-04-17 20:11
201858,20185802,25,2022,54,3,,,,,,,2,8,2,,,,6,,2024-04-17 20:11
201859,20185901,25,2022,46,3,,,,,,,2,8,1,,,,4,,2024-04-17 20:11
201859,20185902,25,2022,50,3,1,271,2016m11,1,832,1,2,8,2,160,1,3,4,,2024-04-17 20:11
201860,20186001,25,2022,65,2,1,411,1980m5,3,910,1,2,8,1,250,2,3,4,,2024-04-17 20:11
201860,20186002,25,2022,63,1,,,,,,,2,8,2,,,,4,,2024-04-17 20:11
210275,20186003,25,2022,42,3,1,464,2020m7,1,953,1,2,8,1,250,1,3,4,,2024-04-17 20:11
210275,20186004,25,2022,39,3,1,862,2012m3,1,246,1,2,8,2,220,1,2,4,,2024-04-17 20:11
201861,20186101,25,2022,40,3,1,422,2010m11,1,762,1,2,8,1,400,1,2,4,,2024-04-17 20:11
201861,20186102,25,2022,41,3,1,721,2015m1,1,312,1,2,8,2,160,1,2,4,,2024-04-17 20:11
201862,20186201,25,2022,62,3,1,303,2021m4,1,854,1,2,8,1,170,1,3,4,,2024-04-17 20:11
201862,20186202,25,2022,58,3,1,303,2003m3,1,312,1,2,8,2,190,1,2,4,,2024-04-17 20:11
201863,20186301,25,2022,40,6,1,841,2012m10,1,311,1,2,8,1,400,1,2,3,,2024-04-17 20:11
201863,20186302,25,2022,41,6,1,582,2018m3,1,222,1,2,8,2,670,1,2,3,,2024-04-17 20:11
201864,20186401,25,2022,61,5,,,,,,,2,8,1,,,,4,,2024-04-17 20:11
201864,20186402,25,2022,53,6,,,,,,,2,8,2,,,,4,,2024-04-17 20:11
201865,20186501,25,2022,50,6,1,291,2012m5,1,312,1,2,8,1,550,1,2,4,,2024-04-17 20:11
201865,20186502,25,2022,48,6,,,,,,,2,8,2,,,,4,,2024-04-17 20:11
201866,20186602,25,2022,60,6,,,,,,,3,8,1,,,,4,,2024-04-17 20:11
201867,20186701,25,2022,63,2,1,242,2016m9,1,841,1,3,8,1,370,1,2,4,,2024-04-17 20:11
201867,20186704,25,2022,29,3,,,,,,,1,8,1,,,,6,,2024-04-17 20:11
201868,20186801,25,2022,57,1,,,,,,,3,8,2,,,,4,,2024-04-17 20:11
201869,20186901,25,2022,52,6,1,451,2021m10,2,510,1,2,8,1,270,2,2,5,,2024-04-17 20:11
201869,20186902,25,2022,53,3,,,,,,,2,8,2,,,,4,,2024-04-17 20:11
201870,20187001,25,2022,71,3,,,,,,,2,8,1,,,,5,,2024-04-17 20:11
201870,20187002,25,2022,64,2,1,742,2016m5,2,941,1,2,8,2,130,2,3,5,,2024-04-17 20:11
201870,20187003,25,2022,38,5,,,,,,,1,8,1,,,,6,,2024-04-17 20:11
201871,20187101,25,2022,76,1,,,,,,,3,8,2,,,,4,,2024-04-17 20:11
201872,20187201,25,2022,75,1,1,742,2018m5,2,941,1,3,8,2,70,2,2,5,,2024-04-17 20:11
201873,20187302,25,2022,45,5,1,872,2021m3,1,247,1,2,8,2,200,1,3,5,,2024-04-17 20:11
201874,20187401,25,2022,41,6,1,861,2018m2,1,245,1,2,8,1,350,1,2,4,,2024-04-17 20:11
201874,20187402,25,2022,39,6,,,,,,,2,8,2,,,,4,,2024-04-17 20:11
201875,20187501,25,2022,40,6,1,853,2013m9,2,211,1,1,8,1,120,2,2,4,,2024-04-17 20:11
201876,20187601,25,2022,35,6,1,701,2013m2,1,235,1,2,8,1,720,1,2,4,,2024-04-17 20:11
201876,20187602,25,2022,34,6,,,,,,,2,8,2,,,,5,,2024-04-17 20:11
201877,20187701,25,2022,83,2,,,,,,,3,8,2,,,,5,,2024-04-17 20:11
201877,20187702,25,2022,42,6,1,855,2009m1,1,254,1,1,8,2,250,2,3,5,,2024-04-17 20:11
201878,20187801,25,2022,45,6,1,853,2013m9,1,251,1,2,14,1,600,1,2,2,,2024-04-17 20:11
201878,20187802,25,2022,46,6,1,852,2002m3,1,252,1,2,14,2,300,1,2,2,,2024-04-17 20:11
201878,20187803,25,2022,15,2,,,,,,,1,14,1,,,,2,,2024-04-17 20:11
201879,20187901,25,2022,63,3,,,,,,,3,8,2,,,,4,,2024-04-17 20:11
201879,20187902,25,2022,35,6,1,682,2011m5,1,312,1,1,8,1,400,1,2,4,,2024-04-17 20:11
201880,20188001,25,2022,71,6,,,,,,,2,8,1,,,,4,,2024-04-17 20:11
201880,20188002,25,2022,71,6,,,,,,,2,8,2,,,,4,,2024-04-17 20:11
201881,20188101,25,2022,39,3,2,561,2014m2,4,441,2,2,8,1,200,,3,5,,2024-04-17 20:11
201881,20188102,25,2022,39,5,,,,,,,2,8,2,,,,4,,2024-04-17 20:11
201883,20188301,25,2022,44,5,1,271,2017m7,1,862,1,2,8,1,320,1,3,3,,2024-04-17 20:11
201883,20188302,25,2022,41,6,1,464,2002m4,1,313,1,2,8,2,200,1,3,3,,2024-04-17 20:11
201884,20188401,25,2022,62,3,1,204,2002m1,1,141,1,2,8,1,600,1,2,3,,2024-04-17 20:11
201884,20188402,25,2022,63,3,1,841,2016m1,2,421,1,2,8,2,120,2,3,3,,2024-04-17 20:11
201884,20188403,25,2022,20,4,,,,,,,1,8,2,,,,3,,2024-04-17 20:11
201886,20188601,25,2022,74,2,,,,,,,2,8,1,,,,4,,2024-04-17 20:11
201886,20188602,25,2022,65,2,,,,,,,2,8,2,,,,4,,2024-04-17 20:11
201888,20188801,25,2022,42,6,1,856,2006m3,1,131,1,2,8,1,600,1,2,4,,2024-04-17 20:11
201888,20188802,25,2022,41,6,2,869,2012m2,4,245,2,2,8,2,100,,2,4,,2024-04-17 20:11
201889,20188901,25,2022,43,6,1,759,2020m8,1,222,1,2,8,1,500,1,2,3,,2024-04-17 20:11
201889,20188902,25,2022,42,6,2,856,2015m1,4,254,2,2,8,2,150,,2,3,,2024-04-17 20:11
201891,20189102,25,2022,66,6,,,,,,,3,8,2,,,,3,,2024-04-17 20:11
201892,20189201,25,2022,44,6,1,281,2007m3,1,274,1,2,8,1,600,1,2,3,,2024-04-17 20:11
201892,20189202,25,2022,36,6,,,,,,,2,8,2,,,,3,,2024-04-17 20:11
201894,20189401,25,2022,47,6,2,721,2014m7,4,231,2,2,8,1,400,,2,5,,2024-04-17 20:11
201894,20189402,25,2022,45,6,1,872,2019m12,1,247,1,2,8,2,430,1,2,4,,2024-04-17 20:11
201894,20189403,25,2022,17,2,,,,,,,1,8,1,,,,5,,2024-04-17 20:11
201895,20189501,25,2022,41,6,1,264,2000m7,1,234,1,2,8,1,1000,1,2,3,,2024-04-17 20:11
201895,20189502,25,2022,40,6,2,856,2019m1,4,286,2,2,8,2,500,,2,2,,2024-04-17 20:11
201896,20189601,25,2022,37,6,1,701,2010m11,1,234,1,2,8,1,590,1,2,4,,2024-04-17 20:11
201896,20189602,25,2022,37,6,1,841,2012m6,1,311,1,2,8,2,370,1,2,4,,2024-04-17 20:11
201898,20189802,25,2022,46,5,1,492,2021m3,2,312,1,1,8,1,350,2,2,5,,2024-04-17 20:11
201899,20189901,25,2022,45,3,1,471,2000m10,1,521,1,2,8,1,400,1,3,3,,2024-04-17 20:11
201899,20189902,25,2022,51,3,,,,,,,2,8,2,,,,3,,2024-04-17 20:11
201901,20190101,25,2022,75,2,,,,,,,3,3,2,,,,5,,2024-04-17 20:11
201903,20190301,25,2022,56,6,,,,,,,3,3,2,,,,3,,2024-04-17 20:11
201904,20190402,25,2022,80,2,,,,,,,3,3,2,,,,4,,2024-04-17 20:11
201905,20190501,25,2022,80,6,,,,,,,2,3,1,,,,3,,2024-04-17 20:11
201905,20190502,25,2022,75,3,,,,,,,2,3,2,,,,3,,2024-04-17 20:11
201906,20190601,25,2022,62,2,,,,,,,2,8,1,,,,5,,2024-04-17 20:11
201906,20190602,25,2022,62,3,1,861,2019m5,1,441,1,2,8,2,270,2,2,5,,2024-04-17 20:11
201906,20190603,25,2022,28,3,1,101,2017m8,1,899,1,1,8,1,300,1,2,5,,2024-04-17 20:11
201906,20190604,25,2022,29,4,1,612,2014m6,1,772,1,1,8,1,330,1,2,5,,2024-04-17 20:11
201907,20190701,25,2022,37,6,1,411,2021m1,1,312,1,1,8,1,310,1,2,3,,2024-04-17 20:11
201908,20190801,25,2022,48,3,1,492,2022m7,2,873,1,2,8,1,250,2,3,5,,2024-04-17 20:11
201908,20190802,25,2022,50,3,1,562,2021m6,2,952,1,2,8,2,200,2,3,5,,2024-04-17 20:11
201908,20190803,25,2022,22,4,,,,,,,1,8,1,,,,4,,2024-04-17 20:11
201909,20190901,25,2022,27,5,2,763,2021m8,4,772,2,1,8,2,250,,3,5,,2024-04-17 20:11
201911,20191101,25,2022,60,3,2,561,2016m8,4,442,2,2,8,1,400,,3,5,,2024-04-17 20:11
201911,20191102,25,2022,57,3,3,561,2016m8,5,441,2,2,8,2,,,4,5,,2024-04-17 20:11
201911,20191103,25,2022,31,4,1,562,2015m2,1,442,1,1,8,2,225,1,3,5,,2024-04-17 20:11
201911,20191104,25,2022,27,5,,,,,,,1,8,1,,,,4,,2024-04-17 20:11
201915,20191501,25,2022,51,6,1,551,2018m2,1,247,1,3,8,2,200,1,3,5,,2024-04-17 20:11
201916,20191601,25,2022,45,3,1,181,2018m5,1,892,1,2,8,1,270,1,2,4,,2024-04-17 20:11
201916,20191602,25,2022,42,3,1,222,2018m3,2,864,1,2,8,2,220,2,3,4,,2024-04-17 20:11
201917,20191701,25,2022,65,3,,,,,,,3,8,1,,,,4,,2024-04-17 20:11
201917,20191702,25,2022,35,5,1,423,2015m11,1,762,1,1,8,1,300,1,2,5,,2024-04-17 20:11
201917,20191703,25,2022,33,3,1,861,2014m3,1,246,1,3,8,2,220,1,3,5,,2024-04-17 20:11
201918,20191801,25,2022,85,2,1,841,2017m3,2,941,1,3,12,1,27,2,2,6,,2024-04-17 20:11
201919,20191901,25,2022,74,1,,,,,,,3,8,1,,,,5,,2024-04-17 20:11
201919,20191902,25,2022,37,6,,,,,,,1,8,2,,,,5,,2024-04-17 20:11
201920,20192001,25,2022,75,2,2,11,2021m10,4,611,2,3,12,1,50,,4,5,,2024-04-17 20:11
201921,20192101,25,2022,55,2,1,521,2021m3,1,921,1,3,12,1,250,1,4,5,,2024-04-17 20:11
201922,20192201,25,2022,60,3,1,411,2014m3,3,782,1,2,12,1,250,2,3,4,,2024-04-17 20:11
201922,20192202,25,2022,55,6,1,261,2003m3,1,863,1,2,12,2,240,1,2,4,,2024-04-17 20:11
201923,20192301,25,2022,84,2,2,11,1968m3,4,611,2,2,12,1,40,,3,6,,2024-04-17 20:11
201923,20192302,25,2022,79,2,,,,,,,2,12,2,,,,6,,2024-04-17 20:11
201923,20192303,25,2022,46,3,,,,,,,2,12,1,,,,6,,2024-04-17 20:11
201923,20192304,25,2022,44,3,,,,,,,2,12,2,,,,6,,2024-04-17 20:11
201923,20192305,25,2022,15,2,,,,,,,1,12,2,,,,6,,2024-04-17 20:11
201924,20192401,25,2022,76,1,,,,,,,2,12,1,,,,6,,2024-04-17 20:11
201924,20192402,25,2022,73,1,,,,,,,2,12,2,,,,6,,2024-04-17 20:11
201925,20192501,25,2022,63,3,2,424,1987m3,4,783,2,2,12,1,350,,3,4,,2024-04-17 20:11
201925,20192502,25,2022,58,3,3,11,2020m10,5,611,2,2,12,2,,,3,4,,2024-04-17 20:11
201926,20192601,25,2022,45,6,1,949,2021m11,1,312,1,2,12,2,320,1,2,3,,2024-04-17 20:11
201926,20192602,25,2022,46,6,1,351,2005m10,1,861,1,2,12,1,620,1,2,4,,2024-04-17 20:11
201926,20192603,25,2022,15,2,,,,,,,1,12,1,,,,3,,2024-04-17 20:11
201927,20192701,25,2022,77,2,2,11,2021m11,4,611,2,2,12,1,60,,3,4,,2024-04-17 20:11
201927,20192702,25,2022,72,2,,,,,,,2,12,2,,,,4,,2024-04-17 20:11
201928,20192801,25,2022,61,3,2,161,2014m3,4,782,2,2,12,1,100,,3,2,,2024-04-17 20:11
201928,20192802,25,2022,59,3,,,,,,,2,12,2,,,,3,,2024-04-17 20:11
201930,20193001,25,2022,82,6,,,,,,,3,12,1,,,,5,,2024-04-17 20:11
201931,20193101,25,2022,68,3,,,,,,,2,12,1,,,,4,,2024-04-17 20:11
201931,20193102,25,2022,62,3,1,969,,2,951,1,2,12,2,100,2,2,3,,2024-04-17 20:11
201932,20193201,25,2022,44,2,1,424,2020m1,3,782,1,3,12,1,350,2,3,4,,2024-04-17 20:11
201932,20193202,25,2022,21,4,,,,,,,1,12,1,,,,4,,2024-04-17 20:11
201932,20193203,25,2022,70,2,,,,,,,3,12,2,,,,4,,2024-04-17 20:11
201932,20193204,25,2022,45,5,1,411,2005m5,1,312,1,1,12,1,400,1,2,4,,2024-04-17 20:11
201933,20193301,25,2022,79,2,,,,,,,3,12,2,,,,6,,2024-04-17 20:11
201934,20193401,25,2022,61,3,2,475,2000m4,4,730,2,2,12,1,500,,2,4,,2024-04-17 20:11
201934,20193402,25,2022,56,3,3,475,2010m10,5,521,2,2,12,2,,,2,4,,2024-04-17 20:11
201935,20193501,25,2022,70,2,2,479,2004m3,4,532,2,2,12,1,200,,2,4,,2024-04-17 20:11
201935,20193502,25,2022,64,2,3,479,2004m10,5,532,2,2,12,2,,,2,4,,2024-04-17 20:11
201936,20193601,25,2022,50,3,1,855,2009m10,1,254,1,2,12,1,300,1,3,4,,2024-04-17 20:11
201936,20193602,25,2022,42,3,1,473,2015m1,1,531,1,2,12,2,300,1,2,4,,2024-04-17 20:11
201937,20193701,25,2022,76,1,,,,,,,3,12,2,,,,5,,2024-04-17 20:11
210170,20193702,25,2022,52,2,1,411,2018m5,1,782,1,2,12,1,280,2,2,5,,2024-04-17 20:11
201938,20193801,25,2022,35,6,2,476,2013m1,4,752,2,1,12,1,250,,2,4,,2024-04-17 20:11
201938,20193802,25,2022,72,2,,,,,,,3,12,2,,,,4,,2024-04-17 20:11
201939,20193901,25,2022,48,3,1,171,2018m12,1,930,1,2,12,2,260,2,2,5,,2024-04-17 20:11
201939,20193902,25,2022,50,5,1,303,2010m4,1,312,1,2,12,1,550,1,2,4,,2024-04-17 20:11
201939,20193903,25,2022,21,4,,,,,,,1,12,2,,,,4,,2024-04-17 20:11
201939,20193904,25,2022,20,4,,,,,,,1,12,1,,,,4,,2024-04-17 20:11
201939,20193905,25,2022,75,1,,,,,,,3,12,2,,,,4,,2024-04-17 20:11
201940,20194001,25,2022,77,2,,,,,,,2,12,1,,,,4,,2024-04-17 20:11
201940,20194002,25,2022,72,2,,,,,,,2,12,2,,,,3,,2024-04-17 20:11
201940,20194003,25,2022,50,5,2,561,2015m3,4,441,2,2,12,1,70,,2,4,,2024-04-17 20:11
201940,20194004,25,2022,50,5,3,561,2015m3,5,442,2,2,12,2,,,2,3,,2024-04-17 20:11
201940,20194005,25,2022,22,4,,,,,,,1,12,2,,,,3,,2024-04-17 20:11
201940,20194006,25,2022,20,4,,,,,,,1,12,2,,,,4,,2024-04-17 20:11
201940,20194007,25,2022,15,2,,,,,,,1,12,1,,,,3,,2024-04-17 20:11
201941,20194101,25,2022,79,2,,,,,,,2,12,1,,,,4,,2024-04-17 20:11
201941,20194102,25,2022,73,2,,,,,,,2,12,2,,,,4,,2024-04-17 20:11
201942,20194201,25,2022,38,6,2,473,2014m11,4,531,2,2,12,1,600,,2,4,,2024-04-17 20:11
201942,20194202,25,2022,37,5,,,,,,,2,12,2,,,,4,,2024-04-17 20:11
201943,20194302,25,2022,34,3,1,423,2015m5,1,313,1,3,12,2,250,1,3,3,,2024-04-17 20:11
201943,20194303,25,2022,67,2,,,,,,,3,12,2,,,,4,,2024-04-17 20:11
201945,20194501,25,2022,53,6,1,872,2020m1,1,421,1,3,13,2,120,2,3,5,,2024-04-17 20:11
201946,20194601,25,2022,87,2,,,,,,,2,13,1,,,,6,,2024-04-17 20:11
201946,20194602,25,2022,83,2,,,,,,,2,13,2,,,,6,,2024-04-17 20:11
201947,20194701,25,2022,85,2,,,,,,,3,13,2,,,,5,,2024-04-17 20:11
201948,20194801,25,2022,88,2,,,,,,,2,13,1,,,,5,,2024-04-17 20:11
201948,20194802,25,2022,84,1,,,,,,,2,13,2,,,,5,,2024-04-17 20:11
201949,20194901,25,2022,78,2,1,411,2021m3,3,783,1,2,13,1,150,2,3,6,,2024-04-17 20:11
201949,20194902,25,2022,67,2,,,,,,,2,13,2,,,,5,,2024-04-17 20:11
210093,20194903,25,2022,27,4,1,212,2020m5,1,312,1,1,8,1,226,1,3,5,,2024-04-17 20:11
201950,20195001,25,2022,79,2,,,,,,,3,13,2,,,,6,,2024-04-17 20:11
201951,20195101,25,2022,34,6,1,952,2014m3,1,312,1,2,13,1,500,1,2,3,,2024-04-17 20:11
201951,20195102,25,2022,34,3,,,,,,,2,13,2,,,,3,,2024-04-17 20:11
201952,20195201,25,2022,30,5,1,753,2015m12,1,274,1,1,13,1,260,1,3,5,,2024-04-17 20:11
201952,20195202,25,2022,32,5,1,471,2015m10,1,521,1,1,13,2,220,1,2,5,,2024-04-17 20:11
201953,20195301,25,2022,77,1,,,,,,,2,13,1,,,,5,,2024-04-17 20:11
201953,20195302,25,2022,73,2,,,,,,,2,13,2,,,,5,,2024-04-17 20:11
201954,20195401,25,2022,42,2,,,,,,,3,13,2,,,,6,,2024-04-17 20:11
201954,20195402,25,2022,18,2,,,,,,,1,13,1,,,,6,,2024-04-17 20:11
201955,20195501,25,2022,71,2,,,,,,,2,13,1,,,,6,,2024-04-17 20:11
201955,20195502,25,2022,62,2,,,,,,,2,13,2,,,,6,,2024-04-17 20:11
201956,20195601,25,2022,67,2,1,751,2003m4,3,782,1,2,13,1,200,2,4,6,,2024-04-17 20:11
201956,20195602,25,2022,60,2,,,,,,,2,13,2,,,,5,,2024-04-17 20:11
201957,20195701,25,2022,51,3,1,969,2021m1,3,442,1,3,13,2,150,2,3,6,,2024-04-17 20:11
201957,20195702,25,2022,23,5,,,,,,,1,13,2,,,,6,,2024-04-17 20:11
201958,20195801,25,2022,47,3,1,423,2008m4,1,762,1,2,13,1,450,1,2,4,,2024-04-17 20:11
201958,20195802,25,2022,49,5,1,651,2016m3,1,510,1,2,13,2,270,1,3,4,,2024-04-17 20:11
201958,20195803,25,2022,68,2,,,,,,,3,13,2,,,,4,,2024-04-17 20:11
201958,20195804,25,2022,15,2,,,,,,,1,13,1,,,,4,,2024-04-17 20:11
201959,20195901,25,2022,74,2,1,751,2018m6,2,783,1,2,13,1,176,2,3,5,,2024-04-17 20:11
201959,20195902,25,2022,66,2,,,,,,,2,13,2,,,,5,,2024-04-17 20:11
201960,20196002,25,2022,82,2,1,872,2021m2,2,941,1,3,9,2,27,2,2,5,,2024-04-17 20:11
201961,20196102,25,2022,40,6,1,841,2021m8,1,311,1,2,9,2,310,1,2,3,,2024-04-17 20:11
201962,20196202,25,2022,47,5,2,855,2022m12,4,254,2,2,9,2,150,,2,3,,2024-04-17 20:11
201963,20196301,25,2022,65,3,2,551,2021m1,4,432,2,3,9,2,200,,3,4,,2024-04-17 20:11
201963,20196302,25,2022,30,6,3,551,2020m12,5,941,2,1,9,1,,,3,4,,2024-04-17 20:11
201965,20196501,25,2022,83,2,1,872,2018m3,2,941,1,3,9,2,27,2,2,6,,2024-04-17 20:11
201966,20196601,25,2022,79,2,1,872,2018m3,2,941,1,3,9,2,27,2,3,4,,2024-04-17 20:11
201968,20196801,25,2022,94,2,1,872,2022m3,2,941,1,3,9,2,27,2,2,5,,2024-04-17 20:11
201969,20196901,25,2022,85,2,1,872,2020m3,2,941,1,3,9,1,27,2,3,3,,2024-04-17 20:11
201971,20197101,25,2022,89,2,,,,,,,2,9,1,,,,4,,2024-04-17 20:11
201971,20197102,25,2022,84,2,1,872,2022m3,2,429,1,2,9,2,27,2,3,4,,2024-04-17 20:11
201972,20197201,25,2022,73,2,2,11,1986m3,4,611,2,2,9,1,70,,3,4,,2024-04-17 20:11
201972,20197202,25,2022,68,2,1,102,1991m3,1,710,1,2,9,2,150,1,3,4,,2024-04-17 20:11
201974,20197402,25,2022,38,5,,,,,,,2,9,2,,,,4,,2024-04-17 20:11
201975,20197501,25,2022,83,6,,,,,,,2,14,1,,,,3,,2024-04-17 20:11
201975,20197502,25,2022,81,6,,,,,,,2,14,2,,,,3,,2024-04-17 20:11
201976,20197601,25,2022,41,6,1,841,2018m1,1,262,1,2,14,1,350,1,2,3,,2024-04-17 20:11
201976,20197602,25,2022,42,6,,,,,,,2,14,2,,,,3,,2024-04-17 20:11
201977,20197701,25,2022,75,6,,,,,,,2,14,1,,,,3,,2024-04-17 20:11
201977,20197702,25,2022,69,4,,,,,,,2,14,2,,,,3,,2024-04-17 20:11
201978,20197801,25,2022,79,6,,,,,,,2,14,1,,,,2,,2024-04-17 20:11
201978,20197802,25,2022,75,6,,,,,,,2,14,2,,,,3,,2024-04-17 20:11
201979,20197901,25,2022,53,6,1,853,2015m11,1,251,1,2,14,1,350,1,2,3,,2024-04-17 20:11
201979,20197902,25,2022,48,6,1,852,2001m3,1,311,1,2,14,2,350,1,2,3,,2024-04-17 20:11
201980,20198001,25,2022,61,6,,,,,,,2,14,1,,,,3,,2024-04-17 20:11
201980,20198002,25,2022,60,6,,,,,,,2,14,2,,,,3,,2024-04-17 20:11
201981,20198101,25,2022,44,5,1,961,2018m6,1,312,1,3,1,2,210,1,3,5,,2024-04-17 20:11
201981,20198102,25,2022,22,4,,,,,,,1,1,2,,,,4,,2024-04-17 20:11
201982,20198201,25,2022,61,3,1,411,1998m3,3,782,1,2,6,1,250,2,4,5,,2024-04-17 20:11
201982,20198202,25,2022,67,3,2,561,2010m5,4,441,2,2,6,2,250,,3,5,,2024-04-17 20:11
201983,20198301,25,2022,68,5,2,969,1993m2,4,429,2,2,6,2,200,,3,5,,2024-04-17 20:11
201983,20198302,25,2022,68,5,3,969,1993m2,5,429,2,2,6,1,,,3,5,,2024-04-17 20:11
201984,20198401,25,2022,82,2,,,,,,,3,6,2,,,,6,,2024-04-17 20:11
201985,20198501,25,2022,56,3,1,411,2000m3,3,910,1,3,6,1,150,2,3,6,,2024-04-17 20:11
201985,20198502,25,2022,82,1,,,,,,,3,6,2,,,,6,,2024-04-17 20:11
201985,20198505,25,2022,18,2,,,,,,,1,6,1,,,,6,,2024-04-17 20:11
201986,20198601,25,2022,90,1,,,,,,,3,6,2,,,,6,,2024-04-17 20:11
201986,20198602,25,2022,70,2,,,,,,,1,6,1,,,,6,,2024-04-17 20:11
201986,20198603,25,2022,60,1,,,,,,,1,6,1,,,,6,,2024-04-17 20:11
201987,20198701,25,2022,86,2,,,,,,,3,6,2,,,,6,,2024-04-17 20:11
201987,20198702,25,2022,55,5,,,,,,,3,6,2,,,,6,,2024-04-17 20:11
201988,20198801,25,2022,32,3,1,841,2018m8,1,930,1,1,6,1,140,2,3,6,,2024-04-17 20:11
201989,20198901,25,2022,83,2,1,872,2022m3,2,941,1,2,1,1,27,2,3,4,,2024-04-17 20:11
201989,20198902,25,2022,82,2,1,841,2021m3,2,941,1,2,1,2,27,2,3,4,,2024-04-17 20:11
201990,20199001,25,2022,87,1,,,,,,,3,1,2,,,,4,,2024-04-17 20:11
201991,20199101,25,2022,75,3,1,872,2022m9,2,,1,3,11,2,27,2,3,4,,2024-04-17 20:11
201992,20199201,25,2022,83,1,,,,,,,3,1,2,,,,4,,2024-04-17 20:11
201993,20199302,25,2022,52,3,1,872,2020m9,1,441,1,2,8,2,210,1,3,5,,2024-04-17 20:11
201994,20199401,25,2022,83,6,,,,,,,2,1,1,,,,5,,2024-04-17 20:11
201994,20199402,25,2022,78,3,,,,,,,2,1,2,,,,4,,2024-04-17 20:11
201995,20199501,25,2022,70,6,,,,,,,2,1,1,,,,4,,2024-04-17 20:11
201995,20199502,25,2022,61,3,1,851,2020m6,1,941,1,2,1,2,50,2,3,3,,2024-04-17 20:11
201996,20199601,25,2022,74,5,,,,,,,2,3,1,,,,5,,2024-04-17 20:11
201996,20199602,25,2022,66,6,,,,,,,2,3,2,,,,6,,2024-04-17 20:11
201998,20199801,25,2022,53,3,,,,,,,3,3,2,,,,6,,2024-04-17 20:11
201998,20199802,25,2022,23,4,,,,,,,1,3,1,,,,6,,2024-04-17 20:11
201998,20199803,25,2022,18,2,,,,,,,1,3,1,,,,6,,2024-04-17 20:11
201999,20199901,25,2022,28,5,1,292,2021m10,1,762,1,1,3,1,190,1,3,5,,2024-04-17 20:11
202001,20200101,25,2022,80,3,2,492,1974m12,4,873,2,2,3,1,30,,3,4,,2024-04-17 20:11
202001,20200102,25,2022,76,2,,,,,,,2,3,2,,,,5,,2024-04-17 20:11
202002,20200201,25,2022,75,2,,,,,,,3,3,2,,,,6,,2024-04-17 20:11
202003,20200301,25,2022,68,3,1,561,2010m3,1,441,1,3,3,2,200,2,2,3,,2024-04-17 20:11
202005,20200501,25,2022,87,3,,,,,,,3,3,2,,,,4,,2024-04-17 20:11
202007,20200701,25,2022,60,2,,,,,,,1,3,1,,,,5,,2024-04-17 20:11
202008,20200801,25,2022,68,2,,,,,,,2,3,1,,,,4,,2024-04-17 20:11
202008,20200802,25,2022,64,3,2,969,2022m4,4,429,2,2,3,2,100,,2,4,,2024-04-17 20:11
202009,20200901,25,2022,78,3,1,841,2018m3,2,,1,2,3,1,27,2,2,4,,2024-04-17 20:11
202009,20200902,25,2022,72,2,,,,,,,2,3,2,,,,5,,2024-04-17 20:11
202010,20201001,25,2022,31,6,1,843,2019m1,1,312,1,2,19,1,200,1,3,4,,2024-04-17 20:11
202010,20201002,25,2022,32,6,1,843,2015m11,1,311,1,2,19,2,,1,3,4,,2024-04-17 20:11
202011,20201101,25,2022,41,5,1,843,2001m2,1,980,1,2,19,1,330,1,3,4,,2024-04-17 20:11
202011,20201102,25,2022,41,3,1,852,2022m3,1,441,1,2,19,2,180,1,3,4,,2024-04-17 20:11
202011,20201103,25,2022,17,2,,,,,,,1,19,2,,,,4,,2024-04-17 20:11
202011,20201104,25,2022,15,2,,,,,,,1,19,2,,,,4,,2024-04-17 20:11
202013,20201301,25,2022,37,6,1,202,2013m3,1,232,1,2,19,1,580,1,2,3,,2024-04-17 20:11
202013,20201302,25,2022,37,6,1,843,2012m3,1,312,1,2,19,2,250,1,2,3,,2024-04-17 20:11
202015,20201501,25,2022,43,6,1,843,2002m4,1,980,1,2,10,1,420,1,2,4,,2024-04-17 20:11
202015,20201502,25,2022,43,5,,,,,,,2,10,2,,,,4,,2024-04-17 20:11
202016,20201601,25,2022,63,5,1,682,2022m4,2,862,1,2,19,1,250,2,3,2,,2024-04-17 20:11
202016,20201602,25,2022,59,3,1,872,2014m4,3,421,1,2,19,2,115,2,3,3,,2024-04-17 20:11
202016,20201603,25,2022,30,4,,,,,,,1,19,1,,,,4,,2024-04-17 20:11
202017,20201701,25,2022,64,5,1,682,2020m4,1,942,1,2,19,1,200,1,3,2,,2024-04-17 20:11
202017,20201702,25,2022,61,3,1,872,2014m7,2,421,1,2,19,2,60,2,3,3,,2024-04-17 20:11
210207,20201703,25,2022,31,6,1,701,2020m9,1,211,1,1,1,1,500,1,2,4,,2024-04-17 20:11
202019,20201901,25,2022,77,3,,,,,,,2,13,1,,,,4,,2024-04-17 20:11
202019,20201902,25,2022,74,2,,,,,,,2,13,2,,,,4,,2024-04-17 20:11
202020,20202001,25,2022,73,2,2,11,,4,611,2,2,13,1,400,,3,5,,2024-04-17 20:11
202020,20202002,25,2022,64,2,3,11,,5,611,2,2,13,2,,,3,5,,2024-04-17 20:11
202021,20202101,25,2022,69,3,2,11,1978m5,4,611,2,2,13,1,250,,3,5,,2024-04-17 20:11
202021,20202102,25,2022,68,2,3,11,2000m4,5,611,2,2,13,2,,,3,5,,2024-04-17 20:11
202022,20202201,25,2022,37,6,1,855,2022m7,2,254,1,1,6,1,190,2,4,5,,2024-04-17 20:11
202024,20202401,25,2022,73,2,2,11,1977m4,4,611,2,2,13,1,400,,3,5,,2024-04-17 20:11
202024,20202402,25,2022,68,2,3,11,1977m4,5,611,2,2,13,2,,,3,5,,2024-04-17 20:11
202025,20202501,25,2022,77,2,2,11,1969m4,4,611,2,2,13,1,25,,3,5,,2024-04-17 20:11
202025,20202502,25,2022,74,1,,,,,,,2,13,2,,,,5,,2024-04-17 20:11
202026,20202601,25,2022,32,5,1,473,2013m2,1,531,1,1,13,2,280,1,2,5,,2024-04-17 20:11
202027,20202701,25,2022,41,6,2,901,2015m1,4,284,2,2,13,1,500,,2,4,,2024-04-17 20:11
202027,20202702,25,2022,40,6,,,,,,,2,13,2,,,,4,,2024-04-17 20:11
202028,20202801,25,2022,52,3,2,969,2021m12,4,873,2,2,13,1,80,,4,5,,2024-04-17 20:11
202028,20202802,25,2022,48,3,,,,,,,2,13,2,,,,5,,2024-04-17 20:11
202028,20202803,25,2022,24,5,1,411,2022m4,1,314,1,1,13,2,200,1,2,5,,2024-04-17 20:11
202029,20202901,25,2022,50,3,1,862,2018m11,1,246,1,3,13,2,170,1,3,5,,2024-04-17 20:11
210171,20202902,25,2022,28,6,1,852,2021m3,1,252,1,1,11,1,286,1,2,4,,2024-04-17 20:11
210172,20202903,25,2022,26,6,1,620,2020m9,1,222,1,1,1,2,230,1,2,3,,2024-04-17 20:11
202030,20203001,25,2022,42,3,1,291,2006m5,1,792,1,2,13,1,380,1,3,4,,2024-04-17 20:11
202030,20203002,25,2022,40,6,1,473,2013m8,1,531,1,2,13,2,210,1,3,4,,2024-04-17 20:11
202031,20203101,25,2022,51,6,1,422,1994m2,1,141,1,2,13,1,550,1,2,3,,2024-04-17 20:11
202031,20203102,25,2022,49,3,1,473,2017m10,1,531,1,2,13,2,190,1,3,4,,2024-04-17 20:11
202031,20203103,25,2022,23,4,,,,,,,1,13,1,,,,4,,2024-04-17 20:11
202031,20203104,25,2022,20,4,,,,,,,1,13,2,,,,4,,2024-04-17 20:11
202032,20203201,25,2022,52,6,1,201,1998m5,1,236,1,2,13,1,500,1,2,3,,2024-04-17 20:11
202032,20203202,25,2022,50,4,,,,,,,2,13,2,,,,3,,2024-04-17 20:11
202032,20203203,25,2022,23,6,1,861,2021m3,1,243,1,1,13,2,280,1,2,4,,2024-04-17 20:11
202032,20203204,25,2022,22,4,,,,,,,1,13,1,,,,4,,2024-04-17 20:11
202033,20203301,25,2022,56,3,1,969,2021m1,2,421,1,3,13,2,200,2,2,5,,2024-04-17 20:11
202034,20203401,25,2022,55,6,1,451,2010m5,1,510,1,2,13,1,350,1,3,4,,2024-04-17 20:11
202034,20203402,25,2022,54,6,,,,,,,2,13,2,,,,4,,2024-04-17 20:11
202034,20203403,25,2022,24,3,1,411,2022m7,1,313,1,1,13,2,,1,3,5,,2024-04-17 20:11
202035,20203501,25,2022,67,2,2,492,2008m4,4,873,2,3,15,1,100,,2,5,,2024-04-17 20:11
202036,20203601,25,2022,66,2,,,,,,,2,6,1,,,,5,,2024-04-17 20:11
202036,20203602,25,2022,52,3,1,751,2008m3,1,941,1,2,6,2,135,2,2,5,,2024-04-17 20:11
202036,20203603,25,2022,22,4,,,,,,,1,6,1,,,,5,,2024-04-17 20:11
202036,20203604,25,2022,23,4,1,264,2022m4,1,864,1,1,6,1,150,2,2,5,,2024-04-17 20:11
202037,20203701,25,2022,67,2,,,,,,,2,6,1,,,,4,,2024-04-17 20:11
202037,20203702,25,2022,68,2,2,141,1983m2,4,722,2,2,6,2,100,,2,4,,2024-04-17 20:11
202038,20203801,25,2022,70,2,2,961,1978m12,4,422,2,2,12,1,150,,2,4,,2024-04-17 20:11
202038,20203802,25,2022,60,3,3,961,1982m1,5,422,2,2,12,2,,,2,4,,2024-04-17 20:11
202039,20203901,25,2022,71,3,,,,,,,3,6,1,,,,6,,2024-04-17 20:11
202040,20204001,25,2022,77,1,,,,,,,3,6,2,,,,4,,2024-04-17 20:11
202040,20204002,25,2022,47,5,2,729,2016m5,4,236,2,1,6,1,170,,2,4,,2024-04-17 20:11
202042,20204202,25,2022,79,2,,,,,,,3,6,2,,,,5,,2024-04-17 20:11
202043,20204301,25,2022,56,2,1,872,2020m12,1,421,1,3,6,2,100,1,2,5,,2024-04-17 20:11
202043,20204302,25,2022,31,6,1,841,2016m5,1,312,1,1,6,2,300,1,2,5,,2024-04-17 20:11
202043,20204303,25,2022,29,3,1,477,2020m12,2,953,1,1,6,1,132,2,3,5,,2024-04-17 20:11
202044,20204401,25,2022,85,1,,,,,,,3,6,2,,,,6,,2024-04-17 20:11
202044,20204402,25,2022,53,3,1,467,2013m2,1,941,1,1,6,1,160,1,3,6,,2024-04-17 20:11
202045,20204501,25,2022,50,6,1,844,2003m3,1,411,1,2,6,1,700,1,2,4,,2024-04-17 20:11
202045,20204502,25,2022,50,6,,,,,,,2,6,2,,,,4,,2024-04-17 20:11
202045,20204503,25,2022,22,4,,,,,,,1,6,1,,,,4,,2024-04-17 20:11
202045,20204504,25,2022,15,2,,,,,,,1,6,2,,,,4,,2024-04-17 20:11
202046,20204601,25,2022,51,6,,,,,,,3,6,2,,,,6,,2024-04-17 20:11
202046,20204602,25,2022,24,6,,,,,,,1,6,2,,,,6,,2024-04-17 20:11
202046,20204603,25,2022,22,4,,,,,,,1,6,2,,,,6,,2024-04-17 20:11
202047,20204701,25,2022,42,5,2,961,2012m4,4,422,2,1,13,2,250,,2,6,,2024-04-17 20:11
202047,20204702,25,2022,68,3,,,,,,,2,13,1,,,,6,,2024-04-17 20:11
202047,20204703,25,2022,64,3,,,,,,,2,13,2,,,,6,,2024-04-17 20:11
202048,20204801,25,2022,50,6,1,844,2003m9,1,411,1,2,6,1,600,1,1,4,,2024-04-17 20:11
202048,20204802,25,2022,50,6,,,,,,,2,6,2,,,,3,,2024-04-17 20:11
202048,20204803,25,2022,22,3,1,282,2022m6,1,864,1,1,6,1,180,1,2,4,,2024-04-17 20:11
202048,20204804,25,2022,15,2,,,,,,,1,6,2,,,,4,,2024-04-17 20:11
202049,20204901,25,2022,49,6,2,422,2012m6,4,753,2,2,6,1,700,,2,5,,2024-04-17 20:11
202049,20204902,25,2022,46,6,,,,,,,2,6,2,,,,5,,2024-04-17 20:11
202049,20204903,25,2022,18,2,,,,,,,1,6,1,,,,4,,2024-04-17 20:11
202050,20205001,25,2022,43,6,1,351,2006m4,1,312,1,2,6,1,600,1,2,4,,2024-04-17 20:11
202050,20205002,25,2022,43,6,,,,,,,2,6,2,,,,4,,2024-04-17 20:11
202051,20205101,25,2022,43,6,1,351,2008m3,1,399,1,2,6,1,600,1,1,4,,2024-04-17 20:11
202051,20205102,25,2022,43,6,,,,,,,2,6,2,,,,4,,2024-04-17 20:11
202051,20205103,25,2022,15,2,,,,,,,1,6,1,,,,4,,2024-04-17 20:11
202052,20205201,25,2022,56,6,2,426,2010m4,4,875,2,2,6,1,500,,2,5,,2024-04-17 20:11
202052,20205202,25,2022,50,5,1,651,2022m2,2,510,1,2,6,2,200,2,2,5,,2024-04-17 20:11
202052,20205203,25,2022,23,4,,,,,,,1,6,1,,,,4,,2024-04-17 20:11
202052,20205204,25,2022,20,4,,,,,,,1,6,2,,,,4,,2024-04-17 20:11
202053,20205301,25,2022,52,6,2,493,1996m3,4,873,2,2,6,1,600,,2,5,,2024-04-17 20:11
202053,20205302,25,2022,50,5,,,,,,,2,6,2,,,,5,,2024-04-17 20:11
202053,20205303,25,2022,20,4,,,,,,,1,6,2,,,,5,,2024-04-17 20:11
202053,20205304,25,2022,17,2,,,,,,,1,6,1,,,,5,,2024-04-17 20:11
202054,20205401,25,2022,79,2,1,872,2021m3,2,900,1,2,6,1,27,2,2,6,,2024-04-17 20:11
202054,20205402,25,2022,75,2,2,474,1983m3,4,521,2,2,6,2,50,,3,6,,2024-04-17 20:11
202055,20205501,25,2022,86,1,,,,,,,2,6,1,,,,6,,2024-04-17 20:11
202055,20205502,25,2022,81,1,1,872,2020m10,2,421,1,2,6,2,60,2,2,6,,2024-04-17 20:11
210016,20205601,25,2022,57,3,2,479,1998m3,4,532,2,2,6,1,250,,2,4,,2024-04-17 20:11
210016,20205602,25,2022,56,3,3,479,1998m3,5,532,2,2,6,2,,,3,4,,2024-04-17 20:11
210300,20205603,25,2022,32,6,1,872,2013m3,1,247,1,2,6,2,200,1,2,4,,2024-04-17 20:11
210016,20205604,25,2022,28,5,1,953,2021m3,2,761,1,1,6,1,200,2,3,5,,2024-04-17 20:11
210016,20205605,25,2022,22,4,,,,,,,1,6,1,,,,5,,2024-04-17 20:11
202057,20205701,25,2022,61,3,2,303,2008m3,4,851,2,2,6,1,300,,2,5,,2024-04-17 20:11
202057,20205702,25,2022,57,3,,,,,,,2,6,2,,,,5,,2024-04-17 20:11
202058,20205801,25,2022,82,2,,,,,,,2,6,1,,,,5,,2024-04-17 20:11
202058,20205802,25,2022,76,1,,,,,,,2,6,2,,,,6,,2024-04-17 20:11
202059,20205901,25,2022,74,2,2,969,1998m3,4,429,2,3,6,2,100,,3,6,,2024-04-17 20:11
202060,20206001,25,2022,30,6,1,463,2020m5,1,312,1,1,12,1,350,1,3,4,,2024-04-17 20:11
202061,20206101,25,2022,77,2,1,872,2021m1,2,941,1,2,13,1,27,2,3,6,,2024-04-17 20:11
202061,20206102,25,2022,77,2,,,,,,,2,13,2,,,,6,,2024-04-17 20:11
202062,20206201,25,2022,82,1,,,,,,,3,6,2,,,,6,,2024-04-17 20:11
202063,20206301,25,2022,79,2,,,,,,,3,6,2,,,,4,,2024-04-17 20:11
202064,20206401,25,2022,88,1,,,,,,,3,6,2,,,,6,,2024-04-17 20:11
202066,20206601,25,2022,59,3,,,,,,,3,6,2,,,,5,,2024-04-17 20:11
202067,20206701,25,2022,88,2,,,,,,,3,6,2,,,,4,,2024-04-17 20:11
202068,20206801,25,2022,75,2,2,11,2006m3,4,611,2,2,13,1,30,,3,4,,2024-04-17 20:11
202068,20206802,25,2022,71,2,1,841,2022m1,2,941,1,2,13,2,27,2,2,4,,2024-04-17 20:11
202069,20206901,25,2022,63,3,2,410,1990m1,4,141,2,2,6,1,500,,2,3,,2024-04-17 20:11
202069,20206902,25,2022,56,3,,,,,,,2,6,2,,,,3,,2024-04-17 20:11
202069,20206903,25,2022,26,4,1,411,2019m3,3,910,1,1,6,1,400,2,2,3,,2024-04-17 20:11
202070,20207001,25,2022,82,2,,,,,,,3,13,2,,,,6,,2024-04-17 20:11
202071,20207101,25,2022,85,3,1,872,2021m3,2,941,1,2,1,1,27,2,3,5,,2024-04-17 20:11
202072,20207201,25,2022,79,3,,,,,,,2,8,1,,,,5,,2024-04-17 20:11
202072,20207202,25,2022,72,3,,,,,,,2,8,2,,,,5,,2024-04-17 20:11
202073,20207301,25,2022,68,2,1,411,2000m10,3,782,1,2,1,1,100,2,3,4,,2024-04-17 20:11
202073,20207302,25,2022,66,2,1,682,2012m9,2,941,1,2,1,2,76,2,3,4,,2024-04-17 20:11
202074,20207401,25,2022,92,2,,,,,,,2,1,1,,,,5,,2024-04-17 20:11
202074,20207402,25,2022,81,1,,,,,,,2,1,2,,,,5,,2024-04-17 20:11
202075,20207501,25,2022,76,2,,,,,,,2,1,1,,,,5,,2024-04-17 20:11
202075,20207502,25,2022,69,2,,,,,,,2,1,2,,,,5,,2024-04-17 20:11
202076,20207602,25,2022,47,3,,,,,,,2,1,2,,,,5,,2024-04-17 20:11
202077,20207701,25,2022,87,2,,,,,,,2,1,1,,,,4,,2024-04-17 20:11
202077,20207702,25,2022,85,2,,,,,,,2,1,2,,,,4,,2024-04-17 20:11
202079,20207901,25,2022,69,5,1,729,2021m11,1,231,1,3,8,1,200,2,2,4,,2024-04-17 20:11
210117,20207903,25,2022,35,5,1,263,2015m11,1,864,1,1,8,1,330,1,3,5,,2024-04-17 20:11
202080,20208001,25,2022,87,2,,,,,,,2,1,1,,,,4,,2024-04-17 20:11
202080,20208002,25,2022,83,2,,,,,,,2,1,2,,,,5,,2024-04-17 20:11
202081,20208101,25,2022,39,3,2,264,,4,864,2,2,5,1,210,,3,5,,2024-04-17 20:11
202081,20208102,25,2022,30,3,,,,,,,2,5,2,,,,5,,2024-04-17 20:11
202082,20208201,25,2022,84,1,1,841,2021m2,2,941,1,3,1,2,27,2,3,6,,2024-04-17 20:11
202083,20208301,25,2022,67,3,,,,,,,3,1,2,,,,6,,2024-04-17 20:11
202085,20208501,25,2022,68,2,,,,,,,2,1,1,,,,4,,2024-04-17 20:11
202085,20208502,25,2022,65,2,1,713,2006m3,3,953,1,2,1,2,100,2,4,5,,2024-04-17 20:11
202086,20208601,25,2022,61,3,,,,,,,2,1,1,,,,5,,2024-04-17 20:11
202086,20208602,25,2022,58,3,1,969,2013m12,1,441,1,2,1,2,300,1,2,4,,2024-04-17 20:11
202087,20208702,25,2022,57,3,1,561,2008m3,1,441,1,2,1,2,280,1,3,5,,2024-04-17 20:11
202088,20208801,25,2022,64,2,1,472,2008m4,2,521,1,3,8,2,130,2,3,5,,2024-04-17 20:11
202089,20208901,25,2022,76,2,,,,,,,2,1,1,,,,5,,2024-04-17 20:11
202089,20208902,25,2022,73,2,1,410,2013m4,3,941,1,2,1,2,80,2,3,4,,2024-04-17 20:11
202091,20209101,25,2022,69,2,,,,,,,2,1,1,,,,3,,2024-04-17 20:11
202091,20209102,25,2022,66,2,,,,,,,2,1,2,,,,4,,2024-04-17 20:11
202092,20209202,25,2022,53,5,,,,,,,3,1,2,,,,4,,2024-04-17 20:11
202093,20209301,25,2022,75,3,1,421,2017m1,3,910,1,2,1,1,140,2,4,5,,2024-04-17 20:11
202093,20209302,25,2022,70,3,1,682,2021m1,2,941,1,2,1,2,148,2,3,4,,2024-04-17 20:11
202094,20209402,25,2022,50,5,,,,,,,2,1,2,,,,4,,2024-04-17 20:11
202095,20209501,25,2022,68,6,1,857,2002m4,1,312,1,2,1,1,220,1,3,3,,2024-04-17 20:11
202095,20209502,25,2022,59,3,1,871,2002m3,1,421,1,2,1,2,330,1,3,3,,2024-04-17 20:11
210040,20209503,25,2022,35,6,,,,,,,2,1,2,,,,4,,2024-04-17 20:11
202096,20209602,25,2022,43,6,,,,,,,2,1,2,,,,4,,2024-04-17 20:11
202097,20209701,25,2022,69,3,,,,,,,2,8,1,,,,5,,2024-04-17 20:11
202097,20209702,25,2022,67,6,,,,,,,2,8,2,,,,5,,2024-04-17 20:11
202098,20209801,25,2022,75,3,,,,,,,2,1,1,,,,4,,2024-04-17 20:11
202098,20209802,25,2022,71,3,,,,,,,2,1,2,,,,4,,2024-04-17 20:11
202098,20209803,25,2022,40,3,,,,,,,1,1,1,,,,4,,2024-04-17 20:11
202100,20210002,25,2022,42,6,2,464,2020m10,4,521,2,2,1,2,200,,3,4,,2024-04-17 20:11
202101,20210102,25,2022,72,3,,,,,,,3,1,2,,,,4,,2024-04-17 20:11
202102,20210201,25,2022,51,6,1,465,2013m3,1,274,1,2,1,1,190,1,4,5,,2024-04-17 20:11
202102,20210202,25,2022,50,3,1,681,2022m1,1,274,1,2,1,2,270,1,2,4,,2024-04-17 20:11
202103,20210302,25,2022,85,3,,,,,,,3,1,2,,,,6,,2024-04-17 20:11
210041,20210303,25,2022,61,6,,,,,,,3,1,2,,,,6,,2024-04-17 20:11
202104,20210401,25,2022,68,2,2,953,2008m8,4,722,2,2,1,1,80,,4,4,,2024-04-17 20:11
202104,20210402,25,2022,65,2,1,969,2021m5,1,421,1,2,1,2,70,2,2,4,,2024-04-17 20:11
202105,20210501,25,2022,68,2,1,423,2021m6,3,772,1,2,1,1,80,2,4,6,,2024-04-17 20:11
202105,20210502,25,2022,62,2,1,871,2020m6,1,421,1,2,1,2,240,1,3,5,,2024-04-17 20:11
202106,20210601,25,2022,73,2,,,,,,,3,1,2,,,,5,,2024-04-17 20:11
202107,20210701,25,2022,64,2,1,492,2018m4,1,941,1,3,1,2,160,2,3,5,,2024-04-17 20:11
202108,20210801,25,2022,76,3,1,682,2021m1,2,942,1,2,1,1,150,2,3,5,,2024-04-17 20:11
202108,20210802,25,2022,70,2,,,,,,,2,1,2,,,,4,,2024-04-17 20:11
202110,20211001,25,2022,86,5,,,,,,,2,1,1,,,,3,,2024-04-17 20:11
202110,20211002,25,2022,80,3,,,,,,,2,1,2,,,,4,,2024-04-17 20:11
202111,20211101,25,2022,58,6,,,,,,,2,9,1,,,,4,,2024-04-17 20:11
202111,20211102,25,2022,56,6,,,,,,,2,9,2,,,,4,,2024-04-17 20:11
202112,20211201,25,2022,70,2,,,,,,,3,1,2,,,,4,,2024-04-17 20:11
202113,20211301,25,2022,47,6,1,582,2021m4,1,312,1,2,1,1,500,1,3,4,,2024-04-17 20:11
202113,20211302,25,2022,43,6,,,,,,,2,1,2,,,,5,,2024-04-17 20:11
202114,20211401,25,2022,42,6,1,751,2015m11,1,399,1,2,1,1,460,1,3,4,,2024-04-17 20:11
202114,20211402,25,2022,45,5,,,,,,,2,1,2,,,,4,,2024-04-17 20:11
202115,20211501,25,2022,45,6,1,529,2007m3,1,312,1,2,1,1,520,1,3,4,,2024-04-17 20:11
202115,20211502,25,2022,34,6,,,,,,,2,1,2,,,,4,,2024-04-17 20:11
202116,20211601,25,2022,34,6,1,464,2021m8,1,312,1,2,1,1,380,1,2,4,,2024-04-17 20:11
202117,20211701,25,2022,71,2,,,,,,,3,1,2,,,,3,,2024-04-17 20:11
202118,20211801,25,2022,72,2,1,424,2021m6,3,783,1,3,1,1,50,2,4,5,,2024-04-17 20:11
202119,20211902,25,2022,77,3,,,,,,,3,8,2,,,,5,,2024-04-17 20:11
202120,20212001,25,2022,80,2,1,872,2022m4,2,941,1,3,1,2,27,2,3,4,,2024-04-17 20:11
202120,20212002,25,2022,57,5,,,,,,,1,1,1,,,,5,,2024-04-17 20:11
202121,20212101,25,2022,78,2,,,,,,,3,1,2,,,,5,,2024-04-17 20:11
202124,20212401,25,2022,40,6,1,107,2013m4,1,312,1,2,1,1,480,1,3,5,,2024-04-17 20:11
202124,20212402,25,2022,39,6,,,,,,,2,1,2,,,,4,,2024-04-17 20:11
202126,20212601,25,2022,74,3,,,,,,,2,1,1,,,,5,,2024-04-17 20:11
202126,20212602,25,2022,71,3,,,,,,,2,1,2,,,,4,,2024-04-17 20:11
202127,20212701,25,2022,64,2,,,,,,,2,1,1,,,,4,,2024-04-17 20:11
202127,20212702,25,2022,60,2,1,561,2021m3,2,952,1,2,1,2,80,2,3,4,,2024-04-17 20:11
202128,20212801,25,2022,80,6,,,,,,,2,1,1,,,,5,,2024-04-17 20:11
202128,20212802,25,2022,80,3,,,,,,,2,1,2,,,,5,,2024-04-17 20:11
202129,20212901,25,2022,54,3,1,251,2005m5,1,783,1,2,9,1,250,1,3,4,,2024-04-17 20:11
202129,20212902,25,2022,53,3,2,339,1997m3,4,791,2,2,9,2,100,,3,5,,2024-04-17 20:11
202129,20212903,25,2022,21,4,,,,,,,1,9,1,,,,4,,2024-04-17 20:11
202130,20213001,25,2022,77,1,1,872,2022m4,2,941,1,2,9,1,27,2,3,5,,2024-04-17 20:11
202130,20213002,25,2022,72,1,,,,,,,2,9,2,,,,4,,2024-04-17 20:11
202131,20213101,25,2022,68,2,2,969,1978m3,4,823,2,2,9,1,500,,2,4,,2024-04-17 20:11
202131,20213102,25,2022,69,3,3,969,1981m12,5,823,2,2,9,2,,,3,4,,2024-04-17 20:11
202132,20213201,25,2022,67,2,,,,,,,2,9,1,,,,4,,2024-04-17 20:11
202132,20213202,25,2022,62,2,1,471,2014m8,1,941,1,2,9,2,179,1,3,5,,2024-04-17 20:11
202133,20213301,25,2022,64,2,,,,,,,2,9,1,,,,5,,2024-04-17 20:11
202133,20213302,25,2022,66,2,,,,,,,2,9,2,,,,5,,2024-04-17 20:11
202134,20213402,25,2022,83,2,,,,,,,3,9,2,,,,6,,2024-04-17 20:11
202135,20213501,25,2022,75,2,1,872,2022m3,2,941,1,2,9,1,27,2,3,4,,2024-04-17 20:11
202135,20213502,25,2022,70,2,1,872,2020m3,2,941,1,2,9,2,27,2,2,4,,2024-04-17 20:11
202136,20213601,25,2022,67,2,,,,,,,2,9,1,,,,5,,2024-04-17 20:11
202136,20213602,25,2022,66,2,,,,,,,2,9,2,,,,4,,2024-04-17 20:11
202137,20213701,25,2022,65,5,1,32,2020m9,1,630,1,2,9,1,230,1,3,4,,2024-04-17 20:11
202137,20213702,25,2022,58,5,2,561,2019m9,4,441,2,2,9,2,200,,2,4,,2024-04-17 20:11
202138,20213801,25,2022,85,2,,,,,,,2,9,1,,,,4,,2024-04-17 20:11
202138,20213802,25,2022,81,2,1,872,2018m3,2,,1,2,9,2,27,2,2,5,,2024-04-17 20:11
202139,20213901,25,2022,93,2,,,,,,,2,9,1,,,,5,,2024-04-17 20:11
202139,20213902,25,2022,83,2,1,872,2019m3,2,941,1,2,9,2,27,2,3,5,,2024-04-17 20:11
202140,20214001,25,2022,81,3,,,,,,,2,9,1,,,,4,,2024-04-17 20:11
202140,20214002,25,2022,72,2,1,872,2021m3,2,952,1,2,9,2,27,2,3,4,,2024-04-17 20:11
202141,20214101,25,2022,39,5,1,969,2015m11,1,922,1,1,9,1,200,1,2,5,,2024-04-17 20:11
202142,20214201,25,2022,67,3,2,493,2003m3,4,312,2,2,9,1,4000,,3,4,,2024-04-17 20:11
202142,20214202,25,2022,67,3,3,,,,,,2,9,2,,,,3,,2024-04-17 20:11
202143,20214301,25,2022,43,5,1,493,2006m3,1,873,1,2,9,1,200,1,3,4,,2024-04-17 20:11
202143,20214302,25,2022,43,6,,,,,,,2,9,2,,,,5,,2024-04-17 20:11
202144,20214401,25,2022,84,3,,,,,,,2,9,1,,,,4,,2024-04-17 20:11
202144,20214402,25,2022,79,2,,,,,,,2,9,2,,,,4,,2024-04-17 20:11
202145,20214501,25,2022,71,1,,,,,,,3,9,2,,,,6,,2024-04-17 20:11
202145,20214502,25,2022,43,3,,,,,,,1,9,1,,,,5,,2024-04-17 20:11
202147,20214701,25,2022,76,5,,,,,,,2,12,1,,,,4,,2024-04-17 20:11
202147,20214702,25,2022,72,3,,,,,,,2,12,2,,,,4,,2024-04-17 20:11
202148,20214801,25,2022,77,6,,,,,,,2,12,1,,,,4,,2024-04-17 20:11
202148,20214802,25,2022,72,2,,,,,,,2,12,2,,,,3,,2024-04-17 20:11
202149,20214901,25,2022,73,2,,,,,,,2,12,1,,,,4,,2024-04-17 20:11
202149,20214902,25,2022,68,2,,,,,,,2,12,2,,,,5,,2024-04-17 20:11
202150,20215001,25,2022,70,2,2,12,1974m5,4,613,2,2,12,1,70,,2,5,,2024-04-17 20:11
202150,20215002,25,2022,63,2,3,12,1974m5,5,613,2,2,12,2,,,3,5,,2024-04-17 20:11
202151,20215101,25,2022,65,3,,,,,,,2,12,2,,,,5,,2024-04-17 20:11
202151,20215102,25,2022,70,3,2,11,2013m5,4,611,2,2,12,1,20,,2,5,,2024-04-17 20:11
202152,20215201,25,2022,56,5,2,475,1983m3,4,521,2,2,10,1,800,,3,3,,2024-04-17 20:11
202152,20215202,25,2022,51,3,,,,,,,2,10,2,,,,3,,2024-04-17 20:11
202152,20215203,25,2022,20,4,,,,,,,1,10,1,,,,3,,2024-04-17 20:11
202152,20215204,25,2022,18,2,,,,,,,1,10,2,,,,3,,2024-04-17 20:11
202153,20215301,25,2022,48,6,,,,,,,2,10,1,,,,3,,2024-04-17 20:11
202153,20215302,25,2022,41,5,,,,,,,2,10,2,,,,3,,2024-04-17 20:11
202153,20215303,25,2022,16,2,,,,,,,1,10,2,,,,4,,2024-04-17 20:11
202154,20215401,25,2022,58,3,1,411,2022m4,3,910,1,2,10,1,300,2,3,4,,2024-04-17 20:11
202154,20215402,25,2022,57,3,1,969,2018m3,3,442,1,2,10,2,200,2,3,4,,2024-04-17 20:11
210173,20215403,25,2022,31,6,1,612,2015m3,1,399,1,2,10,2,290,1,2,4,,2024-04-17 20:11
202154,20215404,25,2022,30,4,1,262,2015m8,1,863,1,1,10,1,280,1,2,4,,2024-04-17 20:11
202156,20215601,25,2022,63,3,1,179,2021m9,1,874,1,2,10,1,300,1,3,3,,2024-04-17 20:11
202156,20215602,25,2022,58,3,1,521,2018m11,1,921,1,2,10,2,220,1,2,4,,2024-04-17 20:11
202156,20215603,25,2022,32,6,1,272,2016m7,1,854,1,1,10,1,350,1,2,4,,2024-04-17 20:11
202157,20215701,25,2022,77,2,2,11,1973m3,4,611,2,2,11,1,100,,3,5,,2024-04-17 20:11
202158,20215801,25,2022,53,3,2,11,2008m2,4,611,2,3,11,1,120,,3,4,,2024-04-17 20:11
202158,20215804,25,2022,78,1,,,,,,,3,11,2,,,,5,,2024-04-17 20:11
202159,20215901,25,2022,62,2,2,11,1983m3,4,611,2,2,11,1,130,,3,4,,2024-04-17 20:11
202159,20215902,25,2022,58,2,3,11,1998m3,5,611,2,2,11,2,,,3,5,,2024-04-17 20:11
202160,20216001,25,2022,64,6,2,11,2016m2,4,611,2,2,11,1,100,,3,3,,2024-04-17 20:11
202160,20216002,25,2022,63,2,1,651,1998m7,1,510,1,2,11,2,100,2,3,3,,2024-04-17 20:11
202160,20216003,25,2022,89,2,,,,,,,3,11,2,,,,3,,2024-04-17 20:11
202161,20216101,25,2022,82,1,,,,,,,3,11,2,,,,5,,2024-04-17 20:11
202162,20216201,25,2022,74,2,2,11,1963m3,4,611,2,2,11,1,100,,3,4,,2024-04-17 20:11
202162,20216202,25,2022,73,2,3,11,1974m3,5,611,2,2,11,2,,,4,4,,2024-04-17 20:11
202163,20216301,25,2022,75,3,2,11,2001m3,4,611,2,2,11,1,170,,3,5,,2024-04-17 20:11
202163,20216302,25,2022,74,2,3,11,1975m3,5,611,2,2,11,2,,,3,5,,2024-04-17 20:11
202164,20216401,25,2022,85,1,,,,,,,3,11,2,,,,5,,2024-04-17 20:11
202165,20216501,25,2022,60,2,2,11,1983m3,4,611,2,3,11,2,500,,2,4,,2024-04-17 20:11
202166,20216601,25,2022,70,2,,,,,,,2,11,1,,,,5,,2024-04-17 20:11
202166,20216602,25,2022,64,2,,,,,,,2,11,2,,,,5,,2024-04-17 20:11
202167,20216701,25,2022,70,2,2,467,2021m1,4,941,2,2,14,1,50,,2,4,,2024-04-17 20:11
202167,20216702,25,2022,64,2,2,969,1995m10,4,429,2,2,14,2,30,,2,4,,2024-04-17 20:11
210276,20216703,25,2022,39,2,,,,,,,2,14,2,,,,4,,2024-04-17 20:11
202168,20216801,25,2022,67,2,1,463,2015m11,1,942,1,2,14,1,200,2,3,4,,2024-04-17 20:11
202168,20216802,25,2022,63,2,,,,,,,2,14,2,,,,4,,2024-04-17 20:11
202169,20216901,25,2022,84,3,,,,,,,2,14,1,,,,4,,2024-04-17 20:11
202169,20216902,25,2022,84,2,,,,,,,2,14,2,,,,4,,2024-04-17 20:11
202170,20217001,25,2022,73,3,,,,,,,2,14,1,,,,4,,2024-04-17 20:11
202170,20217002,25,2022,70,2,,,,,,,2,14,2,,,,4,,2024-04-17 20:11
202172,20217201,25,2022,44,6,,,,,,,1,14,2,,,,4,,2024-04-17 20:11
202173,20217301,25,2022,66,2,2,561,2008m3,4,441,2,2,14,1,0,,3,4,,2024-04-17 20:11
202173,20217302,25,2022,63,2,3,561,2008m3,5,441,2,2,14,2,,,4,4,,2024-04-17 20:11
202174,20217401,25,2022,41,3,1,120,2012m5,1,930,1,2,14,1,230,2,3,5,,2024-04-17 20:11
202174,20217402,25,2022,45,3,,,,,,,2,14,2,,,,5,,2024-04-17 20:11
202175,20217501,25,2022,66,2,1,422,2008m3,3,753,1,2,14,1,70,2,4,5,,2024-04-17 20:11
202175,20217502,25,2022,63,2,,,,,,,2,14,2,,,,5,,2024-04-17 20:11
202176,20217601,25,2022,50,6,2,856,1995m3,4,254,2,1,14,2,500,,2,3,,2024-04-17 20:11
202178,20217801,25,2022,48,3,1,529,2021m8,1,874,1,2,12,1,330,1,3,5,,2024-04-17 20:11
202178,20217802,25,2022,46,6,2,961,2017m5,4,422,2,2,12,2,200,,3,5,,2024-04-17 20:11
202179,20217901,25,2022,42,3,,,,,,,2,12,2,,,,5,,2024-04-17 20:11
202179,20217902,25,2022,42,6,1,141,2018m5,1,312,1,2,12,1,380,1,3,5,,2024-04-17 20:11
202179,20217903,25,2022,15,2,,,,,,,1,12,1,,,,4,,2024-04-17 20:11
202180,20218001,25,2022,29,3,,,,,,,2,12,2,,,,5,,2024-04-17 20:11
202180,20218002,25,2022,34,6,1,243,2019m8,1,235,1,2,12,1,350,1,3,4,,2024-04-17 20:11
202182,20218201,25,2022,80,1,,,,,,,3,6,2,,,,6,,2024-04-17 20:11
202183,20218301,25,2022,33,6,1,351,2016m3,1,312,1,2,13,1,370,1,2,4,,2024-04-17 20:11
210174,20218302,25,2022,30,6,1,303,2020m3,1,854,1,2,13,1,270,1,2,5,,2024-04-17 20:11
202183,20218303,25,2022,34,6,1,651,2013m3,1,320,1,2,13,2,250,1,2,4,,2024-04-17 20:11
202184,20218401,25,2022,53,3,1,303,2015m9,1,743,1,2,6,1,600,1,2,5,,2024-04-17 20:11
202184,20218402,25,2022,50,5,2,872,2022m2,4,247,2,2,6,2,400,,2,4,,2024-04-17 20:11
202184,20218403,25,2022,17,2,,,,,,,1,6,2,,,,4,,2024-04-17 20:11
202185,20218501,25,2022,52,5,2,721,1995m4,4,231,2,2,6,1,600,,2,5,,2024-04-17 20:11
202185,20218502,25,2022,49,5,1,411,2021m1,1,313,1,2,6,2,200,1,2,5,,2024-04-17 20:11
202185,20218503,25,2022,25,6,,,,,,,1,6,1,,,,5,,2024-04-17 20:11
202185,20218504,25,2022,22,4,1,961,2022m3,2,422,1,1,6,2,200,2,2,5,,2024-04-17 20:11
202186,20218601,25,2022,50,3,1,872,2022m9,2,421,1,1,6,1,120,2,2,6,,2024-04-17 20:11
202186,20218602,25,2022,79,2,,,,,,,2,6,1,,,,6,,2024-04-17 20:11
202186,20218603,25,2022,76,2,,,,,,,2,6,2,,,,6,,2024-04-17 20:11
202187,20218701,25,2022,35,6,,,,,,,2,6,2,,,,5,,2024-04-17 20:11
210017,20218702,25,2022,30,6,,,,,,,1,12,1,,,,6,,2024-04-17 20:11
202187,20218703,25,2022,40,6,1,662,2015m3,2,272,1,2,6,1,350,2,2,5,,2024-04-17 20:11
202188,20218801,25,2022,74,6,,,,,,,2,6,1,,,,4,,2024-04-17 20:11
202188,20218802,25,2022,71,3,,,,,,,2,6,2,,,,3,,2024-04-17 20:11
202189,20218901,25,2022,63,3,1,681,2021m2,2,312,1,2,6,1,600,2,2,5,,2024-04-17 20:11
202189,20218902,25,2022,60,3,,,,,,,2,6,2,,,,5,,2024-04-17 20:11
202190,20219001,25,2022,59,6,1,106,2001m2,1,312,1,2,6,1,540,1,2,5,,2024-04-17 20:11
202190,20219002,25,2022,55,3,,,,,,,2,6,2,,,,5,,2024-04-17 20:11
202192,20219201,25,2022,76,2,2,961,1987m4,4,422,2,2,13,1,150,,2,6,,2024-04-17 20:11
202192,20219202,25,2022,75,2,,,,,,,2,13,2,,,,6,,2024-04-17 20:11
202193,20219301,25,2022,43,6,1,424,2011m3,1,312,1,2,6,1,500,1,2,5,,2024-04-17 20:11
202193,20219302,25,2022,43,5,2,961,2010m10,4,422,2,2,6,2,300,,2,5,,2024-04-17 20:11
202194,20219401,25,2022,61,3,1,423,1993m5,1,762,1,2,6,1,350,1,2,5,,2024-04-17 20:11
202194,20219402,25,2022,59,3,1,714,2021m3,2,391,1,2,6,2,300,2,2,5,,2024-04-17 20:11
202194,20219403,25,2022,29,6,1,179,2022m2,1,312,1,1,6,1,350,1,2,4,,2024-04-17 20:11
202195,20219502,25,2022,77,2,,,,,,,3,13,2,,,,6,,2024-04-17 20:11
202196,20219602,25,2022,78,2,1,841,2022m1,2,941,1,3,13,2,27,2,2,6,,2024-04-17 20:11
202197,20219701,25,2022,54,3,1,743,2008m6,3,612,1,2,12,1,156,2,3,5,,2024-04-17 20:11
202197,20219702,25,2022,38,3,1,561,2020m2,1,442,1,2,12,2,120,1,3,5,,2024-04-17 20:11
202198,20219802,25,2022,85,1,,,,,,,3,12,2,,,,5,,2024-04-17 20:11
202200,20220001,25,2022,86,1,,,,,,,3,13,2,,,,6,,2024-04-17 20:11
202201,20220101,25,2022,43,3,1,561,2017m10,2,442,1,1,14,2,200,2,2,4,,2024-04-17 20:11
202202,20220201,25,2022,51,3,2,561,2022m1,4,441,2,3,14,2,250,,2,4,,2024-04-17 20:11
202202,20220202,25,2022,24,4,,,,,,,1,14,2,,,,4,,2024-04-17 20:11
202202,20220203,25,2022,22,5,,,,,,,1,14,1,,,,4,,2024-04-17 20:11
202203,20220301,25,2022,72,2,2,11,1980m3,4,611,2,2,14,1,15,,3,4,,2024-04-17 20:11
202203,20220302,25,2022,69,2,3,11,1975m3,5,611,2,2,14,2,,,3,4,,2024-04-17 20:11
202204,20220401,25,2022,52,3,2,479,2016m1,4,531,2,1,14,1,200,,3,5,,2024-04-17 20:11
202205,20220501,25,2022,81,2,,,,,,,3,14,2,,,,6,,2024-04-17 20:11
202207,20220701,25,2022,57,6,1,721,2013m3,1,231,1,2,14,1,500,1,2,3,,2024-04-17 20:11
202207,20220702,25,2022,59,5,1,871,2009m3,1,421,1,2,14,2,250,1,2,4,,2024-04-17 20:11
210175,20220703,25,2022,30,6,1,841,2018m9,1,311,1,1,14,1,250,1,2,4,,2024-04-17 20:11
202208,20220801,25,2022,72,3,2,11,1975m2,4,611,2,2,14,1,250,,4,4,,2024-04-17 20:11
202208,20220802,25,2022,67,2,3,11,1975m12,5,611,2,2,14,2,,,3,4,,2024-04-17 20:11
202209,20220901,25,2022,89,1,,,,,,,3,14,2,,,,5,,2024-04-17 20:11
202211,20221101,25,2022,67,2,2,467,2020m10,4,941,2,2,14,1,30,,3,6,,2024-04-17 20:11
202211,20221102,25,2022,55,1,3,467,2020m10,5,941,2,2,14,2,,,2,5,,2024-04-17 20:11
202212,20221201,25,2022,80,1,,,,,,,3,14,2,,,,5,,2024-04-17 20:11
202213,20221301,25,2022,86,2,,,,,,,2,14,1,,,,6,,2024-04-17 20:11
202214,20221401,25,2022,72,2,2,11,1990m1,4,611,2,2,14,1,50,,3,5,,2024-04-17 20:11
202214,20221402,25,2022,66,2,3,11,1979m1,5,611,2,2,14,2,,,3,5,,2024-04-17 20:11
202215,20221501,25,2022,62,3,,,,,,,2,14,1,,,,5,,2024-04-17 20:11
202215,20221502,25,2022,60,3,1,471,2018m1,2,521,1,2,14,2,180,2,3,5,,2024-04-17 20:11
202215,20221503,25,2022,32,6,1,742,2018m1,1,237,1,1,14,1,300,1,2,4,,2024-04-17 20:11
202216,20221601,25,2022,68,3,2,12,2020m4,4,613,2,2,14,1,,,3,5,,2024-04-17 20:11
202216,20221602,25,2022,63,3,1,561,2020m4,1,441,1,2,14,2,180,1,3,5,,2024-04-17 20:11
202216,20221603,25,2022,43,4,1,303,2019m8,1,832,1,3,14,1,200,1,4,5,,2024-04-17 20:11
202216,20221604,25,2022,40,3,1,222,2018m4,1,832,1,3,14,1,250,1,4,5,,2024-04-17 20:11
202216,20221605,25,2022,19,4,,,,,,,1,14,1,,,,5,,2024-04-17 20:11
202217,20221701,25,2022,81,2,2,11,1960m1,4,611,2,2,14,1,300,,3,4,,2024-04-17 20:11
202217,20221702,25,2022,78,2,3,11,1970m1,5,611,2,2,14,2,,,3,4,,2024-04-17 20:11
202218,20221801,25,2022,40,5,1,424,2015m10,1,910,1,2,3,1,210,1,3,5,,2024-04-17 20:11
202218,20221802,25,2022,41,3,,,,,,,2,3,2,,,,5,,2024-04-17 20:11
202219,20221901,25,2022,41,6,1,424,2015m1,1,910,1,2,3,1,300,1,3,5,,2024-04-17 20:11
202219,20221902,25,2022,29,5,,,,,,,2,3,2,,,,5,,2024-04-17 20:11
202220,20222001,25,2022,63,3,,,,,,,3,14,2,,,,5,,2024-04-17 20:11
202221,20222101,25,2022,64,3,1,262,2020m12,1,851,1,2,14,1,300,1,3,5,,2024-04-17 20:11
202221,20222102,25,2022,62,3,1,561,2016m1,1,952,1,2,14,2,150,1,3,5,,2024-04-17 20:11
202222,20222201,25,2022,63,3,2,492,2014m1,4,873,2,2,14,1,150,,3,5,,2024-04-17 20:11
202222,20222202,25,2022,59,3,,,,,,,2,14,2,,,,5,,2024-04-17 20:11
202223,20222301,25,2022,75,3,2,11,2020m12,4,611,2,2,14,1,50,,3,5,,2024-04-17 20:11
202223,20222302,25,2022,66,2,1,11,2021m8,3,991,1,2,14,2,200,2,3,5,,2024-04-17 20:11
202224,20222401,25,2022,77,2,,,,,,,3,14,2,,,,5,,2024-04-17 20:11
202225,20222501,25,2022,61,5,1,682,2021m11,1,942,1,2,14,1,200,2,3,4,,2024-04-17 20:11
202225,20222502,25,2022,56,3,1,472,2016m5,1,521,1,2,14,2,150,1,3,4,,2024-04-17 20:11
202225,20222503,25,2022,28,6,1,863,2020m10,1,243,1,1,14,2,300,1,2,4,,2024-04-17 20:11
202226,20222601,25,2022,66,2,1,412,2010m1,1,910,1,2,14,1,200,1,3,5,,2024-04-17 20:11
202226,20222602,25,2022,65,2,,,,,,,2,14,2,,,,5,,2024-04-17 20:11
202227,20222701,25,2022,73,2,2,11,1958m1,4,611,2,2,14,1,200,,3,4,,2024-04-17 20:11
202227,20222702,25,2022,71,2,3,11,1973m8,5,611,2,2,14,2,,,3,4,,2024-04-17 20:11
202227,20222703,25,2022,40,6,1,641,2015m3,1,320,1,1,14,1,360,1,3,4,,2024-04-17 20:11
202228,20222801,25,2022,55,6,2,713,1998m1,4,273,2,1,14,1,240,,3,4,,2024-04-17 20:11
202228,20222802,25,2022,88,1,,,,,,,3,14,2,,,,5,,2024-04-17 20:11
202229,20222901,25,2022,69,5,2,11,2008m1,4,611,2,2,14,1,50,,3,4,,2024-04-17 20:11
202229,20222902,25,2022,64,3,,,,,,,2,14,2,,,,5,,2024-04-17 20:11
202230,20223001,25,2022,78,2,2,11,1958m1,4,611,2,2,14,1,50,,3,5,,2024-04-17 20:11
202230,20223002,25,2022,76,2,3,11,1968m12,5,611,2,2,14,2,,,3,5,,2024-04-17 20:11
202231,20223101,25,2022,61,2,1,131,2021m2,1,821,1,3,14,2,150,1,3,5,,2024-04-17 20:11
202231,20223104,25,2022,27,3,1,473,2021m3,1,531,1,1,14,2,200,2,3,5,,2024-04-17 20:11
202231,20223108,25,2022,95,1,,,,,,,3,14,2,,,,6,,2024-04-17 20:11
202232,20223201,25,2022,65,3,1,841,2021m5,2,991,1,3,14,1,240,2,3,5,,2024-04-17 20:11
202233,20223301,25,2022,42,5,1,262,2013m3,1,863,1,2,14,1,360,1,3,5,,2024-04-17 20:11
202233,20223302,25,2022,39,5,,,,,,,2,14,2,,,,4,,2024-04-17 20:11
202234,20223401,25,2022,46,6,2,713,2010m3,4,273,2,2,14,1,750,,3,3,,2024-04-17 20:11
202234,20223402,25,2022,43,6,,,,,,,2,14,2,,,,3,,2024-04-17 20:11
202234,20223403,25,2022,16,2,,,,,,,1,14,2,,,,4,,2024-04-17 20:11
202235,20223501,25,2022,71,2,,,,,,,3,14,2,,,,4,,2024-04-17 20:11
202237,20223701,25,2022,67,6,2,423,2021m6,4,762,2,2,12,1,300,,2,4,,2024-04-17 20:11
202237,20223702,25,2022,63,3,1,222,2021m6,1,312,1,2,12,2,200,1,2,4,,2024-04-17 20:11
202238,20223801,25,2022,43,3,1,222,2007m1,1,312,1,2,8,1,315,1,3,5,,2024-04-17 20:11
202238,20223802,25,2022,32,3,,,,,,,2,8,2,,,,5,,2024-04-17 20:11
202239,20223901,25,2022,39,3,3,467,2016m3,5,521,2,2,8,1,,,3,5,,2024-04-17 20:11
202239,20223902,25,2022,45,3,2,467,2016m3,4,521,2,2,8,2,300,,3,5,,2024-04-17 20:11
202239,20223903,25,2022,20,4,,,,,,,1,8,2,,,,5,,2024-04-17 20:11
202240,20224001,25,2022,70,3,,,,,,,2,8,1,,,,5,,2024-04-17 20:11
202240,20224002,25,2022,68,3,1,841,2013m1,1,941,1,2,8,2,177,2,3,5,,2024-04-17 20:11
202241,20224101,25,2022,87,2,,,,,,,3,8,2,,,,5,,2024-04-17 20:11
202242,20224201,25,2022,60,3,2,492,1985m9,4,873,2,2,13,1,300,,2,6,,2024-04-17 20:11
202242,20224202,25,2022,55,3,,,,,,,2,13,2,,,,6,,2024-04-17 20:11
202242,20224203,25,2022,26,4,,,,,,,1,13,1,,,,6,,2024-04-17 20:11
202242,20224204,25,2022,24,6,1,862,2022m3,1,243,1,1,13,2,230,1,2,6,,2024-04-17 20:11
202243,20224301,25,2022,54,3,1,472,2017m11,2,710,1,3,13,2,100,2,3,5,,2024-04-17 20:11
202244,20224401,25,2022,53,5,1,241,2021m2,1,312,1,2,13,1,600,1,2,4,,2024-04-17 20:11
202244,20224402,25,2022,50,5,2,462,2021m2,4,521,2,2,13,2,500,,2,4,,2024-04-17 20:11
202245,20224502,25,2022,81,1,1,841,2021m2,2,941,1,3,6,2,27,2,2,6,,2024-04-17 20:11
202246,20224601,25,2022,67,2,1,841,2022m2,2,941,1,3,6,2,27,2,2,5,,2024-04-17 20:11
202247,20224701,25,2022,67,2,,,,,,,1,6,1,,,,6,,2024-04-17 20:11
202248,20224801,25,2022,49,6,2,424,2019m9,4,783,2,3,6,1,500,,2,6,,2024-04-17 20:11
202249,20224901,25,2022,57,2,1,472,2018m5,2,710,1,3,13,2,100,2,2,6,,2024-04-17 20:11
202250,20225001,25,2022,60,3,2,424,1992m4,4,782,2,2,13,1,400,,2,5,,2024-04-17 20:11
202250,20225002,25,2022,54,3,1,742,2011m5,1,941,1,2,13,2,200,1,2,5,,2024-04-17 20:11
202250,20225003,25,2022,22,4,,,,,,,1,13,2,,,,5,,2024-04-17 20:11
202251,20225101,25,2022,54,3,2,476,1988m10,4,752,2,2,13,1,500,,2,5,,2024-04-17 20:11
202251,20225102,25,2022,50,3,,,,,,,2,13,2,,,,6,,2024-04-17 20:11
202252,20225201,25,2022,62,3,2,952,1990m4,4,751,2,2,13,1,300,,2,6,,2024-04-17 20:11
202252,20225202,25,2022,59,3,,,,,,,2,13,2,,,,6,,2024-04-17 20:11
202253,20225301,25,2022,40,6,1,292,2013m4,1,239,1,2,3,1,450,1,2,4,,2024-04-17 20:11
202253,20225302,25,2022,40,6,,,,,,,2,3,2,,,,4,,2024-04-17 20:11
202254,20225401,25,2022,53,5,1,653,2016m4,1,312,1,3,3,1,430,1,2,5,,2024-04-17 20:11
202254,20225402,25,2022,20,4,,,,,,,1,3,2,,,,5,,2024-04-17 20:11
202254,20225403,25,2022,15,2,,,,,,,1,3,1,,,,5,,2024-04-17 20:11
202256,20225601,25,2022,82,6,,,,,,,3,1,2,,,,4,,2024-04-17 20:11
202256,20225602,25,2022,53,6,1,741,2001m3,1,254,1,1,1,2,260,1,3,4,,2024-04-17 20:11
202258,20225801,25,2022,40,6,1,582,2007m6,1,222,1,2,1,1,450,1,3,4,,2024-04-17 20:11
202259,20225901,25,2022,70,6,1,721,2022m3,2,231,1,2,1,1,100,2,2,3,,2024-04-17 20:11
202260,20226002,25,2022,58,6,,,,,,,2,15,2,,,,3,,2024-04-17 20:11
202262,20226202,25,2022,47,6,1,651,2011m4,2,510,1,2,1,2,200,2,3,4,,2024-04-17 20:11
202264,20226402,25,2022,60,3,,,,,,,2,1,2,,,,4,,2024-04-17 20:11
210119,20226403,25,2022,31,6,,,,,,,2,1,2,,,,4,,2024-04-17 20:11
202264,20226404,25,2022,26,6,1,562,2022m4,2,441,1,1,1,2,92,2,3,4,,2024-04-17 20:11
202265,20226502,25,2022,53,6,,,,,,,2,1,2,,,,4,,2024-04-17 20:11
202266,20226602,25,2022,56,6,1,841,2018m6,2,421,1,2,1,2,120,2,2,4,,2024-04-17 20:11
202266,20226604,25,2022,27,6,,,,,,,1,1,2,,,,4,,2024-04-17 20:11
202267,20226701,25,2022,38,3,1,751,2022m1,1,312,1,2,1,1,350,1,3,4,,2024-04-17 20:11
202267,20226702,25,2022,40,6,2,479,2018m8,4,531,2,2,1,2,,,3,4,,2024-04-17 20:11
202268,20226802,25,2022,54,6,1,855,2015m6,2,254,1,2,1,2,300,2,2,4,,2024-04-17 20:11
202268,20226805,25,2022,18,2,,,,,,,1,1,2,,,,4,,2024-04-17 20:11
202269,20226901,25,2022,65,2,1,493,2018m6,3,922,1,2,1,1,200,2,3,4,,2024-04-17 20:11
202270,20227001,25,2022,62,2,1,11,2022m4,2,991,1,2,1,2,130,2,3,5,,2024-04-17 20:11
202272,20227201,25,2022,82,3,1,841,2022m3,2,941,1,2,1,1,27,2,2,5,,2024-04-17 20:11
202272,20227202,25,2022,78,2,1,851,2020m6,2,952,1,2,1,2,27,2,2,5,,2024-04-17 20:11
202273,20227301,25,2022,67,6,,,,,,,2,1,1,,,,4,,2024-04-17 20:11
202273,20227302,25,2022,66,6,1,856,2020m12,2,254,1,2,1,2,50,2,2,3,,2024-04-17 20:11
210211,20227303,25,2022,36,6,,,,,,,2,1,2,,,,4,,2024-04-17 20:11
202275,20227502,25,2022,51,6,1,852,2015m3,1,252,1,2,1,2,350,1,2,3,,2024-04-17 20:11
202278,20227801,25,2022,56,6,1,52,1993m3,1,832,1,2,1,1,700,1,2,3,,2024-04-17 20:11
202278,20227802,25,2022,52,6,1,861,1993m8,1,245,1,2,1,2,600,1,2,3,,2024-04-17 20:11
202280,20228001,25,2022,70,2,,,,,,,2,8,1,,,,4,,2024-04-17 20:11
202280,20228002,25,2022,66,3,,,,,,,2,8,2,,,,5,,2024-04-17 20:11
202280,20228003,25,2022,40,3,1,641,2002m3,1,320,1,1,8,2,500,1,2,4,,2024-04-17 20:11
202281,20228101,25,2022,51,3,1,292,2012m3,1,851,1,2,8,1,265,1,3,5,,2024-04-17 20:11
202281,20228102,25,2022,50,3,,,,,,,2,8,2,,,,5,,2024-04-17 20:11
202284,20228401,25,2022,52,6,1,842,2007m9,1,311,1,2,8,1,390,1,2,4,,2024-04-17 20:11
202284,20228402,25,2022,52,6,,,,,,,2,8,2,,,,4,,2024-04-17 20:11
202286,20228602,25,2022,52,6,2,855,2020m9,4,254,2,2,8,2,280,,3,5,,2024-04-17 20:11
202286,20228604,25,2022,16,2,,,,,,,1,8,1,,,,4,,2024-04-17 20:11
202287,20228701,25,2022,53,3,1,222,1989m3,1,832,1,2,8,1,390,1,3,4,,2024-04-17 20:11
202287,20228702,25,2022,52,6,1,851,2012m3,1,253,1,2,8,2,245,2,2,4,,2024-04-17 20:11
210095,20228703,25,2022,25,5,1,292,2020m9,1,851,1,1,8,1,228,1,4,4,,2024-04-17 20:11
202287,20228704,25,2022,20,4,,,,,,,1,8,2,,,,4,,2024-04-17 20:11
202288,20228801,25,2022,74,3,1,681,2005m4,1,139,1,2,5,1,170,1,3,3,,2024-04-17 20:11
202288,20228802,25,2022,72,2,,,,,,,2,5,2,,,,3,,2024-04-17 20:11
202289,20228901,25,2022,59,3,1,424,1983m10,3,783,1,2,8,1,280,2,4,5,,2024-04-17 20:11
202289,20228902,25,2022,55,3,,,,,,,2,8,2,,,,5,,2024-04-17 20:11
202290,20229001,25,2022,35,3,1,259,2021m5,1,854,1,1,8,1,330,1,2,4,,2024-04-17 20:11
202291,20229101,25,2022,81,2,,,,,,,3,8,2,,,,6,,2024-04-17 20:11
202293,20229301,25,2022,36,6,1,844,2014m2,1,411,1,2,8,1,480,1,2,5,,2024-04-17 20:11
202293,20229302,25,2022,31,6,,,,,,,2,8,2,,,,5,,2024-04-17 20:11
202295,20229501,25,2022,52,3,1,143,2021m5,1,822,1,1,8,1,245,1,3,5,,2024-04-17 20:11
202295,20229502,25,2022,77,2,,,,,,,3,8,2,,,,5,,2024-04-17 20:11
202296,20229602,25,2022,56,2,,,,,,,2,8,2,,,,5,,2024-04-17 20:11
202299,20229901,25,2022,50,6,2,855,2008m10,4,254,2,2,8,1,400,,2,3,,2024-04-17 20:11
202299,20229902,25,2022,45,5,2,855,2020m3,4,254,2,2,8,2,300,,3,3,,2024-04-17 20:11
202300,20230002,25,2022,37,5,,,,,,,2,8,2,,,,5,,2024-04-17 20:11
202301,20230101,25,2022,52,3,1,451,2008m5,1,510,1,1,8,1,500,2,3,3,,2024-04-17 20:11
202302,20230201,25,2022,60,3,1,493,2018m6,1,873,1,2,9,1,200,1,2,3,,2024-04-17 20:11
202302,20230202,25,2022,57,3,2,961,1992m10,4,422,2,2,9,2,200,,2,3,,2024-04-17 20:11
202303,20230301,25,2022,50,6,2,561,2016m1,4,441,2,2,9,1,500,,3,4,,2024-04-17 20:11
202303,20230302,25,2022,49,5,,,,,,,2,9,2,,,,4,,2024-04-17 20:11
202303,20230303,25,2022,20,4,,,,,,,1,9,1,,,,4,,2024-04-17 20:11
202303,20230304,25,2022,15,2,,,,,,,1,9,2,,,,3,,2024-04-17 20:11
202304,20230401,25,2022,77,2,,,,,,,2,9,1,,,,4,,2024-04-17 20:11
202304,20230402,25,2022,67,2,2,472,2008m3,4,521,2,2,9,2,150,,3,4,,2024-04-17 20:11
202304,20230403,25,2022,48,5,,,,,,,1,9,1,,,,4,,2024-04-17 20:11
202305,20230501,25,2022,68,2,1,411,1974m3,3,910,1,3,9,1,150,2,3,4,,2024-04-17 20:11
202305,20230502,25,2022,63,2,,,,,,,1,9,2,,,,4,,2024-04-17 20:11
202306,20230601,25,2022,69,3,2,12,2012m8,4,613,2,3,9,1,90,,3,4,,2024-04-17 20:11
202307,20230701,25,2022,70,2,2,11,1972m3,4,611,2,2,9,1,80,,3,4,,2024-04-17 20:11
202307,20230702,25,2022,66,2,1,856,2013m1,1,441,1,2,9,2,150,1,2,4,,2024-04-17 20:11
202308,20230801,25,2022,75,2,1,11,2018m3,3,991,1,3,9,2,20,2,3,5,,2024-04-17 20:11
202309,20230901,25,2022,61,6,,,,,,,2,9,1,,,,4,,2024-04-17 20:11
202310,20231001,25,2022,36,4,1,561,2015m3,1,442,1,2,9,1,400,1,2,3,,2024-04-17 20:11
202310,20231002,25,2022,37,3,,,,,,,2,9,2,,,,3,,2024-04-17 20:11
202314,20231401,25,2022,59,3,2,426,2013m2,4,875,2,2,1,1,509,,3,3,,2024-04-17 20:11
202314,20231402,25,2022,50,3,,,,,,,2,1,2,,,,4,,2024-04-17 20:11
202314,20231403,25,2022,27,3,,,,,,,1,1,1,,,,4,,2024-04-17 20:11
202316,20231601,25,2022,39,3,2,493,2017m7,4,873,2,2,16,1,240,,4,2,,2024-04-17 20:11
202316,20231602,25,2022,33,6,,,,,,,2,16,2,,,,2,,2024-04-17 20:11
202317,20231701,25,2022,57,2,1,412,2010m2,3,910,1,3,9,1,100,2,3,5,,2024-04-17 20:11
202319,20231901,25,2022,65,2,2,11,1968m3,4,611,2,2,9,1,200,,2,4,,2024-04-17 20:11
202319,20231902,25,2022,63,2,,,,,,,2,9,2,,,,4,,2024-04-17 20:11
202319,20231903,25,2022,84,1,,,,,,,3,9,2,,,,4,,2024-04-17 20:11
202320,20232001,25,2022,70,2,2,11,2018m10,4,611,2,2,9,1,40,,3,4,,2024-04-17 20:11
202320,20232002,25,2022,63,2,,,,,,,2,9,2,,,,4,,2024-04-17 20:11
202321,20232101,25,2022,70,2,2,11,2000m3,4,611,2,2,9,1,50,,2,3,,2024-04-17 20:11
202321,20232102,25,2022,65,2,1,561,1991m3,2,441,1,2,9,2,200,2,2,4,,2024-04-17 20:11
202322,20232201,25,2022,64,3,2,11,1982m5,4,611,2,2,9,1,100,,3,4,,2024-04-17 20:11
202322,20232202,25,2022,59,3,1,651,2021m2,1,421,1,2,9,2,67,2,3,4,,2024-04-17 20:11
202322,20232203,25,2022,95,1,,,,,,,3,9,2,,,,3,,2024-04-17 20:11
202323,20232301,25,2022,70,2,2,11,1982m3,4,611,2,2,9,1,50,,3,4,,2024-04-17 20:11
202323,20232302,25,2022,68,2,,,,,,,2,9,2,,,,4,,2024-04-17 20:11
202323,20232303,25,2022,88,1,,,,,,,3,9,2,,,,3,,2024-04-17 20:11
202324,20232401,25,2022,68,6,1,421,2021m12,1,121,1,2,1,1,80,1,3,2,,2024-04-17 20:11
202324,20232402,25,2022,66,3,,,,,,,2,1,2,,,,2,,2024-04-17 20:11
202326,20232601,25,2022,63,2,2,492,2013m5,4,873,2,3,8,1,350,,2,4,,2024-04-17 20:11
202326,20232602,25,2022,59,3,,,,,,,2,8,2,,,,3,,2024-04-17 20:11
202327,20232701,25,2022,37,5,1,949,2021m6,2,312,1,1,8,2,80,2,3,4,,2024-04-17 20:11
202328,20232801,25,2022,92,2,,,,,,,3,8,2,,,,4,,2024-04-17 20:11
202329,20232902,25,2022,65,3,,,,,,,1,8,1,,,,5,,2024-04-17 20:11
202330,20233001,25,2022,67,6,1,872,2015m3,1,421,1,2,8,1,100,2,3,3,,2024-04-17 20:11
202330,20233002,25,2022,62,6,1,852,1986m3,1,252,1,2,8,2,400,1,2,3,,2024-04-17 20:11
202332,20233201,25,2022,57,5,1,259,2014m9,1,841,1,2,8,1,230,1,3,4,,2024-04-17 20:11
202332,20233202,25,2022,57,6,,,,,,,2,8,2,,,,4,,2024-04-17 20:11
202332,20233203,25,2022,27,4,,,,,,,1,8,1,,,,4,,2024-04-17 20:11
202334,20233402,25,2022,68,6,,,,,,,3,8,2,,,,3,,2024-04-17 20:11
202334,20233404,25,2022,28,6,2,602,,4,285,2,1,8,2,200,,3,3,,2024-04-17 20:11
202335,20233501,25,2022,67,2,1,682,2018m6,1,941,1,3,8,2,190,2,2,3,,2024-04-17 20:11
210176,20233502,25,2022,47,3,3,561,2020m11,5,442,2,2,10,1,,,3,4,,2024-04-17 20:11
202336,20233601,25,2022,65,2,1,682,2017m5,1,942,1,2,8,1,200,2,3,4,,2024-04-17 20:11
202336,20233602,25,2022,65,2,1,872,2010m9,1,421,1,2,8,2,100,2,4,4,,2024-04-17 20:11
202337,20233701,25,2022,47,5,1,465,2010m4,1,312,1,2,8,1,250,1,2,3,,2024-04-17 20:11
202337,20233702,25,2022,45,6,1,581,2007m5,1,281,1,2,8,2,250,1,2,3,,2024-04-17 20:11
202338,20233801,25,2022,58,1,,,,,,,3,8,2,,,,6,,2024-04-17 20:11
202338,20233804,25,2022,19,3,,,,,,,1,8,1,,,,5,,2024-04-17 20:11
202339,20233901,25,2022,40,3,1,262,2017m12,1,863,1,1,8,1,250,1,3,4,,2024-04-17 20:11
202340,20234002,25,2022,77,2,,,,,,,3,8,2,,,,5,,2024-04-17 20:11
202342,20234201,25,2022,73,2,,,,,,,3,8,2,,,,4,,2024-04-17 20:11
202342,20234202,25,2022,49,3,,,,,,,1,8,1,,,,3,,2024-04-17 20:11
202342,20234203,25,2022,51,3,1,423,1994m5,1,772,1,3,8,1,400,1,3,3,,2024-04-17 20:11
202344,20234401,25,2022,78,4,,,,,,,2,8,1,,,,5,,2024-04-17 20:11
202344,20234402,25,2022,50,4,,,,,,,1,8,1,,,,5,,2024-04-17 20:11
202344,20234403,25,2022,75,3,,,,,,,2,8,2,,,,5,,2024-04-17 20:11
202346,20234601,25,2022,78,2,,,,,,,3,8,2,,,,4,,2024-04-17 20:11
202347,20234701,25,2022,58,6,1,969,2018m5,1,,1,3,8,2,210,1,4,4,,2024-04-17 20:11
202347,20234703,25,2022,27,6,1,861,2020m7,1,243,1,1,8,1,340,1,3,4,,2024-04-17 20:11
202348,20234801,25,2022,70,2,,,,,,,3,6,2,,,,6,,2024-04-17 20:11
202349,20234901,25,2022,68,3,2,961,1996m4,4,422,2,3,6,2,70,,3,4,,2024-04-17 20:11
202350,20235001,25,2022,71,3,,,,,,,3,6,2,,,,4,,2024-04-17 20:11
202351,20235102,25,2022,55,3,,,,,,,3,6,2,,,,6,,2024-04-17 20:11
202351,20235103,25,2022,22,4,1,111,2021m2,3,921,1,1,6,1,150,2,4,5,,2024-04-17 20:11
202351,20235104,25,2022,33,5,,,,,,,1,6,2,,,,6,,2024-04-17 20:11
202352,20235201,25,2022,64,2,1,561,2020m5,3,442,1,3,6,2,50,2,3,6,,2024-04-17 20:11
202353,20235301,25,2022,56,3,2,251,1989m3,4,783,2,3,6,1,150,,3,5,,2024-04-17 20:11
202354,20235401,25,2022,65,3,,,,,,,2,6,1,,,,3,,2024-04-17 20:11
202354,20235402,25,2022,63,3,2,961,2000m5,4,422,2,2,6,2,150,,2,3,,2024-04-17 20:11
202355,20235501,25,2022,63,3,1,861,2016m3,1,862,1,2,6,1,230,1,2,4,,2024-04-17 20:11
202355,20235502,25,2022,59,3,,,,,,,2,6,2,,,,4,,2024-04-17 20:11
202356,20235601,25,2022,40,6,1,852,2011m3,1,252,1,2,1,1,420,1,3,3,,2024-04-17 20:11
202356,20235602,25,2022,37,6,1,852,2011m3,1,252,1,2,1,2,420,1,2,3,,2024-04-17 20:11
202357,20235701,25,2022,76,2,1,970,2021m6,2,951,1,3,8,2,30,2,3,5,,2024-04-17 20:11
210042,20235702,25,2022,50,6,,,,,,,2,1,2,,,,5,,2024-04-17 20:11
202358,20235801,25,2022,47,5,2,732,1997m4,4,285,2,3,1,1,800,,2,3,,2024-04-17 20:11
202360,20236001,25,2022,51,5,1,141,1998m7,1,312,1,2,1,1,420,1,3,4,,2024-04-17 20:11
202360,20236002,25,2022,48,5,1,862,2020m9,1,243,1,2,1,2,210,1,3,4,,2024-04-17 20:11
202360,20236003,25,2022,17,2,,,,,,,1,1,2,,,,4,,2024-04-17 20:11
202361,20236102,25,2022,58,3,1,471,2022m8,1,521,1,2,8,2,150,1,3,4,,2024-04-17 20:11
202362,20236201,25,2022,78,6,1,463,2005m1,1,121,1,2,1,1,100,1,3,2,,2024-04-17 20:11
202362,20236202,25,2022,75,6,,,,,,,2,1,2,,,,3,,2024-04-17 20:11
202363,20236301,25,2022,86,5,,,,,,,3,1,1,,,,4,,2024-04-17 20:11
202364,20236401,25,2022,39,6,1,641,2008m3,1,320,1,2,1,1,700,1,3,4,,2024-04-17 20:11
202364,20236402,25,2022,38,6,,,,,,,2,1,2,,,,4,,2024-04-17 20:11
202365,20236501,25,2022,45,6,1,641,2021m9,1,320,1,2,1,1,500,2,3,5,,2024-04-17 20:11
202365,20236502,25,2022,40,6,1,841,2021m12,1,311,1,2,1,2,250,1,2,4,,2024-04-17 20:11
202365,20236504,25,2022,69,2,,,,,,,3,1,2,,,,5,,2024-04-17 20:11
202366,20236601,25,2022,68,3,3,969,2015m1,5,951,2,3,1,2,,,2,5,,2024-04-17 20:11
202367,20236701,25,2022,41,6,1,863,2020m8,1,245,1,2,1,1,330,1,3,4,,2024-04-17 20:11
202368,20236801,25,2022,39,6,1,842,2017m3,1,254,1,2,1,1,320,1,3,3,,2024-04-17 20:11
202368,20236802,25,2022,37,6,,,,,,,2,1,2,,,,4,,2024-04-17 20:11
202369,20236901,25,2022,47,6,1,620,2009m9,1,224,1,2,1,1,550,1,3,3,,2024-04-17 20:11
202369,20236902,25,2022,45,6,,,,,,,2,1,2,,,,4,,2024-04-17 20:11
202370,20237001,25,2022,38,3,1,107,2020m4,1,441,1,2,1,1,380,1,3,4,,2024-04-17 20:11
202370,20237002,25,2022,37,5,,,,,,,2,1,2,,,,4,,2024-04-17 20:11
202371,20237101,25,2022,39,6,1,265,2018m9,1,312,1,2,1,1,380,1,3,4,,2024-04-17 20:11
202371,20237102,25,2022,37,6,1,841,2016m1,1,311,1,2,1,2,250,1,1,3,,2024-04-17 20:11
202372,20237201,25,2022,55,6,2,855,2003m1,4,254,2,1,1,2,250,,3,5,,2024-04-17 20:11
202375,20237501,25,2022,50,5,,,,,,,1,8,1,,,,3,,2024-04-17 20:11
202376,20237601,25,2022,63,6,1,681,2016m12,1,312,1,2,1,1,350,1,2,3,,2024-04-17 20:11
202376,20237602,25,2022,63,3,,,,,,,2,1,2,,,,3,,2024-04-17 20:11
210018,20237603,25,2022,29,6,1,351,2018m7,1,861,1,1,11,1,350,1,2,4,,2024-04-17 20:11
202378,20237801,25,2022,50,6,,,,,,,2,1,1,,,,3,,2024-04-17 20:11
202378,20237802,25,2022,43,6,,,,,,,2,1,2,,,,4,,2024-04-17 20:11
202378,20237803,25,2022,15,2,,,,,,,1,1,2,,,,3,,2024-04-17 20:11
202378,20237805,25,2022,84,2,,,,,,,3,1,2,,,,5,,2024-04-17 20:11
202379,20237901,25,2022,60,6,1,602,1990m1,1,312,1,2,1,1,400,1,1,3,,2024-04-17 20:11
202379,20237902,25,2022,59,5,,,,,,,2,1,2,,,,3,,2024-04-17 20:11
202379,20237903,25,2022,30,6,,,,,,,1,1,1,,,,3,,2024-04-17 20:11
202379,20237904,25,2022,27,6,,,,,,,1,1,1,,,,4,,2024-04-17 20:11
202381,20238101,25,2022,43,6,1,841,2012m1,1,311,1,2,8,1,265,1,2,5,,2024-04-17 20:11
202381,20238102,25,2022,45,6,1,841,2003m3,1,311,1,2,8,2,280,1,2,5,,2024-04-17 20:11
202382,20238201,25,2022,55,3,2,381,2014m1,4,312,2,2,8,1,500,,3,5,,2024-04-17 20:11
202382,20238202,25,2022,55,3,3,381,2015m1,5,313,2,2,8,2,,,3,5,,2024-04-17 20:11
202383,20238301,25,2022,39,6,1,844,2014m3,1,411,1,2,8,1,340,1,3,5,,2024-04-17 20:11
202383,20238302,25,2022,42,3,,,,,,,2,8,2,,,,5,,2024-04-17 20:11
202384,20238401,25,2022,70,2,,,,,,,3,8,2,,,,5,,2024-04-17 20:11
202385,20238501,25,2022,86,2,,,,,,,2,8,1,,,,5,,2024-04-17 20:11
202385,20238502,25,2022,77,2,,,,,,,2,8,2,,,,5,,2024-04-17 20:11
202386,20238601,25,2022,67,2,,,,,,,3,8,2,,,,5,,2024-04-17 20:11
202386,20238602,25,2022,40,3,1,561,2020m9,1,442,1,1,8,1,200,1,3,5,,2024-04-17 20:11
202387,20238701,25,2022,76,2,,,,,,,3,8,1,,,,5,,2024-04-17 20:11
202388,20238801,25,2022,55,3,1,101,2000m3,1,312,1,2,8,1,370,1,2,5,,2024-04-17 20:11
202388,20238802,25,2022,55,3,,,,,,,2,8,2,,,,5,,2024-04-17 20:11
202388,20238803,25,2022,27,5,1,862,2017m11,1,246,1,2,8,2,190,1,3,5,,2024-04-17 20:11
202388,20238804,25,2022,26,5,1,862,2019m4,1,246,1,1,8,2,195,1,3,5,,2024-04-17 20:11
202389,20238901,25,2022,54,3,1,682,2010m3,1,312,1,2,8,1,235,1,3,5,,2024-04-17 20:11
202389,20238902,25,2022,53,3,1,871,2016m1,1,421,1,2,8,2,190,1,3,5,,2024-04-17 20:11
202389,20238903,25,2022,23,3,1,339,2021m8,1,312,1,1,8,1,170,2,3,5,,2024-04-17 20:11
202390,20239001,25,2022,55,3,2,759,2000m3,4,930,2,2,8,1,600,,3,5,,2024-04-17 20:11
202390,20239002,25,2022,55,3,,,,,,,2,8,2,,,,5,,2024-04-17 20:11
202390,20239003,25,2022,28,5,1,479,2022m2,1,531,1,1,8,1,190,1,3,5,,2024-04-17 20:11
202390,20239004,25,2022,25,6,,,,,,,1,8,1,,,,4,,2024-04-17 20:11
202390,20239005,25,2022,21,4,,,,,,,1,8,2,,,,5,,2024-04-17 20:11
210213,20239101,25,2022,53,6,1,320,2008m1,1,782,1,3,8,1,400,1,3,5,,2024-04-17 20:11
202391,20239102,25,2022,51,3,1,682,2013m1,1,313,1,3,8,2,190,1,3,5,,2024-04-17 20:11
202391,20239103,25,2022,25,3,1,620,2019m3,1,222,1,1,8,2,190,1,3,5,,2024-04-17 20:11
202391,20239104,25,2022,23,3,1,582,2020m1,1,222,1,1,8,2,190,2,3,5,,2024-04-17 20:11
202392,20239201,25,2022,62,3,,,,,,,2,8,1,,,,5,,2024-04-17 20:11
202392,20239202,25,2022,63,3,,,,,,,2,8,2,,,,5,,2024-04-17 20:11
210277,20239203,25,2022,28,4,1,844,2021m6,1,311,1,1,8,1,200,1,3,5,,2024-04-17 20:11
202392,20239204,25,2022,27,5,,,,,,,1,8,1,,,,5,,2024-04-17 20:11
202393,20239301,25,2022,79,6,1,872,2011m4,1,421,1,2,8,1,143,2,3,5,,2024-04-17 20:11
202393,20239302,25,2022,72,6,,,,,,,2,8,2,,,,5,,2024-04-17 20:11
202394,20239401,25,2022,66,2,2,11,1977m3,4,611,2,2,8,1,300,,3,5,,2024-04-17 20:11
202394,20239402,25,2022,62,2,3,11,1990m3,5,611,2,2,8,2,,,3,5,,2024-04-17 20:11
202394,20239403,25,2022,35,5,1,611,2020m8,1,922,1,1,8,1,240,1,2,5,,2024-04-17 20:11
202395,20239501,25,2022,67,2,2,492,1990m1,4,873,2,2,8,1,200,,3,5,,2024-04-17 20:11
202395,20239502,25,2022,62,2,,,,,,,2,8,2,,,,5,,2024-04-17 20:11
202396,20239601,25,2022,62,6,,,,,,,2,8,1,,,,5,,2024-04-17 20:11
202396,20239602,25,2022,56,3,2,474,2010m1,4,521,2,2,8,2,300,,3,5,,2024-04-17 20:11
202397,20239701,25,2022,80,2,,,,,,,2,8,1,,,,5,,2024-04-17 20:11
202397,20239702,25,2022,78,2,,,,,,,2,8,2,,,,5,,2024-04-17 20:11
202398,20239801,25,2022,79,1,,,,,,,3,8,2,,,,5,,2024-04-17 20:11
202399,20239901,25,2022,64,2,1,424,2018m1,3,783,1,1,8,1,300,2,3,5,,2024-04-17 20:11
202400,20240001,25,2022,77,3,1,841,2021m9,2,941,1,3,8,2,27,2,3,4,,2024-04-17 20:11
202401,20240101,25,2022,75,2,,,,,,,3,8,2,,,,6,,2024-04-17 20:11
202402,20240201,25,2022,62,6,1,852,1987m3,1,252,1,2,1,1,500,1,2,2,,2024-04-17 20:11
202402,20240202,25,2022,58,6,,,,,,,2,1,2,,,,3,,2024-04-17 20:11
202402,20240203,25,2022,29,6,,,,,,,1,1,1,,,,3,,2024-04-17 20:11
202402,20240204,25,2022,27,6,1,853,2020m7,1,251,1,1,1,2,200,2,2,4,,2024-04-17 20:11
202402,20240205,25,2022,25,6,,,,,,,1,1,2,,,,3,,2024-04-17 20:11
202403,20240301,25,2022,60,2,1,424,2021m5,3,910,1,2,8,1,270,2,3,4,,2024-04-17 20:11
202403,20240302,25,2022,61,2,1,742,2022m1,2,941,1,2,8,2,90,2,3,4,,2024-04-17 20:11
202407,20240701,25,2022,87,2,,,,,,,3,1,2,,,,6,,2024-04-17 20:11
202409,20240901,25,2022,34,6,1,631,2018m7,1,274,1,1,1,1,550,1,1,3,,2024-04-17 20:11
202410,20241001,25,2022,31,6,1,582,2022m3,1,222,1,1,1,2,270,1,1,3,,2024-04-17 20:11
202411,20241101,25,2022,36,6,1,261,2011m4,1,312,1,1,1,2,480,1,2,4,,2024-04-17 20:11
202412,20241201,25,2022,37,6,1,841,2012m2,1,311,1,1,1,2,350,1,3,3,,2024-04-17 20:11
202413,20241301,25,2022,34,6,1,852,2011m3,1,282,1,1,13,2,320,1,2,4,,2024-04-17 20:11
202414,20241401,25,2022,72,3,,,,,,,2,1,1,,,,3,,2024-04-17 20:11
202414,20241402,25,2022,66,2,1,424,2020m9,3,783,1,2,1,2,200,2,4,3,,2024-04-17 20:11
202414,20241403,25,2022,46,6,1,721,2006m12,1,231,1,1,1,1,330,1,2,3,,2024-04-17 20:11
202415,20241501,25,2022,76,3,1,872,2021m9,2,,1,1,1,2,27,2,2,3,,2024-04-17 20:11
202416,20241602,25,2022,46,6,1,661,1998m4,1,330,1,2,1,2,500,1,2,3,,2024-04-17 20:11
202417,20241701,25,2022,70,3,1,872,2008m1,2,421,1,3,1,2,150,2,4,4,,2024-04-17 20:11
202417,20241702,25,2022,42,6,,,,,,,1,1,1,,,,4,,2024-04-17 20:11
202418,20241801,25,2022,80,3,,,,,,,2,1,1,,,,3,,2024-04-17 20:11
202418,20241802,25,2022,75,2,,,,,,,2,1,2,,,,3,,2024-04-17 20:11
202419,20241901,25,2022,65,6,1,852,2021m6,2,252,1,2,1,1,300,2,3,3,,2024-04-17 20:11
202419,20241902,25,2022,61,6,,,,,,,2,1,2,,,,3,,2024-04-17 20:11
210278,20241903,25,2022,35,6,1,264,2022m5,1,285,1,2,1,2,400,1,2,3,,2024-04-17 20:11
210177,20241904,25,2022,30,6,2,591,2021m3,4,283,2,1,1,1,1000,,2,3,,2024-04-17 20:11
202420,20242001,25,2022,61,6,,,,,,,2,1,1,,,,3,,2024-04-17 20:11
202420,20242002,25,2022,56,6,,,,,,,2,1,2,,,,3,,2024-04-17 20:11
210214,20242003,25,2022,33,6,1,339,2019m12,1,730,1,2,8,1,300,1,3,5,,2024-04-17 20:11
202421,20242101,25,2022,61,6,1,853,2018m3,2,251,1,2,1,1,300,2,2,3,,2024-04-17 20:11
202421,20242102,25,2022,62,6,1,969,2017m1,2,951,1,2,1,2,170,2,2,3,,2024-04-17 20:11
202421,20242103,25,2022,33,6,1,869,2018m3,2,245,1,1,1,2,250,1,2,3,,2024-04-17 20:11
202421,20242104,25,2022,30,6,1,721,2020m2,1,231,1,1,1,1,180,1,3,3,,2024-04-17 20:11
202422,20242201,25,2022,78,2,,,,,,,2,8,1,,,,5,,2024-04-17 20:11
202422,20242202,25,2022,66,2,,,,,,,2,8,2,,,,5,,2024-04-17 20:11
202422,20242203,25,2022,45,3,1,132,2022m1,1,822,1,1,8,2,190,2,2,5,,2024-04-17 20:11
202423,20242301,25,2022,62,3,,,,,,,3,8,1,,,,5,,2024-04-17 20:11
202424,20242401,25,2022,74,2,,,,,,,3,8,2,,,,6,,2024-04-17 20:11
202425,20242501,25,2022,82,3,,,,,,,3,8,1,,,,5,,2024-04-17 20:11
202426,20242601,25,2022,76,2,,,,,,,2,8,1,,,,6,,2024-04-17 20:11
202426,20242602,25,2022,73,2,2,467,2013m1,4,941,2,2,8,2,20,,3,6,,2024-04-17 20:11
202427,20242701,25,2022,75,3,1,682,2019m3,1,942,1,2,8,1,180,2,3,5,,2024-04-17 20:11
202427,20242702,25,2022,71,2,1,861,2021m3,3,421,1,2,8,2,200,2,3,5,,2024-04-17 20:11
202428,20242801,25,2022,72,6,,,,,,,2,8,1,,,,5,,2024-04-17 20:11
202428,20242802,25,2022,68,3,1,861,2018m3,1,441,1,2,8,2,230,1,3,5,,2024-04-17 20:11
202430,20243001,25,2022,77,2,1,872,2021m3,2,941,1,3,8,2,27,2,3,5,,2024-04-17 20:11
202430,20243002,25,2022,47,3,2,474,,4,521,2,1,8,2,150,,3,5,,2024-04-17 20:11
202431,20243101,25,2022,79,3,,,,,,,2,8,1,,,,5,,2024-04-17 20:11
202431,20243102,25,2022,75,3,,,,,,,2,8,2,,,,5,,2024-04-17 20:11
202431,20243103,25,2022,50,6,1,582,2010m3,1,222,1,1,8,1,290,1,3,5,,2024-04-17 20:11
202432,20243202,25,2022,69,5,,,,,,,3,8,2,,,,4,,2024-04-17 20:11
202432,20243203,25,2022,38,6,1,582,2013m2,1,222,1,1,8,1,400,1,2,4,,2024-04-17 20:11
202432,20243204,25,2022,41,5,1,711,2020m8,1,330,1,1,8,2,180,1,2,4,,2024-04-17 20:11
202433,20243301,25,2022,65,2,1,422,2021m6,2,910,1,2,8,1,200,2,2,5,,2024-04-17 20:11
202433,20243302,25,2022,59,2,,,,,,,2,8,2,,,,5,,2024-04-17 20:11
202433,20243303,25,2022,40,6,1,620,2011m5,1,222,1,1,8,1,400,1,2,4,,2024-04-17 20:11
202433,20243304,25,2022,35,6,1,620,2011m5,1,761,1,1,8,1,350,1,2,4,,2024-04-17 20:11
202434,20243401,25,2022,47,3,1,204,,1,312,1,2,8,1,450,1,2,4,,2024-04-17 20:11
202434,20243402,25,2022,46,5,,,,,,,2,8,2,,,,4,,2024-04-17 20:11
202435,20243501,25,2022,49,3,1,411,2019m2,2,910,1,2,8,1,220,2,3,5,,2024-04-17 20:11
202435,20243502,25,2022,52,3,,,,,,,2,8,2,,,,5,,2024-04-17 20:11
202436,20243601,25,2022,59,6,1,851,2004m5,1,247,1,2,1,2,350,1,2,4,,2024-04-17 20:11
202436,20243602,25,2022,31,5,,,,,,,1,1,1,,,,4,,2024-04-17 20:11
202436,20243603,25,2022,27,4,,,,,,,1,1,1,,,,4,,2024-04-17 20:11
202438,20243801,25,2022,72,3,,,,,,,3,1,2,,,,5,,2024-04-17 20:11
202439,20243901,25,2022,63,3,2,465,2013m2,4,521,2,2,1,1,400,,2,3,,2024-04-17 20:11
202439,20243902,25,2022,63,3,,,,,,,2,1,2,,,,3,,2024-04-17 20:11
202439,20243903,25,2022,36,6,2,856,2013m10,4,254,2,1,1,2,200,,3,3,,2024-04-17 20:11
202439,20243904,25,2022,28,4,,,,,,,1,1,2,,,,3,,2024-04-17 20:11
202440,20244001,25,2022,48,6,2,265,2003m10,4,312,2,2,1,1,500,,2,3,,2024-04-17 20:11
202440,20244002,25,2022,48,6,,,,,,,2,1,2,,,,3,,2024-04-17 20:11
202441,20244101,25,2022,67,6,1,423,2020m3,2,941,1,2,1,1,220,2,2,3,,2024-04-17 20:11
202441,20244102,25,2022,63,5,,,,,,,2,1,2,,,,3,,2024-04-17 20:11
202441,20244103,25,2022,23,3,1,411,2018m3,1,312,1,1,1,2,250,1,3,3,,2024-04-17 20:11
202442,20244201,25,2022,76,5,,,,,,,2,1,1,,,,4,,2024-04-17 20:11
202442,20244202,25,2022,73,3,,,,,,,2,1,2,,,,3,,2024-04-17 20:11
202443,20244301,25,2022,70,3,,,,,,,2,1,1,,,,4,,2024-04-17 20:11
202443,20244302,25,2022,64,3,,,,,,,2,1,2,,,,3,,2024-04-17 20:11
202443,20244303,25,2022,39,5,,,,,,,1,1,1,,,,4,,2024-04-17 20:11
202445,20244501,25,2022,61,3,2,561,2012m5,4,441,2,1,1,2,350,,2,4,,2024-04-17 20:11
202446,20244602,25,2022,49,3,1,479,2011m2,1,531,1,3,1,2,300,1,2,4,,2024-04-17 20:11
202446,20244603,25,2022,25,3,,,,,,,1,1,1,,,,3,,2024-04-17 20:11
202446,20244604,25,2022,21,3,,,,,,,1,1,1,,,,3,,2024-04-17 20:11
202447,20244701,25,2022,62,3,2,493,2021m8,4,875,2,2,11,1,500,,3,4,,2024-04-17 20:11
202447,20244702,25,2022,60,3,,,,,,,2,11,2,,,,4,,2024-04-17 20:11
202449,20244901,25,2022,61,6,2,465,1990m2,4,521,2,2,1,1,400,,3,3,,2024-04-17 20:11
202449,20244902,25,2022,58,6,,,,,,,2,1,2,,,,3,,2024-04-17 20:11
202450,20245001,25,2022,51,6,1,651,1998m4,1,320,1,2,1,1,380,1,2,3,,2024-04-17 20:11
202450,20245002,25,2022,42,5,1,472,2021m3,2,521,1,2,1,2,200,2,2,4,,2024-04-17 20:11
202450,20245003,25,2022,18,2,,,,,,,1,1,1,,,,3,,2024-04-17 20:11
202452,20245201,25,2022,89,3,,,,,,,2,1,1,,,,5,,2024-04-17 20:11
202452,20245202,25,2022,82,3,,,,,,,2,1,2,,,,5,,2024-04-17 20:11
202453,20245301,25,2022,73,6,,,,,,,2,1,1,,,,4,,2024-04-17 20:11
202453,20245302,25,2022,70,3,,,,,,,2,1,2,,,,3,,2024-04-17 20:11
202454,20245401,25,2022,65,3,2,464,1982m6,4,521,2,2,1,1,500,,2,4,,2024-04-17 20:11
202454,20245402,25,2022,66,3,,,,,,,2,1,2,,,,4,,2024-04-17 20:11
202455,20245501,25,2022,73,3,,,,,,,2,1,1,,,,3,,2024-04-17 20:11
202455,20245502,25,2022,70,3,,,,,,,2,1,2,,,,4,,2024-04-17 20:11
202456,20245601,25,2022,41,6,1,411,2010m3,1,312,1,2,1,1,350,1,2,3,,2024-04-17 20:11
202456,20245602,25,2022,41,6,,,,,,,2,1,2,,,,3,,2024-04-17 20:11
202457,20245701,25,2022,73,3,,,,,,,3,1,2,,,,3,,2024-04-17 20:11
202457,20245702,25,2022,44,6,1,171,2012m3,1,313,1,1,1,1,350,1,2,3,,2024-04-17 20:11
202460,20246001,25,2022,79,3,,,,,,,2,9,1,,,,5,,2024-04-17 20:11
202460,20246002,25,2022,74,2,2,474,1981m3,4,521,2,2,9,2,100,,2,4,,2024-04-17 20:11
202461,20246101,25,2022,55,2,,,,,,,1,9,2,,,,6,,2024-04-17 20:11
202462,20246201,25,2022,80,2,,,,,,,3,9,2,,,,3,,2024-04-17 20:11
202462,20246202,25,2022,53,6,,,,,,,1,9,1,,,,4,,2024-04-17 20:11
202463,20246301,25,2022,53,3,,,,,,,1,9,1,,,,6,,2024-04-17 20:11
202464,20246401,25,2022,70,3,2,492,2000m12,4,873,2,2,9,1,180,,2,3,,2024-04-17 20:11
202464,20246402,25,2022,64,2,,,,,,,2,9,2,,,,3,,2024-04-17 20:11
202465,20246501,25,2022,50,3,2,682,2020m6,4,274,2,2,9,2,200,,3,4,,2024-04-17 20:11
202467,20246701,25,2022,68,6,,,,,,,2,9,1,,,,3,,2024-04-17 20:11
202467,20246702,25,2022,61,6,,,,,,,2,9,2,,,,3,,2024-04-17 20:11
202467,20246703,25,2022,20,4,,,,,,,1,9,2,,,,3,,2024-04-17 20:11
202468,20246801,25,2022,73,3,1,682,2015m4,1,942,1,2,9,1,240,1,2,4,,2024-04-17 20:11
202468,20246802,25,2022,58,3,,,,,,,2,9,2,,,,4,,2024-04-17 20:11
202469,20246901,25,2022,81,2,,,,,,,2,9,1,,,,4,,2024-04-17 20:11
202469,20246902,25,2022,73,2,,,,,,,2,9,2,,,,4,,2024-04-17 20:11
202469,20246903,25,2022,53,6,1,107,2010m5,1,312,1,3,9,2,250,1,2,4,,2024-04-17 20:11
202469,20246904,25,2022,27,4,,,,,,,1,9,2,,,,4,,2024-04-17 20:11
202470,20247001,25,2022,33,6,2,493,2017m6,4,873,2,1,9,1,300,,2,4,,2024-04-17 20:11
202470,20247002,25,2022,57,3,,,,,,,3,9,2,,,,4,,2024-04-17 20:11
202471,20247101,25,2022,44,6,,,,,,,2,9,2,,,,4,,2024-04-17 20:11
202471,20247102,25,2022,44,6,1,212,2004m5,1,211,1,2,9,1,430,1,2,4,,2024-04-17 20:11
202471,20247103,25,2022,15,2,,,,,,,1,9,2,,,,4,,2024-04-17 20:11
202472,20247201,25,2022,68,2,,,,,,,2,9,2,,,,3,,2024-04-17 20:11
202472,20247202,25,2022,68,3,,,,,,,2,9,1,,,,3,,2024-04-17 20:11
202473,20247301,25,2022,55,5,2,422,2008m6,4,312,2,2,9,1,600,,2,3,,2024-04-17 20:11
202473,20247302,25,2022,48,3,1,422,2021m6,1,312,1,2,9,2,210,1,2,3,,2024-04-17 20:11
202473,20247303,25,2022,25,4,,,,,,,1,9,1,,,,3,,2024-04-17 20:11
202473,20247304,25,2022,23,4,,,,,,,1,9,1,,,,3,,2024-04-17 20:11
202474,20247401,25,2022,92,2,,,,,,,3,9,2,,,,4,,2024-04-17 20:11
202474,20247402,25,2022,58,3,2,11,1992m3,4,611,2,3,9,1,200,,2,4,,2024-04-17 20:11
202475,20247501,25,2022,28,5,2,493,2017m10,4,922,2,2,9,1,300,,3,4,,2024-04-17 20:11
202475,20247502,25,2022,28,5,1,474,2016m4,1,521,1,2,9,2,200,1,3,4,,2024-04-17 20:11
202476,20247601,25,2022,59,6,1,641,1988m2,1,132,1,2,9,1,515,1,2,3,,2024-04-17 20:11
202476,20247602,25,2022,57,6,1,852,1989m9,1,252,1,2,9,2,410,1,2,3,,2024-04-17 20:11
202476,20247603,25,2022,23,4,,,,,,,1,9,2,,,,3,,2024-04-17 20:11
202477,20247701,25,2022,70,3,1,492,2009m4,1,873,1,2,9,1,150,1,3,4,,2024-04-17 20:11
202477,20247702,25,2022,65,2,1,561,2005m6,1,287,1,2,9,2,170,1,2,4,,2024-04-17 20:11
202477,20247703,25,2022,44,6,1,871,2022m2,1,421,1,1,9,2,160,1,2,3,,2024-04-17 20:11
202477,20247704,25,2022,41,5,1,911,2011m3,1,286,1,2,9,1,250,1,2,3,,2024-04-17 20:11
202477,20247705,25,2022,39,6,1,841,2010m7,1,311,1,2,9,2,250,1,2,3,,2024-04-17 20:11
202478,20247801,25,2022,95,3,,,,,,,3,9,1,,,,4,,2024-04-17 20:11
202478,20247802,25,2022,69,6,,,,,,,2,9,1,,,,4,,2024-04-17 20:11
202478,20247803,25,2022,70,3,,,,,,,2,9,2,,,,4,,2024-04-17 20:11
210279,20247804,25,2022,39,3,1,213,2009m9,1,312,1,2,9,1,258,1,2,4,,2024-04-17 20:11
202479,20247901,25,2022,62,5,1,856,2022m1,1,254,1,2,9,1,200,1,3,3,,2024-04-17 20:11
202479,20247902,25,2022,58,3,,,,,,,2,9,2,,,,3,,2024-04-17 20:11
210178,20247904,25,2022,31,6,1,855,2022m4,1,254,1,2,9,2,200,1,2,4,,2024-04-17 20:11
202480,20248001,25,2022,87,1,,,,,,,3,9,2,,,,4,,2024-04-17 20:11
202480,20248002,25,2022,54,3,1,241,2010m10,1,851,1,3,9,1,236,1,2,4,,2024-04-17 20:11
202481,20248101,25,2022,69,3,,,,,,,2,9,2,,,,3,,2024-04-17 20:11
202481,20248102,25,2022,73,6,,,,,,,2,9,1,,,,3,,2024-04-17 20:11
202484,20248401,25,2022,53,3,1,611,1991m3,1,922,1,2,1,1,350,1,2,4,,2024-04-17 20:11
202484,20248402,25,2022,51,3,,,,,,,2,1,2,,,,4,,2024-04-17 20:11
202484,20248403,25,2022,29,4,,,,,,,1,1,2,,,,4,,2024-04-17 20:11
202484,20248404,25,2022,25,5,1,712,2020m12,1,314,1,1,1,2,200,1,1,3,,2024-04-17 20:11
202486,20248602,25,2022,65,3,1,872,2020m8,2,421,1,2,1,2,70,2,3,4,,2024-04-17 20:11
202487,20248701,25,2022,81,2,,,,,,,3,1,2,,,,4,,2024-04-17 20:11
202488,20248801,25,2022,64,2,,,,,,,1,1,1,,,,5,,2024-04-17 20:11
202489,20248901,25,2022,52,3,1,561,2020m10,3,952,1,1,1,1,50,2,3,6,,2024-04-17 20:11
202490,20249001,25,2022,82,2,,,,,,,3,1,2,,,,3,,2024-04-17 20:11
202493,20249301,25,2022,59,2,,,,,,,1,1,1,,,,4,,2024-04-17 20:11
202494,20249401,25,2022,60,3,,,,,,,3,1,1,,,,6,,2024-04-17 20:11
202497,20249701,25,2022,60,5,1,132,2013m2,1,312,1,2,3,1,350,1,3,4,,2024-04-17 20:11
202497,20249702,25,2022,57,3,,,,,,,2,3,2,,,,4,,2024-04-17 20:11
202498,20249801,25,2022,57,3,1,682,2010m9,1,862,1,2,3,1,270,1,2,4,,2024-04-17 20:11
202498,20249802,25,2022,52,3,1,471,2008m6,1,531,1,2,3,2,230,1,2,4,,2024-04-17 20:11
202498,20249803,25,2022,27,6,,,,,,,1,3,2,,,,4,,2024-04-17 20:11
202499,20249901,25,2022,48,6,2,259,2017m12,4,743,2,2,3,1,700,,2,4,,2024-04-17 20:11
202499,20249902,25,2022,49,5,1,762,2011m9,1,,1,2,3,2,230,1,3,4,,2024-04-17 20:11
202499,20249903,25,2022,19,4,,,,,,,1,3,1,,,,4,,2024-04-17 20:11
202499,20249904,25,2022,15,2,,,,,,,1,3,2,,,,4,,2024-04-17 20:11
202500,20250001,25,2022,53,6,1,464,1998m5,1,312,1,2,3,1,380,1,3,3,,2024-04-17 20:11
202500,20250002,25,2022,50,6,2,961,2017m2,4,422,2,2,3,2,420,,2,3,,2024-04-17 20:11
202500,20250003,25,2022,22,5,,,,,,,1,3,2,,,,5,,2024-04-17 20:11
202500,20250005,25,2022,25,5,1,861,2021m5,1,243,1,1,3,2,350,1,2,3,,2024-04-17 20:11
202501,20250101,25,2022,62,2,2,426,2010m9,4,875,2,2,3,1,400,,3,4,,2024-04-17 20:11
202501,20250102,25,2022,55,2,1,471,2022m1,1,953,1,2,3,2,150,2,3,4,,2024-04-17 20:11
202501,20250103,25,2022,82,1,,,,,,,3,3,2,,,,4,,2024-04-17 20:11
202502,20250201,25,2022,60,5,2,751,2015m3,4,399,2,2,3,1,300,,4,4,,2024-04-17 20:11
202502,20250202,25,2022,56,3,1,107,2004m11,1,510,1,2,3,2,272,1,2,4,,2024-04-17 20:11
202503,20250301,25,2022,52,6,1,412,1998m3,1,141,1,2,3,1,450,1,2,4,,2024-04-17 20:11
202503,20250302,25,2022,50,5,1,474,2017m8,1,521,1,2,3,2,290,1,2,4,,2024-04-17 20:11
202504,20250401,25,2022,44,3,1,872,2017m6,1,873,1,1,14,1,240,1,3,6,,2024-04-17 20:11
202509,20250901,25,2022,68,3,2,471,2015m7,4,521,2,2,3,1,800,,2,4,,2024-04-17 20:11
202509,20250902,25,2022,64,3,3,,,,,,2,3,2,,,,4,,2024-04-17 20:11
202509,20250904,25,2022,88,1,,,,,,,3,3,2,,,,4,,2024-04-17 20:11
202510,20251001,25,2022,57,3,1,291,1995m4,1,312,1,2,3,1,310,1,2,4,,2024-04-17 20:11
202510,20251002,25,2022,56,3,1,472,2015m8,1,521,1,2,3,2,159,2,2,4,,2024-04-17 20:11
202511,20251101,25,2022,71,3,1,856,2009m3,3,254,1,2,1,1,100,2,2,4,,2024-04-17 20:11
202511,20251103,25,2022,43,3,,,,,,,3,1,2,,,,5,,2024-04-17 20:11
202512,20251201,25,2022,65,6,,,,,,,3,1,2,,,,4,,2024-04-17 20:11
202513,20251301,25,2022,70,3,,,,,,,2,1,1,,,,5,,2024-04-17 20:11
202513,20251302,25,2022,66,3,,,,,,,2,1,2,,,,4,,2024-04-17 20:11
202514,20251401,25,2022,69,2,1,410,2008m3,3,910,1,2,1,1,150,2,4,5,,2024-04-17 20:11
202514,20251402,25,2022,65,2,,,,,,,2,1,2,,,,5,,2024-04-17 20:11
202515,20251501,25,2022,37,3,1,561,2019m6,1,442,1,2,8,1,190,1,3,5,,2024-04-17 20:11
202515,20251502,25,2022,38,2,1,561,2019m6,1,442,1,2,8,2,190,1,3,5,,2024-04-17 20:11
202516,20251601,25,2022,46,6,1,862,2003m4,1,245,1,2,8,1,370,1,3,5,,2024-04-17 20:11
202516,20251602,25,2022,44,6,1,949,2012m7,1,313,1,2,8,2,180,1,2,4,,2024-04-17 20:11
202518,20251801,25,2022,68,3,,,,,,,1,1,2,,,,6,,2024-04-17 20:11
202519,20251901,25,2022,76,1,,,,,,,3,1,2,,,,6,,2024-04-17 20:11
202520,20252001,25,2022,55,6,,,,,,,2,1,1,,,,4,,2024-04-17 20:11
202520,20252002,25,2022,52,5,1,856,2020m9,2,254,1,2,1,2,200,2,2,3,,2024-04-17 20:11
202520,20252003,25,2022,22,4,,,,,,,1,1,1,,,,4,,2024-04-17 20:11
202521,20252101,25,2022,80,3,,,,,,,2,1,1,,,,4,,2024-04-17 20:11
202521,20252102,25,2022,77,2,,,,,,,2,1,2,,,,4,,2024-04-17 20:11
202522,20252201,25,2022,70,6,,,,,,,2,1,1,,,,3,,2024-04-17 20:11
202522,20252202,25,2022,66,3,,,,,,,2,1,2,,,,3,,2024-04-17 20:11
202523,20252301,25,2022,70,6,,,,,,,2,1,1,,,,3,,2024-04-17 20:11
202523,20252302,25,2022,68,6,,,,,,,2,1,2,,,,3,,2024-04-17 20:11
202524,20252403,25,2022,37,6,1,701,2013m3,1,234,1,2,8,1,750,1,3,4,,2024-04-17 20:11
202525,20252501,25,2022,53,3,2,742,2015m3,4,941,2,2,1,1,550,,2,4,,2024-04-17 20:11
202525,20252502,25,2022,47,3,3,742,2015m3,5,941,2,2,1,2,,,2,4,,2024-04-17 20:11
202527,20252701,25,2022,44,3,1,562,2021m7,2,441,1,1,1,2,73,2,4,6,,2024-04-17 20:11
202528,20252801,25,2022,72,2,,,,,,,2,1,1,,,,5,,2024-04-17 20:11
202528,20252802,25,2022,65,2,,,,,,,2,1,2,,,,5,,2024-04-17 20:11
202529,20252901,25,2022,33,6,1,492,2016m7,1,312,1,2,1,1,420,1,4,4,,2024-04-17 20:11
202529,20252902,25,2022,44,6,1,582,2019m3,1,222,1,2,1,2,230,1,3,4,,2024-04-17 20:11
202531,20253101,25,2022,36,6,1,732,2021m3,1,273,1,1,1,2,458,1,2,4,,2024-04-17 20:11
202532,20253201,25,2022,56,3,,,,,,,3,1,2,,,,5,,2024-04-17 20:11
202533,20253301,25,2022,44,6,1,642,2015m10,1,272,1,1,1,1,580,1,1,2,,2024-04-17 20:11
202534,20253401,25,2022,71,3,,,,,,,3,1,2,,,,5,,2024-04-17 20:11
202535,20253501,25,2022,67,2,,,,,,,2,1,1,,,,5,,2024-04-17 20:11
202535,20253502,25,2022,64,1,,,,,,,2,1,2,,,,5,,2024-04-17 20:11
202536,20253602,25,2022,92,2,,,,,,,3,1,2,,,,3,,2024-04-17 20:11
202537,20253701,25,2022,62,2,,,,,,,1,1,1,,,,4,,2024-04-17 20:11
202537,20253702,25,2022,85,2,,,,,,,3,1,2,,,,4,,2024-04-17 20:11
202538,20253801,25,2022,86,6,,,,,,,2,1,1,,,,6,,2024-04-17 20:11
202538,20253802,25,2022,81,2,,,,,,,2,1,2,,,,6,,2024-04-17 20:11
202539,20253901,25,2022,67,6,,,,,,,2,1,1,,,,4,,2024-04-17 20:11
202539,20253902,25,2022,66,3,,,,,,,2,1,2,,,,4,,2024-04-17 20:11
202539,20253903,25,2022,38,6,1,853,2017m12,1,312,1,1,1,2,450,1,3,4,,2024-04-17 20:11
202539,20253904,25,2022,36,6,1,753,2016m7,1,412,1,1,1,1,400,1,3,4,,2024-04-17 20:11
202540,20254001,25,2022,69,6,,,,,,,2,1,1,,,,3,,2024-04-17 20:11
202540,20254002,25,2022,67,6,,,,,,,2,1,2,,,,3,,2024-04-17 20:11
202541,20254101,25,2022,51,6,1,840,2000m12,1,262,1,2,1,1,800,1,2,3,,2024-04-17 20:11
202541,20254102,25,2022,49,6,,,,,,,2,1,2,,,,3,,2024-04-17 20:11
202541,20254103,25,2022,21,4,,,,,,,1,1,1,,,,3,,2024-04-17 20:11
202541,20254104,25,2022,15,2,,,,,,,1,1,2,,,,2,,2024-04-17 20:11
202542,20254201,25,2022,80,2,,,,,,,3,8,2,,,,6,,2024-04-17 20:11
202544,20254401,25,2022,49,6,1,201,2000m3,1,831,1,2,13,1,600,1,2,5,,2024-04-17 20:11
202544,20254402,25,2022,47,5,1,872,2013m2,1,247,1,2,13,2,250,1,2,4,,2024-04-17 20:11
202545,20254502,25,2022,52,3,1,872,2021m2,1,247,1,3,13,2,200,1,2,6,,2024-04-17 20:11
210280,20254503,25,2022,27,6,1,351,2021m12,1,762,1,1,8,1,280,1,2,5,,2024-04-17 20:11
202545,20254504,25,2022,22,3,1,411,2022m3,2,910,1,1,13,1,130,2,3,6,,2024-04-17 20:11
202546,20254601,25,2022,48,5,1,463,1998m4,1,312,1,3,6,2,200,1,2,6,,2024-04-17 20:11
202546,20254602,25,2022,18,2,1,561,2021m12,2,442,1,1,6,2,40,2,3,6,,2024-04-17 20:11
202546,20254603,25,2022,15,2,,,,,,,1,6,2,,,,6,,2024-04-17 20:11
202548,20254801,25,2022,65,2,1,411,2021m1,3,910,1,2,6,1,150,2,3,5,,2024-04-17 20:11
202548,20254802,25,2022,61,1,2,479,2017m10,4,532,2,2,6,2,50,,2,4,,2024-04-17 20:11
202549,20254901,25,2022,84,1,,,,,,,3,6,2,,,,6,,2024-04-17 20:11
202550,20255001,25,2022,47,3,1,561,2021m2,3,442,1,3,6,2,100,2,3,6,,2024-04-17 20:11
202550,20255002,25,2022,21,3,1,303,2021m12,1,854,1,1,6,1,150,1,2,6,,2024-04-17 20:11
202551,20255101,25,2022,75,2,,,,,,,3,13,2,,,,6,,2024-04-17 20:11
202552,20255201,25,2022,81,2,1,841,2021m9,2,941,1,3,6,2,27,2,3,6,,2024-04-17 20:11
202553,20255301,25,2022,56,6,2,311,2015m6,4,743,2,2,6,1,500,,2,5,,2024-04-17 20:11
202553,20255302,25,2022,56,5,,,,,,,2,6,2,,,,6,,2024-04-17 20:11
202553,20255303,25,2022,25,6,,,,,,,1,6,1,,,,5,,2024-04-17 20:11
202554,20255401,25,2022,67,2,1,682,2021m2,1,942,1,2,6,1,180,1,2,6,,2024-04-17 20:11
202554,20255402,25,2022,62,2,,,,,,,2,6,2,,,,6,,2024-04-17 20:11
202555,20255501,25,2022,59,3,2,492,2022m2,4,873,2,2,6,1,300,,2,6,,2024-04-17 20:11
202555,20255502,25,2022,54,3,2,961,1998m5,4,422,2,2,6,2,300,,2,5,,2024-04-17 20:11
210281,20255503,25,2022,33,5,,,,,,,1,6,1,,,,6,,2024-04-17 20:11
202555,20255504,25,2022,22,6,1,961,2022m9,1,422,1,1,6,2,250,1,2,5,,2024-04-17 20:11
202556,20255601,25,2022,43,6,1,351,2006m3,1,312,1,2,6,1,750,1,3,3,,2024-04-17 20:11
202556,20255602,25,2022,38,6,,,,,,,2,6,2,,,,3,,2024-04-17 20:11
202557,20255701,25,2022,48,5,,,,,,,2,6,1,,,,4,,2024-04-17 20:11
202557,20255702,25,2022,43,3,,,,,,,2,6,2,,,,5,,2024-04-17 20:11
202557,20255703,25,2022,18,2,,,,,,,1,6,1,,,,4,,2024-04-17 20:11
202558,20255801,25,2022,27,4,1,911,2021m10,2,432,1,1,6,1,,2,3,4,,2024-04-17 20:11
202559,20255901,25,2022,46,3,1,475,2019m8,1,521,1,3,6,2,260,1,3,4,,2024-04-17 20:11
202560,20256001,25,2022,63,1,1,841,2008m3,2,941,1,1,6,2,60,2,3,6,,2024-04-17 20:11
202561,20256101,25,2022,41,6,,,,,,,1,8,1,,,,6,,2024-04-17 20:11
202562,20256201,25,2022,60,5,2,465,2008m4,4,521,2,2,8,1,500,,2,5,,2024-04-17 20:11
202562,20256202,25,2022,57,6,,,,,,,2,8,2,,,,4,,2024-04-17 20:11
202564,20256401,25,2022,56,3,1,842,1996m1,1,311,1,2,8,1,700,1,2,3,,2024-04-17 20:11
202564,20256402,25,2022,55,3,,,,,,,2,8,2,,,,3,,2024-04-17 20:11
202564,20256403,25,2022,24,4,,,,,,,1,8,1,,,,3,,2024-04-17 20:11
202564,20256404,25,2022,23,4,,,,,,,1,8,1,,,,3,,2024-04-17 20:11
202565,20256501,25,2022,79,3,,,,,,,2,8,2,,,,4,,2024-04-17 20:11
202565,20256502,25,2022,85,6,,,,,,,2,8,1,,,,4,,2024-04-17 20:11
202565,20256503,25,2022,19,2,,,,,,,1,8,2,,,,4,,2024-04-17 20:11
202565,20256504,25,2022,49,6,1,651,2014m3,1,510,1,3,8,2,300,2,3,4,,2024-04-17 20:11
202566,20256601,25,2022,45,5,1,872,2013m1,1,247,1,2,8,2,270,2,2,4,,2024-04-17 20:11
202566,20256602,25,2022,45,6,,,,,,,2,8,1,,,,4,,2024-04-17 20:11
202567,20256701,25,2022,50,6,1,410,2002m1,1,141,1,2,8,1,500,1,2,3,,2024-04-17 20:11
202567,20256702,25,2022,45,6,1,651,2018m10,1,312,1,2,8,2,300,1,2,3,,2024-04-17 20:11
202567,20256703,25,2022,18,2,,,,,,,1,8,2,,,,3,,2024-04-17 20:11
202567,20256704,25,2022,15,2,,,,,,,1,8,2,,,,3,,2024-04-17 20:11
202568,20256801,25,2022,83,6,,,,,,,2,8,1,,,,3,,2024-04-17 20:11
202568,20256802,25,2022,77,3,,,,,,,2,8,2,,,,3,,2024-04-17 20:11
202568,20256803,25,2022,41,6,,,,,,,1,8,1,,,,3,,2024-04-17 20:11
202570,20257001,25,2022,49,6,1,651,2019m7,1,312,1,2,8,1,750,1,2,3,,2024-04-17 20:11
202570,20257002,25,2022,49,5,1,872,2021m7,1,247,1,2,8,2,250,1,3,3,,2024-04-17 20:11
202570,20257003,25,2022,21,4,,,,,,,1,8,1,,,,3,,2024-04-17 20:11
202570,20257004,25,2022,19,3,,,,,,,1,8,2,,,,3,,2024-04-17 20:11
202571,20257101,25,2022,63,3,,,,,,,2,8,1,,,,3,,2024-04-17 20:11
202571,20257102,25,2022,58,2,,,,,,,2,8,2,,,,3,,2024-04-17 20:11
202571,20257104,25,2022,37,3,1,759,2021m7,1,531,1,1,8,2,180,1,3,3,,2024-04-17 20:11
202572,20257201,25,2022,65,6,,,,,,,3,8,1,,,,4,,2024-04-17 20:11
202573,20257301,25,2022,78,3,,,,,,,2,8,1,,,,3,,2024-04-17 20:11
202573,20257302,25,2022,75,2,,,,,,,2,8,2,,,,3,,2024-04-17 20:11
202574,20257401,25,2022,60,3,2,471,2000m1,4,521,2,2,8,1,500,,2,3,,2024-04-17 20:11
202574,20257402,25,2022,56,3,2,471,2000m1,4,521,2,2,8,2,300,,2,3,,2024-04-17 20:11
202574,20257403,25,2022,31,4,1,475,2018m1,1,922,1,1,8,1,300,1,2,3,,2024-04-17 20:11
202574,20257404,25,2022,30,6,1,422,2021m1,1,792,1,1,8,1,300,1,2,3,,2024-04-17 20:11
202574,20257405,25,2022,86,2,,,,,,,3,8,2,,,,3,,2024-04-17 20:11
202575,20257501,25,2022,39,6,1,303,2010m1,1,235,1,2,1,1,600,1,3,4,,2024-04-17 20:11
202576,20257601,25,2022,62,6,1,682,2000m3,1,862,1,2,8,1,200,1,2,3,,2024-04-17 20:11
202576,20257602,25,2022,63,6,2,856,2000m1,4,254,2,2,8,2,50,,4,3,,2024-04-17 20:11
202577,20257701,25,2022,67,6,2,492,2006m1,4,873,2,2,8,1,200,,2,3,,2024-04-17 20:11
202577,20257702,25,2022,67,3,,,,,,,2,8,2,,,,3,,2024-04-17 20:11
202578,20257801,25,2022,74,6,,,,,,,3,8,2,,,,3,,2024-04-17 20:11
202579,20257901,25,2022,56,3,,,,,,,2,8,2,,,,3,,2024-04-17 20:11
202579,20257902,25,2022,56,3,2,426,1987m1,4,875,2,2,8,1,400,,2,3,,2024-04-17 20:11
202579,20257903,25,2022,28,3,1,472,,1,521,1,1,8,1,350,1,3,3,,2024-04-17 20:11
202580,20258001,25,2022,64,3,1,477,2020m1,2,953,1,3,8,1,230,2,3,3,,2024-04-17 20:11
202581,20258101,25,2022,68,2,,,,,,,2,8,2,,,,3,,2024-04-17 20:11
202581,20258102,25,2022,68,2,,,,,,,2,8,1,,,,3,,2024-04-17 20:11
202582,20258201,25,2022,71,3,,,,,,,3,8,2,,,,5,,2024-04-17 20:11
202584,20258401,25,2022,50,3,,,,,,,2,5,2,,,,4,,2024-04-17 20:11
202584,20258402,25,2022,23,4,,,,,,,1,5,2,,,,4,,2024-04-17 20:11
202584,20258403,25,2022,22,4,,,,,,,1,5,1,,,,5,,2024-04-17 20:11
202584,20258404,25,2022,55,3,2,259,2022m8,4,851,2,2,5,1,,,3,5,,2024-04-17 20:11
202586,20258601,25,2022,80,2,,,,,,,2,5,1,,,,6,,2024-04-17 20:11
202586,20258602,25,2022,79,3,1,841,2021m2,2,941,1,2,5,2,27,2,3,5,,2024-04-17 20:11
202587,20258701,25,2022,55,3,1,467,2009m2,1,875,1,2,5,1,478,1,3,5,,2024-04-17 20:11
202587,20258702,25,2022,54,3,,,,,,,2,5,2,,,,5,,2024-04-17 20:11
202587,20258703,25,2022,28,3,,,,,,,1,5,1,,,,5,,2024-04-17 20:11
202587,20258704,25,2022,27,5,1,529,2021m3,1,312,1,1,5,1,258,1,3,5,,2024-04-17 20:11
202588,20258801,25,2022,45,5,1,841,2009m3,1,311,1,2,5,1,460,1,3,4,,2024-04-17 20:11
202588,20258802,25,2022,40,5,,,,,,,2,5,2,,,,4,,2024-04-17 20:11
202589,20258901,25,2022,39,5,1,529,2018m5,1,862,1,2,5,1,335,1,3,5,,2024-04-17 20:11
202589,20258902,25,2022,35,5,1,862,2021m3,1,245,1,2,5,2,170,1,3,5,,2024-04-17 20:11
202590,20259001,25,2022,41,6,1,721,2016m3,1,237,1,2,5,1,360,1,3,6,,2024-04-17 20:11
202590,20259002,25,2022,37,5,1,521,2018m10,1,312,1,2,5,2,250,2,3,5,,2024-04-17 20:11
202590,20259003,25,2022,61,2,,,,,,,3,5,2,,,,5,,2024-04-17 20:11
202591,20259101,25,2022,36,6,,,,,,,2,1,2,,,,4,,2024-04-17 20:11
202591,20259102,25,2022,43,6,1,411,2019m3,1,141,1,2,1,1,550,1,3,4,,2024-04-17 20:11
202592,20259201,25,2022,39,6,1,851,2011m9,1,252,1,2,8,1,500,1,3,3,,2024-04-17 20:11
202592,20259202,25,2022,41,6,1,851,2005m9,1,252,1,2,8,2,500,1,2,3,,2024-04-17 20:11
202593,20259301,25,2022,43,6,1,529,2010m3,1,312,1,2,5,1,360,1,3,5,,2024-04-17 20:11
202593,20259302,25,2022,34,6,1,855,2015m3,1,254,1,2,5,2,270,1,3,5,,2024-04-17 20:11
202594,20259401,25,2022,48,5,1,561,1996m10,1,312,1,2,5,2,450,1,3,5,,2024-04-17 20:11
202595,20259501,25,2022,79,6,,,,,,,3,5,2,,,,4,,2024-04-17 20:11
202596,20259601,25,2022,49,3,1,682,2018m1,1,312,1,2,5,2,215,2,3,5,,2024-04-17 20:11
202596,20259602,25,2022,28,5,1,474,2019m5,1,521,1,1,5,1,210,1,3,5,,2024-04-17 20:11
202596,20259603,25,2022,27,5,1,474,2019m4,1,521,1,1,5,2,210,1,3,5,,2024-04-17 20:11
202596,20259604,25,2022,58,5,1,713,2007m2,1,312,1,2,5,1,340,1,3,5,,2024-04-17 20:11
202597,20259702,25,2022,63,3,1,561,2020m9,2,952,1,2,9,2,40,2,2,4,,2024-04-17 20:11
202598,20259801,25,2022,66,3,,,,,,,3,8,2,,,,5,,2024-04-17 20:11
202600,20260001,25,2022,64,3,,,,,,,3,5,2,,,,4,,2024-04-17 20:11
202601,20260101,25,2022,41,3,1,451,2021m8,2,313,1,2,8,2,220,2,3,5,,2024-04-17 20:11
202601,20260102,25,2022,36,3,1,292,2022m1,1,873,1,2,8,1,270,1,3,5,,2024-04-17 20:11
202603,20260301,25,2022,79,2,,,,,,,2,8,1,,,,4,,2024-04-17 20:11
202603,20260302,25,2022,72,2,1,682,2015m3,1,941,1,2,8,2,80,2,2,5,,2024-04-17 20:11
202603,20260303,25,2022,42,4,2,494,2020m12,4,922,2,1,8,1,300,,4,4,,2024-04-17 20:11
202604,20260401,25,2022,42,6,2,911,2019m9,4,432,2,2,8,1,500,,3,4,,2024-04-17 20:11
202604,20260402,25,2022,40,6,,,,,,,2,8,2,,,,2,,2024-04-17 20:11
202606,20260601,25,2022,34,5,1,423,2014m3,1,234,1,2,8,1,400,1,2,3,,2024-04-17 20:11
202606,20260602,25,2022,35,3,1,264,2005m7,1,234,1,2,8,2,360,1,2,3,,2024-04-17 20:11
202607,20260701,25,2022,66,3,,,,,,,3,8,2,,,,5,,2024-04-17 20:11
202607,20260703,25,2022,21,4,,,,,,,1,8,2,,,,5,,2024-04-17 20:11
202609,20260901,25,2022,58,3,1,292,2014m9,1,753,1,2,8,1,450,1,3,5,,2024-04-17 20:11
202609,20260902,25,2022,55,3,,,,,,,2,8,2,,,,5,,2024-04-17 20:11
202611,20261101,25,2022,49,3,1,360,2017m5,1,992,1,2,8,2,300,2,3,4,,2024-04-17 20:11
202611,20261102,25,2022,51,5,1,339,2018m8,1,232,1,2,8,1,320,1,2,3,,2024-04-17 20:11
202611,20261103,25,2022,21,4,,,,,,,1,8,1,,,,4,,2024-04-17 20:11
202611,20261104,25,2022,19,2,1,843,2022m3,1,980,1,1,8,2,170,1,2,3,,2024-04-17 20:11
202612,20261201,25,2022,66,3,1,682,2018m5,1,942,1,2,14,1,250,2,3,5,,2024-04-17 20:11
202612,20261202,25,2022,60,3,,,,,,,2,14,2,,,,5,,2024-04-17 20:11
202613,20261301,25,2022,44,6,2,11,2020m10,4,613,2,2,14,1,350,,3,4,,2024-04-17 20:11
202613,20261302,25,2022,40,5,1,872,2015m5,2,247,1,2,14,2,100,2,3,4,,2024-04-17 20:11
202613,20261303,25,2022,16,2,,,,,,,1,14,2,,,,4,,2024-04-17 20:11
202615,20261501,25,2022,47,3,1,729,2003m5,1,236,1,2,14,1,400,1,3,4,,2024-04-17 20:11
202615,20261502,25,2022,42,5,,,,,,,2,14,2,,,,4,,2024-04-17 20:11
202617,20261701,25,2022,49,3,1,259,2020m9,1,842,1,2,14,1,360,1,3,5,,2024-04-17 20:11
202617,20261702,25,2022,44,3,1,131,2019m10,1,821,1,2,14,2,230,1,3,5,,2024-04-17 20:11
202617,20261703,25,2022,19,4,,,,,,,1,14,2,,,,5,,2024-04-17 20:11
202618,20261801,25,2022,46,3,1,259,2015m1,1,851,1,2,14,1,300,1,3,5,,2024-04-17 20:11
202618,20261802,25,2022,45,3,,,,,,,2,14,2,,,,5,,2024-04-17 20:11
202620,20262001,25,2022,41,5,1,261,2005m1,1,234,1,2,14,1,300,1,3,4,,2024-04-17 20:11
202620,20262002,25,2022,41,6,1,851,2020m3,2,441,1,2,14,2,200,2,3,4,,2024-04-17 20:11
202621,20262101,25,2022,69,3,,,,,,,2,11,1,,,,5,,2024-04-17 20:11
202621,20262102,25,2022,69,2,2,11,2013m2,4,611,2,2,11,2,50,,3,5,,2024-04-17 20:11
202622,20262201,25,2022,81,1,,,,,,,3,11,2,,,,6,,2024-04-17 20:11
202623,20262301,25,2022,80,2,2,11,2020m2,4,611,2,3,11,2,45,,2,4,,2024-04-17 20:11
202625,20262501,25,2022,67,2,,,,,,,2,11,1,,,,5,,2024-04-17 20:11
202625,20262502,25,2022,63,2,,,,,,,2,11,2,,,,4,,2024-04-17 20:11
202626,20262601,25,2022,60,2,1,422,1995m12,3,782,1,2,11,1,150,2,3,5,,2024-04-17 20:11
202626,20262602,25,2022,68,2,2,31,1988m3,4,630,2,2,11,2,80,,3,5,,2024-04-17 20:11
202627,20262701,25,2022,78,2,2,11,1967m2,4,611,2,3,11,2,100,,2,4,,2024-04-17 20:11
202627,20262702,25,2022,45,5,1,251,2010m5,1,851,1,3,11,1,420,1,2,3,,2024-04-17 20:11
202628,20262801,25,2022,94,2,,,,,,,3,11,2,,,,5,,2024-04-17 20:11
202628,20262802,25,2022,65,1,,,,,,,1,11,2,,,,5,,2024-04-17 20:11
202629,20262901,25,2022,83,3,2,11,2000m2,4,611,2,2,11,1,15,,2,3,,2024-04-17 20:11
202629,20262902,25,2022,81,2,,,,,,,2,11,2,,,,3,,2024-04-17 20:11
202630,20263002,25,2022,60,6,,,,,,,2,8,2,,,,5,,2024-04-17 20:11
202631,20263102,25,2022,62,4,,,,,,,2,8,2,,,,4,,2024-04-17 20:11
202632,20263201,25,2022,60,6,1,561,2022m6,1,521,1,2,1,1,210,1,3,3,,2024-04-17 20:11
202632,20263202,25,2022,57,6,2,561,2021m6,4,521,2,2,1,2,300,,4,3,,2024-04-17 20:11
210122,20263203,25,2022,32,6,1,582,2013m2,1,312,1,2,8,2,500,1,2,4,,2024-04-17 20:11
202633,20263301,25,2022,35,6,1,713,2012m7,1,273,1,2,1,2,500,1,2,3,,2024-04-17 20:11
202634,20263401,25,2022,50,6,1,844,1996m7,1,411,1,2,1,1,450,1,2,4,,2024-04-17 20:11
202634,20263402,25,2022,47,6,,,,,,,2,1,2,,,,4,,2024-04-17 20:11
202634,20263403,25,2022,22,5,,,,,,,1,1,2,,,,4,,2024-04-17 20:11
202634,20263404,25,2022,19,4,,,,,,,1,1,1,,,,4,,2024-04-17 20:11
202635,20263501,25,2022,35,6,1,661,2010m5,1,272,1,2,1,2,300,1,2,3,,2024-04-17 20:11
202635,20263502,25,2022,40,6,1,721,2010m1,1,231,1,2,1,1,450,1,2,3,,2024-04-17 20:11
202635,20263505,25,2022,70,3,,,,,,,2,1,1,,,,4,,2024-04-17 20:11
202635,20263506,25,2022,67,2,,,,,,,2,1,2,,,,4,,2024-04-17 20:11
202636,20263601,25,2022,62,6,,,,,,,2,1,1,,,,4,,2024-04-17 20:11
202636,20263602,25,2022,61,3,,,,,,,2,1,2,,,,4,,2024-04-17 20:11
202638,20263801,25,2022,67,3,,,,,,,2,1,1,,,,3,,2024-04-17 20:11
202638,20263802,25,2022,65,3,2,961,1979m5,4,422,2,2,1,2,250,,2,3,,2024-04-17 20:11
202638,20263803,25,2022,42,5,1,265,2010m3,1,,1,1,1,2,250,1,2,3,,2024-04-17 20:11
202638,20263804,25,2022,40,3,1,463,2014m3,1,312,1,1,1,2,270,1,2,3,,2024-04-17 20:11
202638,20263805,25,2022,33,3,1,464,2015m3,1,,1,1,1,1,250,1,2,4,,2024-04-17 20:11
202639,20263901,25,2022,81,2,,,,,,,3,1,1,,,,4,,2024-04-17 20:11
202640,20264001,25,2022,44,3,1,339,2019m6,3,730,1,1,1,1,190,2,3,5,,2024-04-17 20:11
202641,20264101,25,2022,65,3,1,411,2016m5,2,910,1,2,1,1,200,2,3,4,,2024-04-17 20:11
202641,20264102,25,2022,62,3,,,,,,,2,1,2,,,,4,,2024-04-17 20:11
202642,20264201,25,2022,75,3,1,682,2020m2,2,942,1,2,1,1,160,2,3,4,,2024-04-17 20:11
202642,20264202,25,2022,68,2,,,,,,,2,1,2,,,,4,,2024-04-17 20:11
202644,20264401,25,2022,74,2,1,682,2017m11,2,941,1,2,1,1,120,2,3,4,,2024-04-17 20:11
202644,20264402,25,2022,69,2,,,,,,,2,1,2,,,,5,,2024-04-17 20:11
202647,20264701,25,2022,81,2,,,,,,,2,1,1,,,,4,,2024-04-17 20:11
202647,20264702,25,2022,73,2,,,,,,,2,1,2,,,,3,,2024-04-17 20:11
202648,20264801,25,2022,77,3,,,,,,,2,1,1,,,,5,,2024-04-17 20:11
202648,20264802,25,2022,74,2,1,682,2019m6,2,941,1,2,1,2,96,2,3,4,,2024-04-17 20:11
202649,20264902,25,2022,61,6,,,,,,,2,1,2,,,,4,,2024-04-17 20:11
202651,20265101,25,2022,58,6,2,,,4,222,2,2,1,1,,,3,6,,2024-04-17 20:11
202651,20265102,25,2022,54,6,1,872,2020m3,1,247,1,2,1,2,215,1,2,4,,2024-04-17 20:11
202651,20265103,25,2022,28,6,1,911,2016m6,2,286,1,2,1,2,280,2,2,6,,2024-04-17 20:11
202652,20265202,25,2022,65,6,,,,,,,1,8,2,,,,4,,2024-04-17 20:11
202653,20265302,25,2022,78,3,,,,,,,2,1,2,,,,4,,2024-04-17 20:11
202654,20265401,25,2022,62,3,1,467,2008m4,1,873,1,2,1,1,250,1,3,4,,2024-04-17 20:11
202654,20265402,25,2022,62,3,1,561,2013m4,2,952,1,2,1,2,60,2,3,5,,2024-04-17 20:11
202655,20265501,25,2022,77,2,1,841,2021m2,2,941,1,3,1,2,27,2,3,4,,2024-04-17 20:11
202657,20265701,25,2022,72,2,,,,,,,2,1,1,,,,6,,2024-04-17 20:11
202657,20265702,25,2022,68,3,1,561,2020m12,2,442,1,2,1,2,150,1,3,5,,2024-04-17 20:11
202658,20265801,25,2022,43,6,1,872,2020m1,1,312,1,2,1,1,300,1,3,4,,2024-04-17 20:11
202658,20265802,25,2022,45,5,1,862,2021m10,1,246,1,2,1,2,220,1,3,4,,2024-04-17 20:11
202659,20265901,25,2022,63,3,2,472,2000m4,4,521,2,2,1,1,150,,4,4,,2024-04-17 20:11
202659,20265902,25,2022,62,6,1,969,2021m6,2,951,1,2,1,2,150,2,3,5,,2024-04-17 20:11
210221,20265903,25,2022,32,6,,,,,,,1,1,2,,,,4,,2024-04-17 20:11
202660,20266001,25,2022,81,2,,,,,,,2,1,1,,,,4,,2024-04-17 20:11
202660,20266002,25,2022,76,1,,,,,,,2,1,2,,,,5,,2024-04-17 20:11
202661,20266101,25,2022,56,5,1,861,2019m7,2,862,1,1,1,1,180,2,4,6,,2024-04-17 20:11
202662,20266201,25,2022,81,2,,,,,,,3,1,2,,,,5,,2024-04-17 20:11
202664,20266401,25,2022,81,2,,,,,,,2,1,1,,,,5,,2024-04-17 20:11
202664,20266402,25,2022,75,2,,,,,,,2,1,2,,,,5,,2024-04-17 20:11
202665,20266501,25,2022,81,2,,,,,,,3,1,1,,,,6,,2024-04-17 20:11
202666,20266601,25,2022,82,2,,,,,,,2,1,1,,,,5,,2024-04-17 20:11
202666,20266602,25,2022,75,2,1,682,2017m9,1,941,1,2,1,2,120,1,3,4,,2024-04-17 20:11
202667,20266701,25,2022,83,1,,,,,,,3,1,2,,,,4,,2024-04-17 20:11
202668,20266801,25,2022,63,2,1,422,1997m5,3,910,1,2,1,1,270,2,3,4,,2024-04-17 20:11
202668,20266802,25,2022,62,2,1,561,2003m5,1,441,1,2,1,2,270,1,3,4,,2024-04-17 20:11
202669,20266901,25,2022,76,2,1,841,2016m10,2,941,1,3,1,2,27,2,4,6,,2024-04-17 20:11
202670,20267001,25,2022,76,2,1,682,2015m5,2,941,1,3,1,2,75,2,3,6,,2024-04-17 20:11
202671,20267101,25,2022,42,6,1,641,2012m12,1,224,1,2,1,1,500,1,3,3,,2024-04-17 20:11
202671,20267102,25,2022,38,6,1,861,2012m4,1,243,1,2,1,2,400,1,2,3,,2024-04-17 20:11
202672,20267202,25,2022,85,2,,,,,,,3,1,2,,,,4,,2024-04-17 20:11
202673,20267301,25,2022,57,3,1,682,2020m4,2,942,1,2,1,1,280,2,4,5,,2024-04-17 20:11
202673,20267302,25,2022,36,2,,,,,,,2,1,2,,,,5,,2024-04-17 20:11
202674,20267401,25,2022,72,3,2,492,1998m4,4,873,2,2,1,1,150,,3,4,,2024-04-17 20:11
202674,20267402,25,2022,68,2,,,,,,,2,1,2,,,,4,,2024-04-17 20:11
210222,20267403,25,2022,40,6,1,851,2007m5,1,252,1,1,1,2,330,1,3,5,,2024-04-17 20:11
202675,20267502,25,2022,50,6,1,861,1995m3,1,243,1,2,1,2,800,1,2,3,,2024-04-17 20:11
202675,20267503,25,2022,21,4,,,,,,,1,1,1,,,,3,,2024-04-17 20:11
202676,20267601,25,2022,88,6,,,,,,,2,1,1,,,,4,,2024-04-17 20:11
202676,20267602,25,2022,85,3,,,,,,,2,1,2,,,,4,,2024-04-17 20:11
202677,20267701,25,2022,62,2,2,969,1996m5,4,,2,2,1,1,50,,4,5,,2024-04-17 20:11
202677,20267702,25,2022,62,2,3,969,1996m5,5,,2,2,1,2,,,4,5,,2024-04-17 20:11
202678,20267802,25,2022,65,2,,,,,,,3,1,2,,,,4,,2024-04-17 20:11
202679,20267901,25,2022,58,3,1,473,2020m9,1,521,1,3,1,1,110,1,3,6,,2024-04-17 20:11
202680,20268001,25,2022,71,2,,,,,,,3,1,1,,,,6,,2024-04-17 20:11
202681,20268101,25,2022,75,3,,,,,,,3,1,1,,,,3,,2024-04-17 20:11
202682,20268201,25,2022,74,3,,,,,,,3,1,1,,,,6,,2024-04-17 20:11
202683,20268302,25,2022,47,2,2,339,2018m8,4,930,2,2,1,2,20,,4,6,,2024-04-17 20:11
202684,20268401,25,2022,62,3,2,953,1998m5,4,722,2,2,1,1,360,,3,5,,2024-04-17 20:11
202684,20268402,25,2022,58,2,,,,,,,2,1,2,,,,2,,2024-04-17 20:11
210127,20268403,25,2022,30,5,1,561,2021m12,1,442,1,1,1,1,220,1,3,5,,2024-04-17 20:11
202685,20268501,25,2022,72,2,,,,,,,2,1,1,,,,6,,2024-04-17 20:11
202685,20268502,25,2022,66,2,,,,,,,2,1,2,,,,6,,2024-04-17 20:11
202686,20268601,25,2022,79,2,,,,,,,2,1,1,,,,6,,2024-04-17 20:11
202686,20268602,25,2022,77,2,,,,,,,2,1,2,,,,6,,2024-04-17 20:11
202687,20268701,25,2022,72,2,,,,,,,2,1,1,,,,3,,2024-04-17 20:11
202687,20268702,25,2022,66,2,,,,,,,2,1,2,,,,1,,2024-04-17 20:11
202688,20268802,25,2022,57,2,1,841,2010m5,2,941,1,3,1,2,65,2,2,6,,2024-04-17 20:11
202688,20268804,25,2022,32,3,,,,,,,1,1,1,,,,6,,2024-04-17 20:11
202689,20268901,25,2022,69,2,,,,,,,2,1,1,,,,6,,2024-04-17 20:11
202689,20268902,25,2022,69,2,,,,,,,2,1,2,,,,6,,2024-04-17 20:11
202690,20269001,25,2022,67,2,,,,,,,3,1,1,,,,6,,2024-04-17 20:11
202694,20269401,25,2022,86,2,,,,,,,3,1,2,,,,4,,2024-04-17 20:11
202694,20269402,25,2022,56,5,1,872,2013m3,1,421,1,3,1,2,160,1,3,5,,2024-04-17 20:11
202695,20269501,25,2022,81,2,,,,,,,3,1,1,,,,5,,2024-04-17 20:11
202697,20269701,25,2022,52,6,1,351,1999m4,1,239,1,1,1,1,280,1,3,5,,2024-04-17 20:11
202697,20269702,25,2022,78,3,,,,,,,3,1,2,,,,4,,2024-04-17 20:11
202698,20269801,25,2022,66,2,2,424,1976m4,4,783,2,2,1,1,300,,3,3,,2024-04-17 20:11
202698,20269802,25,2022,59,2,,,,,,,2,1,2,,,,3,,2024-04-17 20:11
202699,20269902,25,2022,48,3,1,872,2011m4,1,441,1,2,1,2,170,2,3,4,,2024-04-17 20:11
202699,20269903,25,2022,21,4,1,471,2021m8,2,521,1,1,1,2,30,2,4,4,,2024-04-17 20:11
202699,20269904,25,2022,20,4,1,855,2021m8,3,259,1,1,1,2,24,2,3,4,,2024-04-17 20:11
202701,20270101,25,2022,52,3,2,423,,4,762,2,2,8,1,300,,3,5,,2024-04-17 20:11
202701,20270102,25,2022,51,3,,,,,,,2,8,2,,,,5,,2024-04-17 20:11
202701,20270103,25,2022,19,3,,,,,,,1,8,2,,,,5,,2024-04-17 20:11
202701,20270104,25,2022,17,2,,,,,,,1,8,1,,,,5,,2024-04-17 20:11
202702,20270201,25,2022,64,2,1,521,2021m8,2,873,1,3,8,1,350,2,3,5,,2024-04-17 20:11
202704,20270401,25,2022,54,6,,,,,,,1,8,2,,,,5,,2024-04-17 20:11
202704,20270402,25,2022,87,2,,,,,,,3,8,2,,,,6,,2024-04-17 20:11
202705,20270501,25,2022,65,6,,,,,,,2,8,1,,,,4,,2024-04-17 20:11
202706,20270601,25,2022,49,3,1,303,1998m3,1,854,1,2,8,1,500,1,3,3,,2024-04-17 20:11
202706,20270602,25,2022,45,5,,,,,,,2,8,2,,,,3,,2024-04-17 20:11
202706,20270603,25,2022,19,4,,,,,,,1,8,2,,,,3,,2024-04-17 20:11
202706,20270604,25,2022,16,2,,,,,,,1,8,2,,,,3,,2024-04-17 20:11
202709,20270901,25,2022,89,6,,,,,,,2,8,1,,,,5,,2024-04-17 20:11
202710,20271001,25,2022,47,4,,,,,,,2,6,2,,,,5,,2024-04-17 20:11
202710,20271002,25,2022,47,3,1,493,2017m1,1,873,1,2,6,1,300,2,3,3,,2024-04-17 20:11
202712,20271201,25,2022,38,5,2,729,2016m9,4,213,2,2,8,1,600,,2,4,,2024-04-17 20:11
202712,20271202,25,2022,38,5,1,729,2020m9,1,313,1,2,8,2,300,2,3,4,,2024-04-17 20:11
202714,20271401,25,2022,49,3,1,561,2022m5,1,441,1,1,8,1,260,1,3,6,,2024-04-17 20:11
202715,20271501,25,2022,41,3,1,242,2013m1,1,743,1,2,8,1,340,1,3,4,,2024-04-17 20:11
202715,20271502,25,2022,41,3,2,651,2021m12,4,510,2,2,8,2,200,,5,4,,2024-04-17 20:11
202716,20271601,25,2022,78,2,2,471,2000m1,4,521,2,3,8,2,10,,3,4,,2024-04-17 20:11
202717,20271701,25,2022,74,2,2,11,1963m5,4,611,2,2,8,1,30,,3,3,,2024-04-17 20:11
202717,20271702,25,2022,73,2,,,,,,,2,8,2,,,,3,,2024-04-17 20:11
202718,20271802,25,2022,81,2,,,,,,,3,8,2,,,,3,,2024-04-17 20:11
202719,20271901,25,2022,76,2,,,,,,,3,8,2,,,,5,,2024-04-17 20:11
202720,20272001,25,2022,54,3,1,423,2021m7,3,762,1,1,8,1,280,2,3,3,,2024-04-17 20:11
202722,20272201,25,2022,89,2,,,,,,,2,11,1,,,,5,,2024-04-17 20:11
202722,20272202,25,2022,80,2,,,,,,,2,11,2,,,,5,,2024-04-17 20:11
202723,20272302,25,2022,85,2,,,,,,,3,8,2,,,,3,,2024-04-17 20:11
202724,20272401,25,2022,54,3,1,411,2016m10,3,782,1,2,12,1,350,2,3,5,,2024-04-17 20:11
202724,20272402,25,2022,54,3,,,,,,,2,12,2,,,,5,,2024-04-17 20:11
210019,20272403,25,2022,31,3,1,353,2016m3,1,392,1,2,8,2,245,1,2,4,,2024-04-17 20:11
202725,20272502,25,2022,43,3,1,339,2003m7,1,855,1,2,8,2,350,1,3,4,,2024-04-17 20:11
202726,20272601,25,2022,79,2,,,,,,,3,8,2,,,,5,,2024-04-17 20:11
202727,20272701,25,2022,47,6,1,284,2016m8,1,234,1,2,8,1,350,1,3,5,,2024-04-17 20:11
202727,20272702,25,2022,44,3,1,872,2021m7,2,247,1,2,8,2,140,2,3,6,,2024-04-17 20:11
202728,20272802,25,2022,38,3,1,292,2021m11,2,854,1,2,8,2,180,2,3,3,,2024-04-17 20:11
202729,20272902,25,2022,52,3,1,232,2021m5,1,843,1,2,8,2,280,1,3,5,,2024-04-17 20:11
202730,20273001,25,2022,82,2,2,11,1954m4,4,611,2,2,8,1,300,,4,3,,2024-04-17 20:11
202730,20273002,25,2022,79,2,,,,,,,2,8,2,,,,3,,2024-04-17 20:11
202731,20273101,25,2022,75,2,,,,,,,2,8,1,,,,3,,2024-04-17 20:11
202731,20273102,25,2022,72,2,,,,,,,2,8,2,,,,3,,2024-04-17 20:11
202732,20273201,25,2022,75,3,,,,,,,2,8,1,,,,4,,2024-04-17 20:11
202732,20273202,25,2022,70,2,,,,,,,2,8,2,,,,3,,2024-04-17 20:11
202733,20273301,25,2022,67,2,1,381,1996m5,1,941,1,2,8,1,250,2,3,4,,2024-04-17 20:11
202733,20273302,25,2022,60,2,2,467,2019m7,4,510,2,2,8,2,200,,3,4,,2024-04-17 20:11
202735,20273501,25,2022,80,2,2,11,1965m5,4,611,2,2,8,1,20,,3,3,,2024-04-17 20:11
202735,20273502,25,2022,79,2,,,,,,,2,8,2,,,,3,,2024-04-17 20:11
202736,20273601,25,2022,83,2,2,11,1964m2,4,611,2,2,8,1,20,,4,3,,2024-04-17 20:11
202736,20273602,25,2022,79,2,,,,,,,2,8,2,,,,3,,2024-04-17 20:11
202737,20273702,25,2022,37,3,,,,,,,2,8,2,,,,4,,2024-04-17 20:11
202740,20274002,25,2022,78,2,,,,,,,3,8,2,,,,4,,2024-04-17 20:11
202741,20274102,25,2022,68,3,,,,,,,2,8,2,,,,5,,2024-04-17 20:11
202742,20274201,25,2022,86,2,,,,,,,3,8,1,,,,3,,2024-04-17 20:11
202743,20274301,25,2022,71,3,,,,,,,2,8,1,,,,4,,2024-04-17 20:11
202744,20274401,25,2022,42,3,2,911,2019m2,4,432,2,2,8,2,,,4,4,,2024-04-17 20:11
202745,20274502,25,2022,59,2,,,,,,,2,8,2,,,,3,,2024-04-17 20:11
202747,20274701,25,2022,83,2,,,,,,,3,8,2,,,,5,,2024-04-17 20:11
202748,20274801,25,2022,56,6,2,465,2005m6,4,875,2,2,8,1,400,,3,5,,2024-04-17 20:11
202748,20274802,25,2022,51,3,1,529,2022m2,2,521,1,2,8,2,170,2,3,5,,2024-04-17 20:11
202749,20274901,25,2022,59,3,2,529,2019m4,4,271,2,2,8,1,400,,3,5,,2024-04-17 20:11
202750,20275002,25,2022,57,6,1,651,2011m8,1,510,1,2,8,2,260,2,3,4,,2024-04-17 20:11
210282,20275003,25,2022,27,5,1,612,2022m5,1,222,1,1,1,2,220,1,3,5,,2024-04-17 20:11
202752,20275201,25,2022,61,3,1,171,2018m9,1,891,1,2,8,1,300,1,2,4,,2024-04-17 20:11
202753,20275301,25,2022,89,2,1,841,2021m3,2,941,1,3,1,2,27,2,2,5,,2024-04-17 20:11
202754,20275401,25,2022,74,2,1,751,2016m5,1,942,1,3,1,1,70,1,2,5,,2024-04-17 20:11
202755,20275501,25,2022,87,1,2,471,2008m10,4,,2,3,1,1,60,,2,4,,2024-04-17 20:11
202756,20275601,25,2022,89,2,,,,,,,3,1,2,,,,4,,2024-04-17 20:11
202756,20275602,25,2022,48,6,1,611,2000m3,1,311,1,1,1,1,380,1,2,4,,2024-04-17 20:11
202758,20275801,25,2022,41,6,1,711,2003m3,1,330,1,2,1,1,300,1,2,4,,2024-04-17 20:11
202758,20275802,25,2022,43,4,,,,,,,2,1,2,,,,4,,2024-04-17 20:11
202760,20276001,25,2022,43,5,1,422,2003m4,1,312,1,2,1,1,300,1,2,4,,2024-04-17 20:11
202760,20276002,25,2022,44,6,1,651,2014m2,2,510,1,2,1,2,170,2,3,4,,2024-04-17 20:11
202761,20276101,25,2022,39,6,1,471,2008m3,1,312,1,2,1,1,425,1,2,4,,2024-04-17 20:11
202761,20276102,25,2022,35,4,,,,,,,2,1,2,,,,4,,2024-04-17 20:11
202762,20276201,25,2022,78,2,,,,,,,2,1,1,,,,6,,2024-04-17 20:11
202762,20276202,25,2022,70,2,1,682,2010m1,3,274,1,2,1,2,50,2,3,6,,2024-04-17 20:11
202763,20276301,25,2022,75,2,,,,,,,2,1,1,,,,6,,2024-04-17 20:11
202763,20276302,25,2022,69,2,,,,,,,2,1,2,,,,6,,2024-04-17 20:11
202764,20276401,25,2022,67,2,1,682,2008m1,2,941,1,1,1,1,150,2,3,5,,2024-04-17 20:11
202765,20276501,25,2022,80,2,,,,,,,3,1,1,,,,5,,2024-04-17 20:11
202766,20276601,25,2022,66,2,1,424,1990m1,3,783,1,2,1,1,240,2,3,5,,2024-04-17 20:11
202766,20276602,25,2022,57,2,1,141,2019m1,3,721,1,2,1,2,100,2,3,6,,2024-04-17 20:11
202766,20276603,25,2022,32,6,1,911,2019m11,1,312,1,1,1,1,230,1,2,5,,2024-04-17 20:11
202767,20276701,25,2022,79,2,1,841,2020m1,2,941,1,2,1,1,30,2,2,5,,2024-04-17 20:11
202767,20276702,25,2022,73,2,,,,,,,2,1,2,,,,5,,2024-04-17 20:11
202768,20276801,25,2022,81,2,,,,,,,2,1,1,,,,6,,2024-04-17 20:11
202768,20276802,25,2022,73,2,,,,,,,2,1,2,,,,6,,2024-04-17 20:11
202769,20276901,25,2022,43,3,,,,,,,2,1,1,,,,5,,2024-04-17 20:11
202769,20276902,25,2022,42,3,1,231,2012m5,1,313,1,2,1,2,250,1,2,4,,2024-04-17 20:11
202770,20277001,25,2022,60,3,1,360,1985m3,1,312,1,2,1,1,400,1,2,4,,2024-04-17 20:11
202770,20277002,25,2022,57,3,1,682,2005m5,1,941,1,2,1,2,150,2,3,5,,2024-04-17 20:11
202770,20277005,25,2022,82,1,,,,,,,3,1,2,,,,5,,2024-04-17 20:11
202771,20277101,25,2022,66,2,1,411,2021m10,3,782,1,2,1,1,150,2,3,5,,2024-04-17 20:11
202771,20277102,25,2022,57,2,1,641,2010m3,2,941,1,2,1,2,150,2,2,5,,2024-04-17 20:11
202771,20277103,25,2022,33,5,1,732,2016m3,1,285,1,1,1,1,250,1,2,5,,2024-04-17 20:11
202771,20277104,25,2022,29,3,1,424,2018m4,3,783,1,1,1,1,200,2,3,5,,2024-04-17 20:11
202772,20277201,25,2022,38,6,1,721,2019m12,1,312,1,2,1,1,550,1,3,4,,2024-04-17 20:11
202773,20277301,25,2022,56,2,1,141,2012m5,2,941,1,3,1,2,100,2,3,6,,2024-04-17 20:11
202774,20277401,25,2022,76,2,,,,,,,2,1,2,,,,5,,2024-04-17 20:11
202774,20277402,25,2022,79,3,,,,,,,2,1,1,,,,6,,2024-04-17 20:11
202775,20277501,25,2022,58,3,,,,,,,3,1,2,,,,6,,2024-04-17 20:11
202777,20277701,25,2022,49,3,2,561,2019m4,4,441,2,2,1,1,400,,2,3,,2024-04-17 20:11
202777,20277702,25,2022,40,3,1,141,2019m12,1,721,1,2,1,2,300,1,3,4,,2024-04-17 20:11
202778,20277801,25,2022,68,3,1,872,2021m7,1,910,1,3,1,1,190,2,2,6,,2024-04-17 20:11
202779,20277901,25,2022,64,3,1,320,2015m5,1,730,1,2,1,1,250,1,3,5,,2024-04-17 20:11
202779,20277902,25,2022,64,3,,,,,,,2,1,2,,,,5,,2024-04-17 20:11
202779,20277903,25,2022,28,5,1,320,2017m10,1,239,1,1,1,1,200,1,3,5,,2024-04-17 20:11
202780,20278001,25,2022,53,3,1,852,2022m3,2,799,1,2,1,2,50,2,2,5,,2024-04-17 20:11
202781,20278101,25,2022,39,5,1,582,2021m1,1,223,1,1,8,1,700,1,3,5,,2024-04-17 20:11
202782,20278201,25,2022,33,6,1,475,2017m3,3,953,1,3,1,2,60,2,3,5,,2024-04-17 20:11
202784,20278401,25,2022,68,2,2,493,2020m5,4,873,2,2,1,1,150,,2,5,,2024-04-17 20:11
202784,20278402,25,2022,65,2,,,,,,,2,1,2,,,,5,,2024-04-17 20:11
202785,20278501,25,2022,58,3,2,424,2016m10,4,783,2,2,1,1,400,,3,4,,2024-04-17 20:11
202785,20278502,25,2022,54,3,,,,,,,2,1,2,,,,4,,2024-04-17 20:11
202785,20278503,25,2022,25,4,1,479,2021m10,1,531,1,1,1,1,160,1,3,5,,2024-04-17 20:11
202785,20278504,25,2022,23,4,1,582,2018m3,1,222,1,1,1,2,180,1,2,4,,2024-04-17 20:11
202786,20278601,25,2022,42,6,1,561,2010m1,1,287,1,2,8,1,550,1,3,3,,2024-04-17 20:11
202786,20278602,25,2022,39,3,1,872,2021m11,1,247,1,2,8,2,230,1,3,4,,2024-04-17 20:11
202787,20278701,25,2022,45,6,1,855,2000m2,1,254,1,2,1,1,600,2,3,4,,2024-04-17 20:11
202787,20278702,25,2022,41,3,1,711,2005m5,1,330,1,2,1,2,350,1,2,4,,2024-04-17 20:11
202788,20278801,25,2022,47,6,1,582,2014m3,1,312,1,2,1,1,500,1,2,4,,2024-04-17 20:11
202788,20278802,25,2022,39,6,1,861,2006m7,1,245,1,2,1,2,150,1,2,4,,2024-04-17 20:11
202789,20278901,25,2022,34,6,1,661,2019m3,1,313,1,1,1,2,300,1,2,4,,2024-04-17 20:11
202790,20279001,25,2022,46,6,1,620,2012m3,1,224,1,2,1,1,350,1,2,4,,2024-04-17 20:11
202790,20279002,25,2022,43,5,,,,,,,2,1,2,,,,4,,2024-04-17 20:11
202791,20279101,25,2022,34,6,1,511,2011m3,1,238,1,1,1,2,250,1,2,4,,2024-04-17 20:11
202792,20279201,25,2022,46,6,1,852,2010m3,1,252,1,2,1,1,320,1,2,4,,2024-04-17 20:11
202792,20279202,25,2022,42,6,1,850,2010m3,1,252,1,2,1,2,270,1,2,4,,2024-04-17 20:11
202793,20279301,25,2022,40,5,2,460,2015m3,4,521,2,2,1,1,300,,2,5,,2024-04-17 20:11
202793,20279302,25,2022,35,3,,,,,,,2,1,2,,,,6,,2024-04-17 20:11
202794,20279401,25,2022,59,3,1,259,1986m10,3,743,1,2,8,1,245,2,2,5,,2024-04-17 20:11
202794,20279402,25,2022,53,3,1,872,2012m11,2,421,1,2,8,2,165,2,2,4,,2024-04-17 20:11
202794,20279403,25,2022,26,3,1,259,2018m1,1,313,1,1,8,2,225,1,3,4,,2024-04-17 20:11
202794,20279404,25,2022,24,5,1,712,2022m3,1,313,1,1,8,2,198,1,3,4,,2024-04-17 20:11
202795,20279501,25,2022,50,3,,,,,,,2,8,1,,,,6,,2024-04-17 20:11
202795,20279502,25,2022,48,3,,,,,,,2,8,2,,,,6,,2024-04-17 20:11
202795,20279503,25,2022,21,4,,,,,,,1,8,2,,,,6,,2024-04-17 20:11
202795,20279504,25,2022,15,2,,,,,,,1,8,1,,,,6,,2024-04-17 20:11
202797,20279701,25,2022,48,3,1,303,1991m6,1,743,1,2,8,1,450,1,3,3,,2024-04-17 20:11
202797,20279702,25,2022,47,3,,,,,,,2,8,2,,,,3,,2024-04-17 20:11
202797,20279703,25,2022,18,2,,,,,,,1,8,2,,,,2,,2024-04-17 20:11
202798,20279801,25,2022,45,4,1,901,2006m2,2,283,1,2,8,1,320,2,3,4,,2024-04-17 20:11
202798,20279802,25,2022,44,4,1,872,2019m1,1,421,1,2,8,2,220,1,3,4,,2024-04-17 20:11
202798,20279803,25,2022,17,2,,,,,,,1,8,1,,,,4,,2024-04-17 20:11
202799,20279901,25,2022,87,2,,,,,,,2,8,1,,,,5,,2024-04-17 20:11
202799,20279902,25,2022,83,2,,,,,,,2,8,2,,,,4,,2024-04-17 20:11
202800,20280001,25,2022,74,1,,,,,,,3,8,2,,,,4,,2024-04-17 20:11
202801,20280101,25,2022,86,2,,,,,,,1,8,1,,,,6,,2024-04-17 20:11
202802,20280201,25,2022,75,2,,,,,,,2,8,2,,,,6,,2024-04-17 20:11
202802,20280202,25,2022,79,2,,,,,,,2,8,1,,,,6,,2024-04-17 20:11
202803,20280301,25,2022,57,5,1,872,2012m1,1,421,1,3,8,2,160,2,4,4,,2024-04-17 20:11
202803,20280302,25,2022,30,2,,,,,,,1,8,2,,,,5,,2024-04-17 20:11
202804,20280401,25,2022,76,2,,,,,,,2,8,1,,,,5,,2024-04-17 20:11
202804,20280402,25,2022,71,2,,,,,,,2,8,2,,,,5,,2024-04-17 20:11
202806,20280601,25,2022,44,2,,,,,,,3,8,2,,,,6,,2024-04-17 20:11
202806,20280602,25,2022,18,2,,,,,,,1,8,2,,,,6,,2024-04-17 20:11
202807,20280704,25,2022,50,6,2,872,2010m3,4,247,2,2,8,2,400,,2,3,,2024-04-17 20:11
202809,20280901,25,2022,42,6,1,465,2007m3,1,312,1,2,8,1,340,1,2,4,,2024-04-17 20:11
202809,20280902,25,2022,33,6,,,,,,,2,8,2,,,,4,,2024-04-17 20:11
202810,20281001,25,2022,43,6,1,853,2018m11,2,251,1,2,8,1,98,2,4,6,,2024-04-17 20:11
202810,20281002,25,2022,41,6,1,949,2020m8,1,421,1,2,8,2,148,2,3,5,,2024-04-17 20:11
202811,20281101,25,2022,72,2,2,11,2018m7,4,611,2,2,8,1,100,,4,4,,2024-04-17 20:11
202811,20281102,25,2022,63,3,,,,,,,2,8,2,,,,5,,2024-04-17 20:11
202812,20281201,25,2022,78,1,,,,,,,3,8,2,,,,4,,2024-04-17 20:11
202812,20281202,25,2022,46,3,1,424,2019m8,3,910,1,1,8,1,250,2,3,4,,2024-04-17 20:11
202813,20281301,25,2022,43,3,1,463,2019m3,1,922,1,2,8,1,360,1,2,4,,2024-04-17 20:11
202813,20281302,25,2022,38,5,,,,,,,2,8,2,,,,4,,2024-04-17 20:11
202814,20281401,25,2022,85,2,,,,,,,3,8,2,,,,4,,2024-04-17 20:11
202815,20281501,25,2022,50,5,1,473,2015m2,1,531,1,2,8,1,300,2,3,5,,2024-04-17 20:11
202815,20281502,25,2022,48,3,,,,,,,2,8,2,,,,5,,2024-04-17 20:11
202815,20281503,25,2022,18,2,,,,,,,1,8,1,,,,4,,2024-04-17 20:11
202815,20281504,25,2022,15,2,,,,,,,1,8,1,,,,4,,2024-04-17 20:11
202817,20281701,25,2022,69,2,,,,,,,3,8,1,,,,4,,2024-04-17 20:11
202817,20281702,25,2022,67,2,,,,,,,3,8,2,,,,5,,2024-04-17 20:11
202818,20281801,25,2022,66,3,2,529,,4,151,2,2,8,1,400,,2,3,,2024-04-17 20:11
202818,20281802,25,2022,64,3,,,,,,,2,8,2,,,,3,,2024-04-17 20:11
202818,20281803,25,2022,37,6,1,861,2007m2,1,243,1,1,8,2,330,1,2,3,,2024-04-17 20:11
202818,20281804,25,2022,31,6,1,529,2017m3,1,312,1,1,8,1,380,1,2,3,,2024-04-17 20:11
202819,20281901,25,2022,52,6,1,582,2017m10,1,222,1,2,8,1,400,1,2,3,,2024-04-17 20:11
202819,20281902,25,2022,50,6,2,855,2011m4,4,254,2,2,8,2,200,,2,3,,2024-04-17 20:11
202819,20281903,25,2022,24,4,,,,,,,1,8,1,,,,3,,2024-04-17 20:11
202819,20281904,25,2022,17,2,,,,,,,1,8,2,,,,3,,2024-04-17 20:11
202820,20282001,25,2022,54,6,,,,,,,2,8,1,,,,3,,2024-04-17 20:11
202820,20282002,25,2022,46,3,,,,,,,2,8,2,,,,3,,2024-04-17 20:11
202820,20282003,25,2022,20,4,,,,,,,1,8,2,,,,3,,2024-04-17 20:11
202821,20282101,25,2022,63,6,1,,2011m7,1,141,1,2,8,1,480,1,2,3,,2024-04-17 20:11
202821,20282102,25,2022,62,6,2,855,1994m5,4,254,2,2,8,2,100,,2,3,,2024-04-17 20:11
202823,20282301,25,2022,57,3,2,465,2000m4,4,521,2,2,8,1,400,,2,3,,2024-04-17 20:11
202823,20282302,25,2022,55,3,,,,,,,2,8,2,,,,3,,2024-04-17 20:11
202823,20282303,25,2022,85,1,,,,,,,3,8,2,,,,3,,2024-04-17 20:11
202824,20282401,25,2022,53,5,1,281,2021m1,1,234,1,2,8,1,650,1,2,5,,2024-04-17 20:11
202824,20282402,25,2022,51,3,,,,,,,2,8,2,,,,5,,2024-04-17 20:11
202824,20282403,25,2022,18,2,,,,,,,1,8,2,,,,4,,2024-04-17 20:11
202826,20282601,25,2022,30,5,1,463,2018m2,1,312,1,1,1,2,270,1,3,5,,2024-04-17 20:11
202828,20282801,25,2022,24,4,1,639,2021m12,2,312,1,1,1,2,144,2,3,3,,2024-04-17 20:11
202829,20282901,25,2022,23,6,,,,,,,1,1,2,,,,5,,2024-04-17 20:11
202830,20283001,25,2022,32,6,1,872,2019m5,1,247,1,1,8,1,215,1,3,5,,2024-04-17 20:11
202832,20283201,25,2022,26,6,,,,,,,1,13,2,,,,4,,2024-04-17 20:11
202833,20283301,25,2022,87,2,,,,,,,2,1,2,,,,6,,2024-04-17 20:11
202833,20283302,25,2022,94,3,,,,,,,2,1,1,,,,6,,2024-04-17 20:11
202834,20283401,25,2022,77,3,2,479,2000m5,4,531,2,2,1,1,70,,3,5,,2024-04-17 20:11
202834,20283402,25,2022,75,2,,,,,,,2,1,2,,,,5,,2024-04-17 20:11
202835,20283501,25,2022,27,6,1,861,2020m8,1,211,1,1,1,2,250,1,2,4,,2024-04-17 20:11
202836,20283601,25,2022,24,6,,,,,,,1,8,2,,,,4,,2024-04-17 20:11
202837,20283701,25,2022,55,3,1,759,2021m5,2,531,1,3,1,2,200,2,3,5,,2024-04-17 20:11
202837,20283702,25,2022,27,5,,,,,,,1,1,1,,,,5,,2024-04-17 20:11
202837,20283703,25,2022,23,3,,,,,,,1,1,2,,,,5,,2024-04-17 20:11
202838,20283801,25,2022,84,3,,,,,,,3,1,1,,,,5,,2024-04-17 20:11
202839,20283901,25,2022,39,5,1,422,2022m1,3,792,1,2,1,1,330,2,3,5,,2024-04-17 20:11
202839,20283902,25,2022,30,5,1,682,2018m10,1,314,1,2,1,2,115,1,3,5,,2024-04-17 20:11
202840,20284001,25,2022,64,3,1,969,2017m10,2,951,1,3,1,2,90,2,2,5,,2024-04-17 20:11
202841,20284101,25,2022,66,3,2,492,2022m4,4,873,2,1,1,1,200,,2,5,,2024-04-17 20:11
202841,20284102,25,2022,88,2,,,,,,,3,1,2,,,,5,,2024-04-17 20:11
202842,20284201,25,2022,87,2,,,,,,,3,1,2,,,,6,,2024-04-17 20:11
202842,20284202,25,2022,61,3,,,,,,,3,1,1,,,,6,,2024-04-17 20:11
202843,20284301,25,2022,47,2,2,561,2022m2,4,441,2,2,8,1,200,,3,5,,2024-04-17 20:11
202843,20284302,25,2022,34,5,,,,,,,2,8,2,,,,5,,2024-04-17 20:11
202844,20284401,25,2022,81,1,1,682,2019m1,2,941,1,3,1,2,100,2,2,5,,2024-04-17 20:11
202845,20284501,25,2022,71,2,,,,,,,3,1,2,,,,4,,2024-04-17 20:11
202846,20284602,25,2022,44,3,1,759,2021m1,1,399,1,2,1,2,220,1,3,5,,2024-04-17 20:11
202847,20284702,25,2022,39,6,1,861,2006m2,1,312,1,2,1,2,400,1,2,4,,2024-04-17 20:11
202848,20284801,25,2022,77,6,,,,,,,2,1,1,,,,4,,2024-04-17 20:11
202848,20284802,25,2022,73,6,,,,,,,2,1,2,,,,5,,2024-04-17 20:11
202849,20284901,25,2022,89,2,,,,,,,3,1,1,,,,6,,2024-04-17 20:11
202850,20285001,25,2022,68,2,1,872,2022m3,2,399,1,3,1,2,68,2,4,5,,2024-04-17 20:11
202851,20285101,25,2022,73,2,1,682,2021m3,2,992,1,2,1,1,175,2,2,5,,2024-04-17 20:11
202851,20285102,25,2022,72,2,1,970,2014m3,3,951,1,2,1,2,100,2,3,5,,2024-04-17 20:11
202852,20285201,25,2022,49,5,1,422,2015m2,1,231,1,2,1,1,360,1,2,5,,2024-04-17 20:11
202852,20285202,25,2022,49,6,,,,,,,2,1,2,,,,4,,2024-04-17 20:11
202853,20285301,25,2022,53,6,2,682,2021m2,4,274,2,3,1,1,350,,2,4,,2024-04-17 20:11
202853,20285302,25,2022,23,4,,,,,,,1,1,1,,,,5,,2024-04-17 20:11
202853,20285303,25,2022,20,4,,,,,,,1,1,2,,,,5,,2024-04-17 20:11
202854,20285401,25,2022,59,3,1,492,2020m10,1,873,1,2,1,1,350,1,2,5,,2024-04-17 20:11
202854,20285403,25,2022,16,2,,,,,,,1,1,2,,,,5,,2024-04-17 20:11
202855,20285501,25,2022,55,3,1,970,2021m6,3,951,1,3,1,2,80,2,3,4,,2024-04-17 20:11
202856,20285601,25,2022,80,3,,,,,,,2,1,1,,,,5,,2024-04-17 20:11
202856,20285602,25,2022,80,2,,,,,,,2,1,2,,,,5,,2024-04-17 20:11
202856,20285603,25,2022,46,6,,,,,,,2,1,2,,,,5,,2024-04-17 20:11
202858,20285801,25,2022,80,3,,,,,,,2,1,1,,,,5,,2024-04-17 20:11
202858,20285802,25,2022,76,2,,,,,,,2,1,2,,,,5,,2024-04-17 20:11
202859,20285901,25,2022,77,3,,,,,,,2,1,1,,,,5,,2024-04-17 20:11
202859,20285902,25,2022,70,2,1,141,2016m6,2,721,1,2,1,2,120,2,3,5,,2024-04-17 20:11
202860,20286001,25,2022,72,1,,,,,,,3,1,2,,,,6,,2024-04-17 20:11
202861,20286101,25,2022,78,2,1,841,2022m3,2,,1,2,1,1,27,2,2,5,,2024-04-17 20:11
202861,20286102,25,2022,78,2,1,841,2022m3,2,429,1,2,1,2,27,2,2,5,,2024-04-17 20:11
202862,20286201,25,2022,80,2,,,,,,,2,8,1,,,,5,,2024-04-17 20:11
202862,20286202,25,2022,71,2,,,,,,,2,8,2,,,,5,,2024-04-17 20:11
202863,20286301,25,2022,89,1,,,,,,,3,1,2,,,,6,,2024-04-17 20:11
202864,20286401,25,2022,40,6,1,233,2008m1,1,313,1,2,1,1,500,1,2,4,,2024-04-17 20:11
202864,20286402,25,2022,41,5,1,141,2021m6,2,285,1,2,1,2,300,2,2,4,,2024-04-17 20:11
202865,20286501,25,2022,39,5,,,,,,,2,1,2,,,,5,,2024-04-17 20:11
202865,20286502,25,2022,44,6,2,464,2018m2,4,521,2,2,1,1,350,,3,5,,2024-04-17 20:11
202866,20286601,25,2022,42,6,1,303,2010m4,1,285,1,2,1,1,700,1,2,4,,2024-04-17 20:11
202866,20286602,25,2022,41,5,,,,,,,2,1,2,,,,4,,2024-04-17 20:11
202867,20286701,25,2022,76,2,,,,,,,3,8,2,,,,5,,2024-04-17 20:11
202869,20286901,25,2022,85,6,,,,,,,2,8,1,,,,5,,2024-04-17 20:11
202869,20286902,25,2022,84,3,,,,,,,2,8,2,,,,4,,2024-04-17 20:11
202870,20287001,25,2022,47,3,1,422,2016m10,1,312,1,3,8,2,198,1,3,6,,2024-04-17 20:11
202870,20287002,25,2022,21,4,,,,,,,1,8,2,,,,5,,2024-04-17 20:11
202871,20287101,25,2022,80,2,,,,,,,3,8,2,,,,5,,2024-04-17 20:11
202872,20287201,25,2022,66,3,2,222,2008m1,4,832,2,2,8,1,200,,3,5,,2024-04-17 20:11
202872,20287202,25,2022,63,2,,,,,,,2,8,2,,,,5,,2024-04-17 20:11
202872,20287203,25,2022,87,1,,,,,,,3,8,2,,,,5,,2024-04-17 20:11
202873,20287301,25,2022,59,3,2,561,1990m1,4,441,2,2,8,1,300,,3,5,,2024-04-17 20:11
202873,20287302,25,2022,58,3,3,561,1992m1,5,521,2,2,8,2,,,3,5,,2024-04-17 20:11
210020,20287303,25,2022,33,6,,,,,,,2,8,2,,,,5,,2024-04-17 20:11
210020,20287306,25,2022,34,6,1,851,2013m3,1,254,1,2,8,1,190,2,3,5,,2024-04-17 20:11
202874,20287401,25,2022,64,1,,,,,,,2,8,1,,,,5,,2024-04-17 20:11
202874,20287402,25,2022,58,2,,,,,,,2,8,2,,,,5,,2024-04-17 20:11
202876,20287601,25,2022,39,6,1,949,2010m3,1,312,1,2,1,1,370,1,2,4,,2024-04-17 20:11
202876,20287602,25,2022,39,6,2,869,2017m6,4,245,2,2,1,2,400,,2,4,,2024-04-17 20:11
202877,20287701,25,2022,54,6,2,463,2008m2,4,521,2,2,1,1,400,,3,4,,2024-04-17 20:11
202877,20287702,25,2022,52,6,,,,,,,2,1,2,,,,4,,2024-04-17 20:11
202877,20287703,25,2022,20,4,,,,,,,1,1,2,,,,4,,2024-04-17 20:11
202878,20287802,25,2022,67,3,,,,,,,2,1,2,,,,6,,2024-04-17 20:11
202879,20287901,25,2022,81,2,,,,,,,2,1,1,,,,5,,2024-04-17 20:11
202879,20287902,25,2022,76,2,,,,,,,2,1,2,,,,5,,2024-04-17 20:11
202880,20288001,25,2022,65,3,1,682,2020m9,2,942,1,3,1,1,200,2,3,4,,2024-04-17 20:11
202881,20288101,25,2022,92,2,,,,,,,3,1,2,,,,5,,2024-04-17 20:11
202881,20288102,25,2022,61,6,,,,,,,2,1,2,,,,3,,2024-04-17 20:11
202882,20288201,25,2022,79,2,,,,,,,2,1,1,,,,4,,2024-04-17 20:11
202882,20288202,25,2022,74,2,,,,,,,2,1,2,,,,4,,2024-04-17 20:11
202883,20288301,25,2022,74,2,,,,,,,2,1,1,,,,6,,2024-04-17 20:11
202883,20288302,25,2022,65,2,1,561,2020m7,2,952,1,2,1,2,75,2,4,6,,2024-04-17 20:11
202884,20288401,25,2022,81,2,1,841,2020m2,2,941,1,3,1,2,25,2,2,6,,2024-04-17 20:11
202885,20288501,25,2022,76,2,,,,,,,3,1,2,,,,6,,2024-04-17 20:11
202886,20288601,25,2022,83,2,,,,,,,2,1,1,,,,6,,2024-04-17 20:11
202886,20288602,25,2022,71,2,,,,,,,2,1,2,,,,6,,2024-04-17 20:11
202887,20288701,25,2022,80,1,,,,,,,3,1,2,,,,6,,2024-04-17 20:11
202888,20288802,25,2022,38,5,1,141,2005m7,2,285,1,2,1,2,150,2,2,4,,2024-04-17 20:11
202889,20288901,25,2022,61,2,2,423,1996m9,4,312,2,2,1,2,300,,3,5,,2024-04-17 20:11
202889,20288902,25,2022,66,3,,,,,,,2,1,1,,,,5,,2024-04-17 20:11
202890,20289001,25,2022,47,5,1,862,2021m1,1,246,1,2,1,2,140,2,3,5,,2024-04-17 20:11
202890,20289002,25,2022,49,3,1,465,2010m5,1,510,1,2,1,1,200,1,4,5,,2024-04-17 20:11
202890,20289004,25,2022,17,2,,,,,,,1,1,1,,,,5,,2024-04-17 20:11
202891,20289101,25,2022,77,2,,,,,,,2,1,1,,,,5,,2024-04-17 20:11
202891,20289102,25,2022,69,2,,,,,,,2,1,2,,,,5,,2024-04-17 20:11
202892,20289201,25,2022,43,3,1,471,2012m4,1,521,1,2,1,1,330,1,2,5,,2024-04-17 20:11
202892,20289202,25,2022,40,3,,,,,,,2,1,2,,,,5,,2024-04-17 20:11
202893,20289301,25,2022,59,3,2,259,1997m5,4,851,2,2,1,1,300,,4,5,,2024-04-17 20:11
202893,20289302,25,2022,59,3,,,,,,,2,1,2,,,,4,,2024-04-17 20:11
202894,20289401,25,2022,39,6,1,464,2014m4,1,521,1,2,1,1,400,1,2,4,,2024-04-17 20:11
202894,20289402,25,2022,39,5,2,139,2020m2,4,721,2,2,1,2,20,,3,4,,2024-04-17 20:11
202895,20289501,25,2022,64,3,1,841,2021m6,2,941,1,2,1,1,135,2,2,5,,2024-04-17 20:11
202895,20289502,25,2022,64,3,,,,,,,2,1,2,,,,5,,2024-04-17 20:11
210021,20289504,25,2022,32,5,1,843,2012m2,1,980,1,2,8,1,365,1,3,4,,2024-04-17 20:11
202896,20289601,25,2022,65,3,1,492,2004m4,1,873,1,2,1,1,150,1,3,5,,2024-04-17 20:11
202896,20289602,25,2022,57,3,1,561,2021m1,2,952,1,2,1,2,150,2,3,5,,2024-04-17 20:11
210022,20289603,25,2022,33,5,,,,,,,2,1,2,,,,4,,2024-04-17 20:11
202897,20289702,25,2022,57,5,1,852,2021m9,2,254,1,2,1,2,70,2,2,4,,2024-04-17 20:11
202897,20289704,25,2022,18,2,,,,,,,1,1,2,,,,5,,2024-04-17 20:11
202898,20289801,25,2022,43,6,1,465,2013m2,1,274,1,2,1,1,550,1,2,4,,2024-04-17 20:11
202898,20289802,25,2022,43,5,,,,,,,2,1,2,,,,4,,2024-04-17 20:11
202899,20289901,25,2022,79,3,,,,,,,2,1,1,,,,4,,2024-04-17 20:11
202899,20289902,25,2022,78,2,,,,,,,2,1,2,,,,4,,2024-04-17 20:11
202900,20290001,25,2022,52,6,2,856,2010m6,4,254,2,2,1,2,130,,2,4,,2024-04-17 20:11
202901,20290101,25,2022,54,6,1,841,2003m4,1,311,1,2,1,1,500,1,3,4,,2024-04-17 20:11
202901,20290102,25,2022,51,6,1,851,2022m3,2,952,1,2,1,2,50,2,4,5,,2024-04-17 20:11
202902,20290201,25,2022,48,6,1,852,2002m3,1,252,1,2,1,1,530,1,2,4,,2024-04-17 20:11
202902,20290202,25,2022,45,6,1,872,2018m7,1,244,1,2,1,2,170,1,2,4,,2024-04-17 20:11
202903,20290302,25,2022,83,2,,,,,,,3,1,2,,,,5,,2024-04-17 20:11
202904,20290402,25,2022,78,2,,,,,,,3,1,2,,,,6,,2024-04-17 20:11
202905,20290501,25,2022,50,3,1,620,2012m5,2,274,1,3,1,1,300,2,2,5,,2024-04-17 20:11
210180,20290502,25,2022,27,3,1,751,2022m5,1,320,1,2,8,2,210,1,3,5,,2024-04-17 20:11
202906,20290601,25,2022,76,2,,,,,,,3,1,2,,,,6,,2024-04-17 20:11
202906,20290602,25,2022,50,3,,,,,,,1,1,1,,,,6,,2024-04-17 20:11
202907,20290701,25,2022,74,2,1,872,2021m3,2,941,1,3,1,2,27,2,2,6,,2024-04-17 20:11
202908,20290801,25,2022,68,2,,,,,,,3,8,2,,,,5,,2024-04-17 20:11
202909,20290901,25,2022,77,2,,,,,,,3,1,2,,,,6,,2024-04-17 20:11
202910,20291001,25,2022,76,3,,,,,,,3,1,2,,,,6,,2024-04-17 20:11
202910,20291002,25,2022,48,3,1,712,2012m6,1,313,1,1,1,2,280,1,2,5,,2024-04-17 20:11
202911,20291101,25,2022,69,6,,,,,,,3,1,2,,,,4,,2024-04-17 20:11
202912,20291201,25,2022,72,6,,,,,,,2,1,1,,,,3,,2024-04-17 20:11
202912,20291202,25,2022,69,3,,,,,,,2,1,2,,,,3,,2024-04-17 20:11
202913,20291301,25,2022,86,3,,,,,,,2,1,1,,,,5,,2024-04-17 20:11
202913,20291302,25,2022,81,2,,,,,,,2,1,2,,,,5,,2024-04-17 20:11
202914,20291401,25,2022,40,6,,,,,,,1,1,1,,,,6,,2024-04-17 20:11
202915,20291501,25,2022,80,3,,,,,,,2,1,1,,,,4,,2024-04-17 20:11
202915,20291502,25,2022,74,2,,,,,,,2,1,2,,,,3,,2024-04-17 20:11
202916,20291601,25,2022,75,3,,,,,,,2,1,1,,,,4,,2024-04-17 20:11
202916,20291602,25,2022,72,2,,,,,,,2,1,2,,,,4,,2024-04-17 20:11
202917,20291701,25,2022,74,2,,,,,,,2,1,2,,,,4,,2024-04-17 20:11
202917,20291702,25,2022,88,2,,,,,,,2,1,1,,,,4,,2024-04-17 20:11
202918,20291801,25,2022,78,2,,,,,,,2,1,1,,,,3,,2024-04-17 20:11
202918,20291802,25,2022,70,2,,,,,,,2,1,2,,,,3,,2024-04-17 20:11
202919,20291901,25,2022,54,2,1,410,2013m6,3,910,1,1,1,1,150,2,3,4,,2024-04-17 20:11
202920,20292001,25,2022,88,2,,,,,,,3,1,2,,,,4,,2024-04-17 20:11
202921,20292101,25,2022,42,6,1,285,2006m3,1,312,1,2,1,1,450,1,2,3,,2024-04-17 20:11
202921,20292102,25,2022,42,6,,,,,,,2,1,2,,,,3,,2024-04-17 20:11
202922,20292201,25,2022,66,2,,,,,,,3,1,2,,,,4,,2024-04-17 20:11
202922,20292202,25,2022,44,5,1,493,2019m3,1,873,1,1,1,1,200,1,4,4,,2024-04-17 20:11
202922,20292203,25,2022,42,6,1,711,2017m8,1,330,1,1,1,1,300,1,3,4,,2024-04-17 20:11
202923,20292301,25,2022,77,2,1,682,2004m10,2,941,1,3,1,1,113,2,3,3,,2024-04-17 20:11
202924,20292401,25,2022,77,3,1,682,2009m8,2,942,1,2,1,1,210,2,2,3,,2024-04-17 20:11
202924,20292402,25,2022,75,2,,,,,,,2,1,2,,,,3,,2024-04-17 20:11
202924,20292403,25,2022,50,3,,,,,,,3,1,1,,,,3,,2024-04-17 20:11
202925,20292501,25,2022,75,3,,,,,,,2,8,1,,,,5,,2024-04-17 20:11
202927,20292701,25,2022,63,2,,,,,,,2,1,1,,,,4,,2024-04-17 20:11
202927,20292702,25,2022,54,3,1,851,2015m3,2,441,1,2,1,2,190,2,2,4,,2024-04-17 20:11
202927,20292704,25,2022,26,5,1,582,2021m9,1,222,1,1,1,1,205,1,3,4,,2024-04-17 20:11
202929,20292901,25,2022,53,6,2,562,2016m2,4,521,2,2,3,1,500,,3,4,,2024-04-17 20:11
202929,20292902,25,2022,47,5,,,,,,,2,3,2,,,,3,,2024-04-17 20:11
202929,20292903,25,2022,20,4,,,,,,,1,3,1,,,,3,,2024-04-17 20:11
202930,20293001,25,2022,49,6,1,851,2000m3,1,252,1,1,3,2,360,1,3,4,,2024-04-17 20:11
202931,20293101,25,2022,52,3,,,,,,,2,3,1,,,,5,,2024-04-17 20:11
202931,20293102,25,2022,49,3,2,478,2016m12,4,521,2,2,3,2,300,,4,4,,2024-04-17 20:11
202931,20293103,25,2022,23,4,,,,,,,1,3,2,,,,4,,2024-04-17 20:11
202931,20293104,25,2022,18,2,,,,,,,1,3,1,,,,4,,2024-04-17 20:11
202932,20293201,25,2022,55,5,1,872,2022m4,2,421,1,3,3,2,200,2,2,4,,2024-04-17 20:11
202932,20293202,25,2022,31,6,1,641,2015m12,1,320,1,1,3,2,250,1,2,4,,2024-04-17 20:11
202933,20293301,25,2022,83,1,,,,,,,3,19,2,,,,5,,2024-04-17 20:11
202934,20293401,25,2022,80,2,2,11,1969m10,4,611,2,2,19,1,120,,3,4,,2024-04-17 20:11
202934,20293402,25,2022,80,1,3,11,1967m6,5,611,2,2,19,2,,,4,4,,2024-04-17 20:11
202935,20293501,25,2022,68,3,2,11,1974m3,4,611,2,2,19,1,500,,3,4,,2024-04-17 20:11
202935,20293502,25,2022,65,3,3,11,1980m10,5,611,2,2,19,2,,,3,4,,2024-04-17 20:11
202936,20293601,25,2022,70,2,2,12,1987m3,4,613,2,2,19,1,1000,,2,3,,2024-04-17 20:11
202936,20293602,25,2022,65,2,3,12,1988m3,5,613,2,2,19,2,,,3,3,,2024-04-17 20:11
202937,20293701,25,2022,95,1,,,,,,,3,19,2,,,,4,,2024-04-17 20:11
202938,20293801,25,2022,75,2,1,841,2021m2,2,941,1,2,13,1,27,2,2,5,,2024-04-17 20:11
202938,20293802,25,2022,74,2,,,,,,,2,13,2,,,,5,,2024-04-17 20:11
202939,20293901,25,2022,48,5,1,262,2021m12,1,312,1,1,19,1,160,2,2,4,,2024-04-17 20:11
202940,20294001,25,2022,74,2,,,,,,,1,19,1,,,,5,,2024-04-17 20:11
202941,20294101,25,2022,86,2,2,11,1955m3,4,611,2,2,19,1,34,,3,4,,2024-04-17 20:11
202941,20294102,25,2022,82,2,,,,,,,2,19,2,,,,4,,2024-04-17 20:11
202942,20294201,25,2022,91,1,,,,,,,3,11,2,,,,5,,2024-04-17 20:11
202943,20294301,25,2022,43,6,2,162,2014m12,4,730,2,2,4,1,500,,2,3,,2024-04-17 20:11
202943,20294302,25,2022,39,5,2,562,2017m12,4,441,2,2,4,2,400,,2,3,,2024-04-17 20:11
202944,20294402,25,2022,70,2,2,475,2021m11,4,521,2,3,4,2,150,,3,4,,2024-04-17 20:11
202946,20294601,25,2022,87,3,,,,,,,3,4,1,,,,6,,2024-04-17 20:11
202947,20294701,25,2022,67,3,,,,,,,3,19,2,,,,5,,2024-04-17 20:11
202948,20294801,25,2022,31,6,,,,,,,2,8,2,,,,5,,2024-04-17 20:11
202948,20294802,25,2022,35,6,1,856,2020m3,3,286,1,2,8,1,300,2,3,5,,2024-04-17 20:11
202949,20294901,25,2022,62,5,1,493,2021m10,1,922,1,3,5,1,415,2,2,5,,2024-04-17 20:11
202949,20294902,25,2022,32,4,1,303,2015m4,1,753,1,1,5,1,261,1,3,5,,2024-04-17 20:11
202950,20295001,25,2022,37,5,1,591,2019m8,1,283,1,1,5,1,199,1,3,5,,2024-04-17 20:11
202951,20295101,25,2022,84,1,,,,,,,3,5,2,,,,5,,2024-04-17 20:11
202952,20295201,25,2022,56,2,2,493,1990m6,4,873,2,2,5,1,500,,3,5,,2024-04-17 20:11
202952,20295202,25,2022,52,3,,,,,,,2,5,2,,,,5,,2024-04-17 20:11
202953,20295301,25,2022,42,5,1,262,2019m11,1,892,1,1,5,1,281,1,3,5,,2024-04-17 20:11
202954,20295401,25,2022,74,6,,,,,,,2,5,1,,,,5,,2024-04-17 20:11
202954,20295402,25,2022,70,3,,,,,,,2,5,2,,,,5,,2024-04-17 20:11
202955,20295501,25,2022,46,3,1,221,2015m4,1,930,1,1,5,1,318,1,3,5,,2024-04-17 20:11
202956,20295601,25,2022,73,3,1,841,2018m3,1,941,1,2,8,1,200,2,2,4,,2024-04-17 20:11
202956,20295602,25,2022,66,3,1,132,2014m5,1,721,1,2,8,2,100,2,2,4,,2024-04-17 20:11
202957,20295701,25,2022,40,6,1,291,2015m3,1,741,1,2,8,1,350,1,3,5,,2024-04-17 20:11
202959,20295901,25,2022,75,2,,,,,,,3,8,1,,,,6,,2024-04-17 20:11
202960,20296001,25,2022,56,3,1,141,2019m9,1,721,1,3,8,2,250,1,3,5,,2024-04-17 20:11
202960,20296002,25,2022,25,3,,,,,,,1,8,2,,,,5,,2024-04-17 20:11
202960,20296003,25,2022,19,3,,,,,,,1,8,2,,,,5,,2024-04-17 20:11
202961,20296101,25,2022,56,3,1,422,2010m8,3,792,1,1,8,1,208,2,3,6,,2024-04-17 20:11
202965,20296501,25,2022,51,3,1,492,2012m4,1,873,1,3,8,1,350,1,2,4,,2024-04-17 20:11
202965,20296502,25,2022,77,2,1,467,2013m4,2,941,1,3,8,2,45,2,3,5,,2024-04-17 20:11
202965,20296503,25,2022,18,2,,,,,,,1,8,2,,,,4,,2024-04-17 20:11
202966,20296601,25,2022,58,6,1,582,1990m2,1,222,1,2,8,1,1000,1,2,4,,2024-04-17 20:11
202967,20296701,25,2022,69,3,2,472,2020m10,4,521,2,2,8,1,300,,3,3,,2024-04-17 20:11
202967,20296702,25,2022,63,3,,,,,,,2,8,2,,,,5,,2024-04-17 20:11
202967,20296703,25,2022,32,6,1,262,2016m11,1,863,1,1,8,1,340,1,2,5,,2024-04-17 20:11
202967,20296704,25,2022,30,6,1,511,2020m10,1,312,1,1,8,1,340,1,2,4,,2024-04-17 20:11
202969,20296901,25,2022,41,3,1,471,2008m4,1,521,1,2,8,1,410,1,3,4,,2024-04-17 20:11
202969,20296902,25,2022,40,3,1,284,2022m4,2,832,1,2,8,2,178,2,3,4,,2024-04-17 20:11
202969,20296903,25,2022,16,2,,,,,,,1,8,2,,,,4,,2024-04-17 20:11
202970,20297003,25,2022,29,4,,,,,,,1,8,1,,,,5,,2024-04-17 20:11
202971,20297101,25,2022,62,3,1,,2022m7,3,941,1,3,8,2,66,2,3,5,,2024-04-17 20:11
202973,20297301,25,2022,44,6,1,233,2008m1,1,312,1,1,8,1,430,1,2,4,,2024-04-17 20:11
202974,20297401,25,2022,66,3,2,424,1994m11,4,783,2,2,8,1,1000,,2,3,,2024-04-17 20:11
202974,20297402,25,2022,61,3,,,,,,,2,8,2,,,,4,,2024-04-17 20:11
202974,20297403,25,2022,27,5,,,,,,,1,8,1,,,,5,,2024-04-17 20:11
202977,20297701,25,2022,76,3,,,,,,,2,1,1,,,,3,,2024-04-17 20:11
202977,20297702,25,2022,73,2,,,,,,,2,1,2,,,,4,,2024-04-17 20:11
202977,20297703,25,2022,37,5,1,620,2016m5,1,224,1,1,1,1,250,1,4,4,,2024-04-17 20:11
202978,20297801,25,2022,84,2,,,,,,,3,1,2,,,,3,,2024-04-17 20:11
202978,20297802,25,2022,53,5,2,464,1998m5,4,521,2,2,1,2,,,4,4,,2024-04-17 20:11
202978,20297803,25,2022,17,2,,,,,,,1,1,1,,,,3,,2024-04-17 20:11
202979,20297901,25,2022,75,2,,,,,,,2,1,1,,,,4,,2024-04-17 20:11
202979,20297902,25,2022,70,2,,,,,,,2,1,2,,,,4,,2024-04-17 20:11
202979,20297903,25,2022,49,2,,,,,,,1,1,1,,,,4,,2024-04-17 20:11
202980,20298001,25,2022,43,3,2,424,2020m1,4,783,2,2,1,1,450,,2,4,,2024-04-17 20:11
202980,20298002,25,2022,37,3,,,,,,,2,1,2,,,,4,,2024-04-17 20:11
202981,20298101,25,2022,73,3,2,492,2004m1,4,873,2,2,1,1,150,,2,3,,2024-04-17 20:11
202981,20298102,25,2022,67,2,,,,,,,2,1,2,,,,3,,2024-04-17 20:11
202982,20298201,25,2022,76,2,,,,,,,3,1,2,,,,4,,2024-04-17 20:11
202982,20298202,25,2022,46,5,1,463,2017m10,1,922,1,1,1,1,198,1,3,4,,2024-04-17 20:11
202984,20298401,25,2022,51,6,,,,,,,2,1,1,,,,3,,2024-04-17 20:11
202984,20298402,25,2022,43,4,2,856,2006m3,4,254,2,2,1,2,125,,2,3,,2024-04-17 20:11
202985,20298501,25,2022,54,1,,,,,,,1,1,1,,,,4,,2024-04-17 20:11
202985,20298502,25,2022,80,1,1,841,2019m3,3,941,1,3,1,2,27,2,2,4,,2024-04-17 20:11
202985,20298503,25,2022,51,3,2,763,2008m3,4,522,2,3,1,1,,,3,4,,2024-04-17 20:11
202987,20298701,25,2022,35,5,,,,,,,1,1,2,,,,4,,2024-04-17 20:11
202987,20298702,25,2022,34,5,1,521,2021m9,3,921,1,1,1,2,80,2,4,5,,2024-04-17 20:11
202989,20298901,25,2022,36,6,1,855,2021m9,2,254,1,1,1,1,200,2,2,4,,2024-04-17 20:11
202991,20299101,25,2022,83,2,,,,,,,3,1,2,,,,5,,2024-04-17 20:11
202993,20299301,25,2022,40,6,2,949,,4,313,2,2,1,2,145,,2,3,,2024-04-17 20:11
202993,20299302,25,2022,42,5,1,582,2012m3,1,222,1,2,1,1,430,1,2,3,,2024-04-17 20:11
202994,20299401,25,2022,62,6,2,682,2006m7,4,274,2,3,1,2,200,,3,3,,2024-04-17 20:11
202995,20299501,25,2022,77,3,,,,,,,2,8,1,,,,5,,2024-04-17 20:11
202995,20299502,25,2022,64,3,,,,,,,2,8,2,,,,5,,2024-04-17 20:11
202996,20299601,25,2022,78,2,,,,,,,2,1,1,,,,3,,2024-04-17 20:11
202996,20299602,25,2022,69,2,,,,,,,2,1,2,,,,3,,2024-04-17 20:11
202997,20299701,25,2022,72,2,,,,,,,2,1,1,,,,3,,2024-04-17 20:11
202997,20299702,25,2022,67,2,,,,,,,2,1,2,,,,4,,2024-04-17 20:11
202997,20299703,25,2022,41,5,,,,,,,1,1,1,,,,4,,2024-04-17 20:11
202998,20299801,25,2022,53,6,1,332,2009m5,1,399,1,2,1,1,160,1,3,3,,2024-04-17 20:11
202998,20299802,25,2022,48,5,,,,,,,2,1,2,,,,4,,2024-04-17 20:11
202999,20299902,25,2022,57,6,,,,,,,2,1,2,,,,3,,2024-04-17 20:11
203000,20300001,25,2022,43,6,1,511,2005m1,1,312,1,2,8,1,700,1,2,3,,2024-04-17 20:11
203000,20300002,25,2022,45,6,1,862,2022m2,2,246,1,2,8,2,60,2,2,2,,2024-04-17 20:11
203000,20300003,25,2022,15,2,,,,,,,1,8,2,,,,2,,2024-04-17 20:11
203001,20300101,25,2022,36,6,1,551,2011m7,1,312,1,2,8,1,600,1,3,3,,2024-04-17 20:11
203001,20300102,25,2022,34,6,1,141,2012m7,1,273,1,2,8,2,390,1,2,3,,2024-04-17 20:11
203003,20300301,25,2022,95,1,,,,,,,2,8,1,,,,3,,2024-04-17 20:11
203003,20300302,25,2022,91,2,,,,,,,2,8,2,,,,3,,2024-04-17 20:11
203005,20300501,25,2022,65,3,,,,,,,2,8,1,,,,4,,2024-04-17 20:11
203005,20300502,25,2022,56,3,1,969,2021m5,2,421,1,2,8,2,105,2,3,4,,2024-04-17 20:11
203006,20300601,25,2022,32,3,1,241,2014m4,1,930,1,1,5,1,472,1,2,4,,2024-04-17 20:11
203007,20300702,25,2022,59,6,1,872,2017m5,2,441,1,2,8,2,98,2,3,5,,2024-04-17 20:11
210181,20300703,25,2022,35,6,1,272,2020m1,1,753,1,1,11,1,330,1,3,5,,2024-04-17 20:11
203008,20300801,25,2022,61,3,1,,2015m11,2,930,1,2,8,1,250,2,3,5,,2024-04-17 20:11
203008,20300802,25,2022,60,3,,,,,,,2,8,2,,,,5,,2024-04-17 20:11
203008,20300803,25,2022,32,6,1,423,2017m3,2,762,1,1,8,1,180,2,3,5,,2024-04-17 20:11
210283,20300804,25,2022,31,3,1,561,2021m6,1,442,1,1,8,2,300,1,3,5,,2024-04-17 20:11
203009,20300901,25,2022,57,3,1,181,1998m1,1,892,1,2,8,1,186,1,3,5,,2024-04-17 20:11
203009,20300902,25,2022,49,3,1,561,2021m1,2,441,1,2,8,2,250,2,3,5,,2024-04-17 20:11
203009,20300903,25,2022,23,3,1,912,2021m11,2,432,1,1,8,1,230,2,3,5,,2024-04-17 20:11
203009,20300904,25,2022,21,3,1,562,2021m7,1,441,1,1,8,1,90,2,3,5,,2024-04-17 20:11
203010,20301001,25,2022,46,6,1,641,2006m1,1,320,1,2,5,1,550,1,3,5,,2024-04-17 20:11
203010,20301002,25,2022,41,6,,,,,,,2,5,2,,,,5,,2024-04-17 20:11
203011,20301101,25,2022,79,6,,,,,,,2,5,1,,,,5,,2024-04-17 20:11
203011,20301102,25,2022,75,3,,,,,,,2,5,2,,,,5,,2024-04-17 20:11
203013,20301301,25,2022,56,3,1,105,1992m3,1,312,1,2,5,1,645,1,3,5,,2024-04-17 20:11
203013,20301302,25,2022,49,3,1,682,2012m2,1,312,1,2,5,2,220,2,3,4,,2024-04-17 20:11
203013,20301303,25,2022,28,6,,,,,,,1,5,2,,,,4,,2024-04-17 20:11
203013,20301304,25,2022,24,6,1,204,2021m10,1,254,1,1,5,2,198,1,3,4,,2024-04-17 20:11
203014,20301401,25,2022,57,6,1,701,1984m3,1,232,1,2,5,1,1000,1,3,3,,2024-04-17 20:11
203014,20301402,25,2022,57,6,,,,,,,2,5,2,,,,3,,2024-04-17 20:11
210049,20301403,25,2022,31,6,,,,,,,1,5,2,,,,5,,2024-04-17 20:11
210132,20301404,25,2022,29,6,1,582,2017m1,1,222,1,1,1,1,410,1,3,4,,2024-04-17 20:11
203017,20301701,25,2022,57,6,1,412,2022m1,1,231,1,2,5,1,480,2,2,3,,2024-04-17 20:11
203017,20301702,25,2022,54,3,1,471,2017m5,2,521,1,2,5,2,88,2,2,3,,2024-04-17 20:11
203017,20301703,25,2022,27,6,,,,,,,1,5,2,,,,5,,2024-04-17 20:11
203017,20301704,25,2022,24,6,,,,,,,1,5,2,,,,4,,2024-04-17 20:11
203017,20301705,25,2022,23,6,1,843,2022m4,1,980,1,1,5,1,170,1,3,3,,2024-04-17 20:11
203018,20301801,25,2022,59,6,1,412,1992m3,1,875,1,2,5,1,363,1,3,4,,2024-04-17 20:11
203018,20301802,25,2022,54,3,,,,,,,2,5,2,,,,5,,2024-04-17 20:11
203018,20301803,25,2022,28,5,1,561,2022m1,1,952,1,1,5,1,181,1,3,5,,2024-04-17 20:11
203018,20301804,25,2022,23,6,,,,,,,1,5,2,,,,4,,2024-04-17 20:11
203019,20301901,25,2022,39,5,1,729,2018m12,1,710,1,2,5,1,620,1,3,5,,2024-04-17 20:11
203019,20301902,25,2022,35,3,,,,,,,2,5,2,,,,5,,2024-04-17 20:11
203020,20302001,25,2022,42,5,1,222,2018m3,1,832,1,2,13,1,400,1,2,3,,2024-04-17 20:11
203020,20302002,25,2022,38,6,,,,,,,2,13,2,,,,3,,2024-04-17 20:11
203021,20302101,25,2022,52,3,1,949,2019m12,2,942,1,2,8,1,190,2,3,5,,2024-04-17 20:11
203021,20302102,25,2022,57,6,,,,,,,2,8,2,,,,5,,2024-04-17 20:11
203021,20302105,25,2022,16,2,,,,,,,1,8,1,,,,5,,2024-04-17 20:11
203022,20302201,25,2022,75,2,,,,,,,3,8,2,,,,5,,2024-04-17 20:11
203023,20302302,25,2022,90,1,,,,,,,3,8,2,,,,5,,2024-04-17 20:11
203024,20302401,25,2022,84,2,,,,,,,3,8,2,,,,5,,2024-04-17 20:11
203025,20302501,25,2022,74,2,1,862,2015m1,3,941,1,3,4,2,,2,2,6,,2024-04-17 20:11
203026,20302601,25,2022,96,3,,,,,,,2,4,1,,,,4,,2024-04-17 20:11
203026,20302602,25,2022,87,3,,,,,,,2,4,2,,,,5,,2024-04-17 20:11
210023,20302701,25,2022,78,6,1,841,2018m3,2,,1,3,4,1,27,2,2,6,,2024-04-17 20:11
203027,20302702,25,2022,77,3,,,,,,,3,4,2,,,,6,,2024-04-17 20:11
203029,20302901,25,2022,74,6,1,841,2022m3,2,941,1,2,4,1,27,2,1,5,,2024-04-17 20:11
203029,20302902,25,2022,67,3,,,,,,,2,4,2,,,,5,,2024-04-17 20:11
203030,20303001,25,2022,52,4,1,872,2022m3,1,247,1,3,4,2,230,2,2,5,,2024-04-17 20:11
203031,20303101,25,2022,32,5,1,861,2014m7,1,243,1,1,4,1,300,1,2,6,,2024-04-17 20:11
203032,20303201,25,2022,79,6,2,11,2020m3,4,612,2,2,4,1,,,2,4,,2024-04-17 20:11
203032,20303202,25,2022,77,3,,,,,,,2,4,2,,,,4,,2024-04-17 20:11
203033,20303301,25,2022,68,2,2,11,1974m3,4,611,2,2,19,1,410,,3,4,,2024-04-17 20:11
203033,20303302,25,2022,67,2,3,11,1980m4,5,611,2,2,19,2,,,3,4,,2024-04-17 20:11
203033,20303303,25,2022,42,6,,,,,,,2,19,2,,,,4,,2024-04-17 20:11
203034,20303401,25,2022,38,6,1,301,2011m1,1,235,1,2,8,1,830,1,2,3,,2024-04-17 20:11
203034,20303402,25,2022,35,6,1,853,2021m3,1,251,1,2,8,2,330,1,2,3,,2024-04-17 20:11
203035,20303501,25,2022,50,6,1,452,1999m3,1,312,1,2,8,1,840,1,2,3,,2024-04-17 20:11
203035,20303502,25,2022,46,6,,,,,,,2,8,2,,,,3,,2024-04-17 20:11
203035,20303503,25,2022,21,4,,,,,,,1,8,1,,,,3,,2024-04-17 20:11
203035,20303504,25,2022,19,3,,,,,,,1,8,1,,,,3,,2024-04-17 20:11
203036,20303602,25,2022,59,3,,,,,,,2,8,2,,,,5,,2024-04-17 20:11
203037,20303701,25,2022,87,2,,,,,,,3,8,2,,,,4,,2024-04-17 20:11
203037,20303702,25,2022,63,6,1,410,1984m1,1,312,1,2,8,1,290,1,3,4,,2024-04-17 20:11
203037,20303703,25,2022,59,3,,,,,,,2,8,2,,,,4,,2024-04-17 20:11
203038,20303801,25,2022,69,2,2,12,1983m1,4,613,2,2,8,1,300,,2,3,,2024-04-17 20:11
203038,20303802,25,2022,67,2,,,,,,,2,8,2,,,,3,,2024-04-17 20:11
203039,20303901,25,2022,75,2,,,,,,,3,8,2,,,,3,,2024-04-17 20:11
203040,20304001,25,2022,74,3,,,,,,,2,8,1,,,,3,,2024-04-17 20:11
203040,20304002,25,2022,72,2,,,,,,,2,8,2,,,,3,,2024-04-17 20:11
203041,20304101,25,2022,56,3,1,410,,3,782,1,3,8,1,130,2,4,5,,2024-04-17 20:11
203042,20304201,25,2022,66,2,1,479,2010m1,2,922,1,2,8,2,200,2,2,3,,2024-04-17 20:11
203042,20304202,25,2022,75,2,,,,,,,2,8,1,,,,3,,2024-04-17 20:11
203043,20304301,25,2022,64,6,,,,,,,3,8,1,,,,3,,2024-04-17 20:11
203043,20304302,25,2022,36,3,1,204,2010m1,1,832,1,1,8,1,300,2,2,3,,2024-04-17 20:11
203044,20304401,25,2022,40,5,1,521,2020m1,1,921,1,3,8,2,350,1,2,4,,2024-04-17 20:11
203044,20304403,25,2022,18,2,,,,,,,1,8,2,,,,4,,2024-04-17 20:11
203045,20304501,25,2022,50,6,1,262,1998m1,1,863,1,2,8,1,750,1,2,3,,2024-04-17 20:11
203045,20304502,25,2022,48,6,1,265,1997m1,1,254,1,2,8,2,700,1,2,3,,2024-04-17 20:11
203045,20304503,25,2022,15,2,,,,,,,1,8,2,,,,3,,2024-04-17 20:11
203046,20304601,25,2022,52,6,1,411,1996m3,1,141,1,2,8,1,1000,1,2,3,,2024-04-17 20:11
203046,20304602,25,2022,48,6,,,,,,,2,8,2,,,,3,,2024-04-17 20:11
203046,20304603,25,2022,21,4,3,,,,,,1,8,1,,,,3,,2024-04-17 20:11
203046,20304604,25,2022,18,2,,,,,,,1,8,2,,,,3,,2024-04-17 20:11
203047,20304701,25,2022,59,6,1,851,1987m3,1,252,1,2,8,1,550,1,1,4,,2024-04-17 20:11
203047,20304704,25,2022,59,3,1,682,2010m1,1,139,1,2,8,2,350,1,3,4,,2024-04-17 20:11
203048,20304801,25,2022,63,6,,,,,,,2,8,1,,,,3,,2024-04-17 20:11
203048,20304802,25,2022,61,6,,,,,,,2,8,2,,,,3,,2024-04-17 20:11
203048,20304803,25,2022,84,2,,,,,,,3,8,2,,,,3,,2024-04-17 20:11
203049,20304901,25,2022,59,6,,,,,,,1,8,1,,,,4,,2024-04-17 20:11
203050,20305001,25,2022,53,3,,,,,,,2,8,1,,,,3,,2024-04-17 20:11
203050,20305002,25,2022,51,3,1,872,2010m4,1,247,1,2,8,2,250,1,3,3,,2024-04-17 20:11
203050,20305003,25,2022,17,2,,,,,,,1,8,1,,,,3,,2024-04-17 20:11
203050,20305004,25,2022,28,6,1,851,2022m3,1,253,1,1,8,2,250,1,2,3,,2024-04-17 20:11
203051,20305101,25,2022,81,2,,,,,,,3,8,2,,,,3,,2024-04-17 20:11
203052,20305201,25,2022,87,2,,,,,,,3,8,2,,,,4,,2024-04-17 20:11
203053,20305301,25,2022,79,2,,,,,,,3,8,2,,,,5,,2024-04-17 20:11
203054,20305402,25,2022,62,3,1,221,2007m1,1,721,1,2,8,2,200,1,2,3,,2024-04-17 20:11
203055,20305501,25,2022,63,3,3,320,2021m7,5,730,2,2,8,1,,,3,4,,2024-04-17 20:11
203055,20305502,25,2022,65,1,2,320,2000m1,4,842,2,2,8,2,300,,3,3,,2024-04-17 20:11
203055,20305503,25,2022,22,5,,,,,,,1,8,2,,,,3,,2024-04-17 20:11
203056,20305601,25,2022,47,6,1,582,2005m1,1,222,1,2,8,1,1000,1,2,3,,2024-04-17 20:11
203056,20305602,25,2022,46,6,1,850,2021m3,1,244,1,2,8,2,500,1,2,3,,2024-04-17 20:11
203056,20305603,25,2022,18,2,,,,,,,1,8,2,,,,3,,2024-04-17 20:11
203056,20305604,25,2022,15,2,,,,,,,1,8,2,,,,3,,2024-04-17 20:11
203057,20305701,25,2022,55,6,1,844,1993m3,1,411,1,2,8,1,650,1,2,3,,2024-04-17 20:11
203057,20305702,25,2022,54,3,1,841,,1,311,1,2,8,2,510,1,2,3,,2024-04-17 20:11
203057,20305704,25,2022,25,6,,,,,,,1,8,1,,,,4,,2024-04-17 20:11
203058,20305801,25,2022,53,6,2,476,2019m12,4,521,2,1,8,2,200,,3,4,,2024-04-17 20:11
203059,20305901,25,2022,63,3,1,682,2020m1,1,942,1,2,8,1,200,2,2,3,,2024-04-17 20:11
203059,20305902,25,2022,61,3,,,,,,,2,8,2,,,,3,,2024-04-17 20:11
210231,20305904,25,2022,35,6,1,851,2022m8,1,253,1,2,8,2,200,1,3,4,,2024-04-17 20:11
203059,20305906,25,2022,95,1,,,,,,,3,8,2,,,,4,,2024-04-17 20:11
203060,20306001,25,2022,56,6,1,582,1994m1,1,222,1,2,8,1,400,1,3,4,,2024-04-17 20:11
203060,20306002,25,2022,52,6,1,872,2016m1,2,951,1,2,8,2,75,2,3,4,,2024-04-17 20:11
203060,20306003,25,2022,26,3,,,,,,,1,8,1,,,,3,,2024-04-17 20:11
203060,20306004,25,2022,22,6,1,872,2021m3,1,247,1,1,8,2,250,1,3,4,,2024-04-17 20:11
203060,20306005,25,2022,16,2,,,,,,,1,8,2,,,,4,,2024-04-17 20:11
203061,20306101,25,2022,41,6,1,212,2007m1,1,232,1,2,8,1,350,1,2,3,,2024-04-17 20:11
203061,20306102,25,2022,40,6,1,861,2021m3,1,245,1,2,8,2,250,1,2,3,,2024-04-17 20:11
203062,20306201,25,2022,59,6,1,,1998m3,1,,1,2,8,1,1000,1,2,3,,2024-04-17 20:11
203062,20306202,25,2022,55,3,,,,,,,2,8,2,,,,3,,2024-04-17 20:11
203062,20306204,25,2022,26,6,2,856,2022m1,4,254,2,1,8,2,300,,2,3,,2024-04-17 20:11
203063,20306301,25,2022,50,3,1,561,2017m5,2,442,1,3,8,2,100,2,3,4,,2024-04-17 20:11
203064,20306401,25,2022,65,2,,,,,,,2,8,1,,,,3,,2024-04-17 20:11
203064,20306402,25,2022,57,2,,,,,,,2,8,2,,,,3,,2024-04-17 20:11
203064,20306404,25,2022,33,3,,,,,,,1,8,1,,,,3,,2024-04-17 20:11
203065,20306501,25,2022,60,3,2,961,2000m1,4,422,2,3,8,2,150,,3,4,,2024-04-17 20:11
203065,20306503,25,2022,29,6,,,,,,,1,8,1,,,,4,,2024-04-17 20:11
203065,20306504,25,2022,29,3,1,961,2018m1,2,422,1,1,8,1,200,2,2,4,,2024-04-17 20:11
203066,20306601,25,2022,48,2,1,561,2016m1,1,952,1,1,8,2,180,2,3,4,,2024-04-17 20:11
203067,20306701,25,2022,79,2,2,475,2000m1,4,521,2,2,8,1,200,,2,3,,2024-04-17 20:11
203067,20306702,25,2022,69,2,,,,,,,2,8,2,,,,3,,2024-04-17 20:11
203068,20306802,25,2022,55,3,1,561,2018m4,3,442,1,2,8,2,200,2,3,5,,2024-04-17 20:11
203069,20306901,25,2022,50,3,1,492,2017m1,1,751,1,2,8,1,390,1,2,4,,2024-04-17 20:11
203069,20306902,25,2022,44,3,1,561,2021m1,2,441,1,2,8,2,100,2,3,4,,2024-04-17 20:11
203070,20307001,25,2022,72,2,,,,,,,3,8,2,,,,4,,2024-04-17 20:11
203071,20307101,25,2022,51,6,1,422,2000m1,1,231,1,2,8,1,400,1,2,3,,2024-04-17 20:11
203071,20307102,25,2022,47,3,1,862,2020m9,1,246,1,2,8,2,200,1,2,3,,2024-04-17 20:11
203071,20307103,25,2022,18,2,,,,,,,1,8,2,,,,3,,2024-04-17 20:11
203071,20307104,25,2022,17,2,,,,,,,1,8,2,,,,3,,2024-04-17 20:11
203072,20307201,25,2022,79,2,,,,,,,3,8,2,,,,3,,2024-04-17 20:11
203073,20307301,25,2022,56,3,1,492,2013m3,1,873,1,2,8,1,400,1,3,3,,2024-04-17 20:11
203073,20307302,25,2022,57,3,1,222,2010m3,1,832,1,2,8,2,300,1,3,3,,2024-04-17 20:11
203073,20307303,25,2022,29,3,,,,,,,1,8,1,,,,3,,2024-04-17 20:11
203075,20307501,25,2022,76,6,,,,,,,3,8,2,,,,4,,2024-04-17 20:11
203076,20307602,25,2022,83,2,,,,,,,3,8,2,,,,4,,2024-04-17 20:11
203077,20307701,25,2022,54,3,1,521,2000m3,1,312,1,2,8,1,400,1,3,3,,2024-04-17 20:11
203077,20307702,25,2022,52,6,,,,,,,2,8,2,,,,3,,2024-04-17 20:11
203077,20307703,25,2022,17,2,,,,,,,1,8,1,,,,3,,2024-04-17 20:11
203078,20307801,25,2022,49,6,1,521,2010m3,1,874,1,2,8,1,400,1,2,3,,2024-04-17 20:11
203078,20307802,25,2022,55,2,,,,,,,2,8,2,,,,3,,2024-04-17 20:11
203078,20307803,25,2022,34,3,1,521,2013m3,1,874,1,1,8,1,300,1,3,3,,2024-04-17 20:11
203079,20307901,25,2022,72,2,1,753,2018m3,1,942,1,2,8,1,160,1,3,4,,2024-04-17 20:11
203079,20307902,25,2022,71,2,,,,,,,2,8,2,,,,3,,2024-04-17 20:11
203080,20308001,25,2022,71,3,,,,,,,2,8,1,,,,3,,2024-04-17 20:11
203080,20308002,25,2022,70,3,,,,,,,2,8,2,,,,3,,2024-04-17 20:11
203081,20308101,25,2022,82,2,,,,,,,3,8,2,,,,4,,2024-04-17 20:11
203081,20308102,25,2022,46,5,1,410,2006m1,3,910,1,1,8,1,300,2,3,4,,2024-04-17 20:11
203082,20308201,25,2022,68,6,2,721,1984m3,4,231,2,2,8,1,340,,2,3,,2024-04-17 20:11
203082,20308202,25,2022,64,6,,,,,,,2,8,2,,,,3,,2024-04-17 20:11
203083,20308301,25,2022,71,3,,,,,,,2,8,1,,,,3,,2024-04-17 20:11
203083,20308302,25,2022,69,3,1,478,2012m3,1,521,1,2,8,2,150,1,2,3,,2024-04-17 20:11
203083,20308303,25,2022,41,6,1,,2011m1,1,236,1,1,8,1,300,1,3,3,,2024-04-17 20:11
203083,20308304,25,2022,40,6,1,262,2010m1,1,312,1,1,8,1,300,1,2,3,,2024-04-17 20:11
203085,20308501,25,2022,37,5,1,463,2018m3,1,521,1,2,8,2,300,2,3,3,,2024-04-17 20:11
203085,20308502,25,2022,37,5,1,423,2012m5,1,761,1,2,8,1,300,1,3,3,,2024-04-17 20:11
203086,20308601,25,2022,61,2,1,381,2007m3,1,873,1,3,8,1,250,1,2,5,,2024-04-17 20:11
203087,20308701,25,2022,79,3,,,,,,,3,8,2,,,,5,,2024-04-17 20:11
203088,20308801,25,2022,49,5,1,841,2018m1,1,311,1,3,8,2,250,1,2,4,,2024-04-17 20:11
203088,20308802,25,2022,23,3,1,411,2022m1,2,910,1,1,8,1,300,2,3,4,,2024-04-17 20:11
203089,20308901,25,2022,65,2,2,561,2015m1,4,441,2,2,8,2,800,,2,4,,2024-04-17 20:11
203089,20308902,25,2022,62,3,1,492,2005m1,1,873,1,2,8,1,250,1,2,4,,2024-04-17 20:11
203091,20309101,25,2022,46,6,1,681,2005m1,1,141,1,2,8,1,670,1,2,3,,2024-04-17 20:11
203091,20309102,25,2022,46,6,1,861,2019m1,1,243,1,2,8,2,670,1,2,3,,2024-04-17 20:11
203091,20309103,25,2022,15,2,,,,,,,1,8,2,,,,2,,2024-04-17 20:11
203091,20309106,25,2022,73,2,,,,,,,3,8,2,,,,3,,2024-04-17 20:11
203092,20309201,25,2022,59,6,2,856,2010m1,4,254,2,1,8,2,200,,2,3,,2024-04-17 20:11
203092,20309202,25,2022,88,3,,,,,,,3,8,2,,,,3,,2024-04-17 20:11
203093,20309301,25,2022,80,2,,,,,,,3,8,2,,,,4,,2024-04-17 20:11
203094,20309401,25,2022,53,3,1,351,2000m1,1,312,1,2,8,1,400,1,3,3,,2024-04-17 20:11
203094,20309402,25,2022,50,3,1,475,2019m10,1,521,1,2,8,2,300,2,3,3,,2024-04-17 20:11
203094,20309403,25,2022,22,4,,,,,,,1,8,2,,,,3,,2024-04-17 20:11
203094,20309404,25,2022,19,4,,,,,,,1,8,2,,,,3,,2024-04-17 20:11
203095,20309501,25,2022,54,3,1,478,2021m1,1,314,1,2,8,1,330,1,3,3,,2024-04-17 20:11
203095,20309502,25,2022,51,3,1,872,2021m3,1,421,1,2,8,2,70,2,3,3,,2024-04-17 20:11
203095,20309503,25,2022,26,4,,,,,,,1,8,1,,,,3,,2024-04-17 20:11
203096,20309601,25,2022,63,2,2,467,2005m1,4,521,2,2,8,1,200,,3,3,,2024-04-17 20:11
203096,20309602,25,2022,60,3,3,467,2010m1,5,941,2,2,8,2,,,3,3,,2024-04-17 20:11
203097,20309701,25,2022,65,3,1,411,2019m1,3,910,1,2,8,1,100,2,3,3,,2024-04-17 20:11
203097,20309702,25,2022,60,3,1,871,2005m3,1,421,1,2,8,2,240,1,3,3,,2024-04-17 20:11
203097,20309703,25,2022,34,6,1,872,2018m1,1,245,1,1,8,2,250,1,2,3,,2024-04-17 20:11
203098,20309801,25,2022,31,6,1,261,2016m1,1,234,1,2,8,1,670,1,2,3,,2024-04-17 20:11
203098,20309802,25,2022,30,5,,,,,,,2,8,2,,,,3,,2024-04-17 20:11
203099,20309901,25,2022,47,6,1,303,2001m3,1,312,1,2,8,1,350,1,2,3,,2024-04-17 20:11
203099,20309902,25,2022,46,3,1,285,2021m1,1,864,1,2,8,2,230,1,3,3,,2024-04-17 20:11
203099,20309903,25,2022,18,2,,,,,,,1,8,2,,,,3,,2024-04-17 20:11
203099,20309904,25,2022,16,2,,,,,,,1,8,2,,,,3,,2024-04-17 20:11
203100,20310001,25,2022,40,6,1,466,2009m1,1,510,1,2,8,1,350,1,2,3,,2024-04-17 20:11
203100,20310002,25,2022,41,6,,,,,,,2,8,2,,,,3,,2024-04-17 20:11
203102,20310201,25,2022,52,3,1,302,1994m1,1,235,1,2,8,1,500,1,2,3,,2024-04-17 20:11
203102,20310202,25,2022,50,3,,,,,,,2,8,2,,,,3,,2024-04-17 20:11
203102,20310203,25,2022,22,4,,,,,,,1,8,2,,,,3,,2024-04-17 20:11
203103,20310301,25,2022,80,2,,,,,,,2,8,1,,,,3,,2024-04-17 20:11
203103,20310302,25,2022,84,2,,,,,,,2,8,2,,,,3,,2024-04-17 20:11
203104,20310401,25,2022,82,2,2,11,1970m1,4,611,2,2,8,1,50,,3,3,,2024-04-17 20:11
203104,20310402,25,2022,75,2,,,,,,,2,8,2,,,,3,,2024-04-17 20:11
203105,20310501,25,2022,61,3,2,11,1985m1,4,611,2,2,8,1,400,,2,3,,2024-04-17 20:11
203105,20310502,25,2022,58,3,,,,,,,2,8,2,,,,3,,2024-04-17 20:11
203106,20310601,25,2022,60,3,1,161,1992m1,1,891,1,2,8,1,210,1,3,3,,2024-04-17 20:11
203106,20310602,25,2022,88,2,,,,,,,3,8,2,,,,3,,2024-04-17 20:11
203106,20310603,25,2022,29,3,2,161,2015m1,4,891,2,1,8,1,300,,3,3,,2024-04-17 20:11
203107,20310701,25,2022,73,2,2,11,2000m1,4,611,2,3,8,2,150,,2,3,,2024-04-17 20:11
203109,20310901,25,2022,85,2,,,,,,,2,8,1,,,,3,,2024-04-17 20:11
203109,20310902,25,2022,81,2,,,,,,,2,8,2,,,,3,,2024-04-17 20:11
203110,20311001,25,2022,42,3,1,521,2005m1,1,312,1,1,8,1,200,1,3,4,,2024-04-17 20:11
203110,20311002,25,2022,65,2,1,742,2021m1,1,941,1,3,8,2,150,1,3,4,,2024-04-17 20:11
203111,20311101,25,2022,53,6,2,855,1993m1,4,254,2,2,8,2,300,,2,3,,2024-04-17 20:11
203111,20311102,25,2022,54,6,2,855,1993m1,4,254,2,2,8,1,250,,2,3,,2024-04-17 20:11
203111,20311103,25,2022,28,6,,,,,,,1,8,1,,,,3,,2024-04-17 20:11
203112,20311201,25,2022,47,3,1,682,1998m10,1,862,1,2,8,1,300,1,2,4,,2024-04-17 20:11
203112,20311202,25,2022,44,3,1,262,2010m1,1,313,1,2,8,2,200,1,2,4,,2024-04-17 20:11
203113,20311301,25,2022,49,3,1,301,2000m1,1,854,1,2,8,1,1000,1,2,3,,2024-04-17 20:11
203113,20311302,25,2022,45,6,,,,,,,2,8,2,,,,3,,2024-04-17 20:11
203113,20311304,25,2022,19,4,,,,,,,1,8,1,,,,3,,2024-04-17 20:11
203113,20311305,25,2022,15,2,,,,,,,1,8,2,,,,3,,2024-04-17 20:11
203114,20311402,25,2022,57,6,,,,,,,2,8,2,,,,5,,2024-04-17 20:11
203115,20311501,25,2022,52,6,1,264,1997m3,1,141,1,2,8,1,800,1,2,3,,2024-04-17 20:11
203115,20311502,25,2022,47,6,,,,,,,2,8,2,,,,3,,2024-04-17 20:11
203115,20311503,25,2022,22,4,,,,,,,1,8,1,,,,3,,2024-04-17 20:11
203115,20311504,25,2022,19,4,,,,,,,1,8,2,,,,3,,2024-04-17 20:11
203116,20311601,25,2022,52,6,1,465,1999m1,1,274,1,2,8,1,875,1,2,3,,2024-04-17 20:11
203116,20311602,25,2022,51,6,,,,,,,2,8,2,,,,3,,2024-04-17 20:11
203116,20311604,25,2022,19,3,,,,,,,1,8,2,,,,3,,2024-04-17 20:11
203117,20311701,25,2022,44,6,1,261,2005m1,1,234,1,2,8,1,780,1,2,3,,2024-04-17 20:11
203117,20311702,25,2022,40,3,,,,,,,2,8,2,,,,3,,2024-04-17 20:11
203118,20311801,25,2022,45,6,1,721,2003m1,1,231,1,2,8,1,1000,1,2,3,,2024-04-17 20:11
203118,20311802,25,2022,43,6,,,,,,,2,8,2,,,,3,,2024-04-17 20:11
203118,20311803,25,2022,15,2,,,,,,,1,8,1,,,,3,,2024-04-17 20:11
203119,20311901,25,2022,44,6,2,290,2017m1,4,851,2,2,8,1,400,,2,3,,2024-04-17 20:11
203119,20311902,25,2022,43,6,,,,,,,2,8,2,,,,4,,2024-04-17 20:11
203120,20312001,25,2022,43,6,1,301,2003m1,1,231,1,2,8,1,750,1,2,3,,2024-04-17 20:11
203120,20312002,25,2022,42,6,,,,,,,2,8,2,,,,3,,2024-04-17 20:11
203121,20312101,25,2022,40,3,1,261,2001m1,1,234,1,2,8,1,1000,1,2,3,,2024-04-17 20:11
203121,20312102,25,2022,40,3,,,,,,,2,8,2,,,,3,,2024-04-17 20:11
203122,20312201,25,2022,51,6,1,,1997m1,1,312,1,2,8,1,300,1,2,3,,2024-04-17 20:11
203122,20312202,25,2022,51,5,1,842,2022m3,3,799,1,2,8,2,61,2,3,3,,2024-04-17 20:11
203122,20312203,25,2022,26,6,1,460,2022m1,1,521,1,1,8,1,200,1,3,3,,2024-04-17 20:11
203122,20312204,25,2022,22,4,,,,,,,1,8,1,,,,3,,2024-04-17 20:11
203123,20312301,25,2022,41,6,1,303,2007m1,1,222,1,2,8,1,850,1,2,3,,2024-04-17 20:11
203123,20312302,25,2022,40,5,,,,,,,2,8,2,,,,3,,2024-04-17 20:11
203124,20312401,25,2022,50,6,1,855,2020m6,1,254,1,2,8,2,300,2,3,3,,2024-04-17 20:11
203124,20312402,25,2022,51,6,2,251,2000m1,4,141,2,2,8,1,500,,2,3,,2024-04-17 20:11
203124,20312403,25,2022,21,4,,,,,,,1,8,1,,,,3,,2024-04-17 20:11
203124,20312404,25,2022,15,2,,,,,,,1,8,2,,,,3,,2024-04-17 20:11
203125,20312501,25,2022,46,3,2,753,2010m1,4,412,2,2,8,1,500,,2,3,,2024-04-17 20:11
203125,20312502,25,2022,41,3,2,463,2014m1,4,521,2,2,8,2,300,,2,3,,2024-04-17 20:11
203125,20312503,25,2022,15,2,,,,,,,1,8,2,,,,3,,2024-04-17 20:11
203126,20312601,25,2022,69,2,,,,,,,2,8,2,,,,4,,2024-04-17 20:11
203127,20312701,25,2022,45,3,1,742,2000m3,1,799,1,2,8,1,400,1,2,4,,2024-04-17 20:11
203127,20312702,25,2022,42,6,,,,,,,2,8,2,,,,4,,2024-04-17 20:11
203128,20312801,25,2022,46,6,1,261,2011m3,1,234,1,2,8,1,840,1,2,2,,2024-04-17 20:11
203128,20312802,25,2022,46,6,,,,,,,2,8,2,,,,3,,2024-04-17 20:11
203128,20312803,25,2022,15,2,,,,,,,1,8,1,,,,3,,2024-04-17 20:11
203129,20312901,25,2022,67,2,,,,,,,2,8,1,,,,4,,2024-04-17 20:11
203129,20312902,25,2022,66,2,,,,,,,2,8,2,,,,4,,2024-04-17 20:11
203131,20313101,25,2022,74,3,,,,,,,2,8,1,,,,4,,2024-04-17 20:11
203131,20313102,25,2022,72,3,,,,,,,2,8,2,,,,4,,2024-04-17 20:11
203132,20313201,25,2022,41,6,1,292,2001m1,1,854,1,2,8,1,450,1,2,3,,2024-04-17 20:11
203132,20313202,25,2022,39,3,1,561,2020m1,2,952,1,2,8,2,110,2,3,3,,2024-04-17 20:11
203133,20313301,25,2022,51,6,1,107,2018m1,1,922,1,2,8,1,320,1,3,4,,2024-04-17 20:11
203133,20313302,25,2022,47,3,,,,,,,2,8,2,,,,4,,2024-04-17 20:11
203133,20313303,25,2022,21,5,1,471,2020m11,1,521,1,1,8,2,200,2,3,4,,2024-04-17 20:11
203133,20313304,25,2022,15,2,,,,,,,1,8,1,,,,4,,2024-04-17 20:11
203135,20313501,25,2022,39,6,,,,,,,2,8,2,,,,3,,2024-04-17 20:11
203135,20313502,25,2022,42,6,1,752,2012m3,1,873,1,2,8,1,550,1,2,3,,2024-04-17 20:11
203136,20313601,25,2022,49,3,2,911,,4,432,2,2,8,2,300,,3,5,,2024-04-17 20:11
203137,20313701,25,2022,55,3,1,682,2005m8,1,783,1,2,5,1,314,1,3,4,,2024-04-17 20:11
203137,20313702,25,2022,51,5,1,872,2015m2,1,247,1,2,5,2,245,1,2,4,,2024-04-17 20:11
203137,20313703,25,2022,18,2,,,,,,,1,5,1,,,,4,,2024-04-17 20:11
203138,20313801,25,2022,83,1,,,,,,,3,5,2,,,,5,,2024-04-17 20:11
203139,20313902,25,2022,33,6,2,733,2016m3,4,284,2,3,5,2,500,,3,5,,2024-04-17 20:11
203140,20314003,25,2022,62,2,1,682,2019m12,1,941,1,3,5,2,122,2,3,5,,2024-04-17 20:11
203141,20314101,25,2022,47,3,1,741,2007m2,1,753,1,1,5,1,306,2,3,5,,2024-04-17 20:11
203142,20314201,25,2022,41,4,1,464,2006m6,1,312,1,2,5,1,270,1,3,5,,2024-04-17 20:11
203142,20314202,25,2022,41,6,1,842,2020m10,1,311,1,2,5,2,196,2,3,5,,2024-04-17 20:11
203143,20314302,25,2022,66,2,,,,,,,2,5,2,,,,5,,2024-04-17 20:11
203143,20314303,25,2022,72,2,,,,,,,2,5,1,,,,5,,2024-04-17 20:11
203144,20314401,25,2022,87,2,,,,,,,3,8,2,,,,6,,2024-04-17 20:11
203146,20314601,25,2022,72,3,,,,,,,2,8,1,,,,5,,2024-04-17 20:11
203146,20314602,25,2022,63,3,,,,,,,2,8,2,,,,5,,2024-04-17 20:11
203147,20314701,25,2022,65,3,,,,,,,3,8,2,,,,5,,2024-04-17 20:11
203152,20315201,25,2022,62,3,,,,,,,3,8,2,,,,4,,2024-04-17 20:11
203153,20315301,25,2022,64,6,,,,,,,3,8,2,,,,4,,2024-04-17 20:11
203153,20315302,25,2022,37,6,1,292,2022m1,1,312,1,1,8,1,300,1,3,5,,2024-04-17 20:11
203154,20315402,25,2022,48,5,1,872,2017m5,2,247,1,3,8,2,100,2,3,5,,2024-04-17 20:11
203154,20315403,25,2022,16,2,,,,,,,1,8,1,,,,5,,2024-04-17 20:11
203156,20315601,25,2022,37,6,,,,,,,2,8,1,,,,4,,2024-04-17 20:11
203156,20315602,25,2022,38,6,1,872,2022m1,1,247,1,2,8,2,150,1,3,4,,2024-04-17 20:11
203157,20315701,25,2022,29,6,1,844,2020m12,1,411,1,1,5,1,290,1,2,5,,2024-04-17 20:11
203159,20315902,25,2022,45,6,,,,,,,2,8,2,,,,4,,2024-04-17 20:11
203160,20316001,25,2022,56,3,,,,,,,2,8,2,,,,5,,2024-04-17 20:11
203160,20316002,25,2022,57,5,,,,,,,2,8,1,,,,5,,2024-04-17 20:11
203162,20316201,25,2022,71,2,2,961,1988m2,4,422,2,2,8,1,80,,3,5,,2024-04-17 20:11
203162,20316202,25,2022,64,2,,,,,,,2,8,2,,,,5,,2024-04-17 20:11
210284,20316204,25,2022,36,5,1,861,2020m9,1,312,1,1,8,1,250,1,3,5,,2024-04-17 20:11
203165,20316501,25,2022,53,3,2,426,1994m3,4,875,2,2,8,1,1000,,2,5,,2024-04-17 20:11
203165,20316502,25,2022,53,3,1,861,2021m12,1,246,1,2,8,2,215,1,3,4,,2024-04-17 20:11
203165,20316503,25,2022,21,3,,,,,,,1,8,2,,,,4,,2024-04-17 20:11
203165,20316504,25,2022,19,4,,,,,,,1,8,1,,,,4,,2024-04-17 20:11
203166,20316601,25,2022,75,3,,,,,,,2,8,1,,,,5,,2024-04-17 20:11
203166,20316602,25,2022,67,3,1,871,2020m11,1,421,1,2,8,2,200,2,3,5,,2024-04-17 20:11
203167,20316701,25,2022,75,2,,,,,,,3,8,1,,,,6,,2024-04-17 20:11
203168,20316801,25,2022,70,3,1,492,2021m5,2,873,1,3,8,2,200,2,3,5,,2024-04-17 20:11
203168,20316802,25,2022,89,3,,,,,,,3,8,2,,,,5,,2024-04-17 20:11
203169,20316901,25,2022,77,3,,,,,,,2,8,1,,,,5,,2024-04-17 20:11
203169,20316902,25,2022,80,3,,,,,,,2,8,2,,,,5,,2024-04-17 20:11
203171,20317102,25,2022,43,3,,,,,,,1,8,1,,,,5,,2024-04-17 20:11
203172,20317202,25,2022,83,2,,,,,,,3,8,2,,,,5,,2024-04-17 20:11
203172,20317203,25,2022,55,6,,,,,,,3,8,1,,,,6,,2024-04-17 20:11
203175,20317501,25,2022,53,5,1,423,2009m5,1,312,1,2,8,1,420,1,3,5,,2024-04-17 20:11
203175,20317502,25,2022,49,6,1,872,2014m4,1,247,1,2,8,2,210,1,3,5,,2024-04-17 20:11
203175,20317503,25,2022,18,2,,,,,,,1,8,1,,,,5,,2024-04-17 20:11
203176,20317601,25,2022,43,6,1,212,2010m1,1,274,1,2,8,1,430,1,3,5,,2024-04-17 20:11
203176,20317602,25,2022,41,5,,,,,,,2,8,2,,,,5,,2024-04-17 20:11
203177,20317701,25,2022,44,3,1,,2015m11,1,312,1,2,8,1,310,1,3,5,,2024-04-17 20:11
203177,20317702,25,2022,44,3,,,,,,,2,8,2,,,,5,,2024-04-17 20:11
203177,20317703,25,2022,15,2,,,,,,,1,8,1,,,,6,,2024-04-17 20:11
203178,20317801,25,2022,48,3,,,,,,,1,8,1,,,,5,,2024-04-17 20:11
210096,20317802,25,2022,48,3,,,,,,,1,8,1,,,,6,,2024-04-17 20:11
203179,20317901,25,2022,79,2,,,,,,,2,8,2,,,,4,,2024-04-17 20:11
203179,20317902,25,2022,80,2,,,,,,,2,8,1,,,,4,,2024-04-17 20:11
203180,20318001,25,2022,58,3,1,320,2022m6,1,782,1,1,8,1,280,1,2,5,,2024-04-17 20:11
203182,20318202,25,2022,82,2,,,,,,,3,8,2,,,,6,,2024-04-17 20:11
203182,20318203,25,2022,61,3,1,872,2018m4,2,421,1,3,8,2,30,2,4,6,,2024-04-17 20:11
203183,20318301,25,2022,79,3,,,,,,,3,8,1,,,,6,,2024-04-17 20:11
203187,20318701,25,2022,68,2,,,,,,,3,8,2,,,,5,,2024-04-17 20:11
203188,20318801,25,2022,40,6,1,872,2019m4,1,312,1,2,8,1,560,1,2,4,,2024-04-17 20:11
203188,20318802,25,2022,38,6,1,911,2021m1,1,286,1,2,8,2,245,1,2,5,,2024-04-17 20:11
203189,20318901,25,2022,39,3,1,259,2021m4,1,312,1,2,8,1,290,1,3,5,,2024-04-17 20:11
203189,20318902,25,2022,37,5,1,861,2007m3,1,243,1,2,8,2,340,1,2,5,,2024-04-17 20:11
203191,20319101,25,2022,47,6,1,285,2015m3,1,312,1,1,8,1,500,1,2,4,,2024-04-17 20:11
203192,20319201,25,2022,40,3,2,472,2020m10,4,521,2,2,8,1,500,,2,4,,2024-04-17 20:11
203192,20319202,25,2022,38,3,,,,,,,2,8,2,,,,5,,2024-04-17 20:11
203193,20319301,25,2022,87,2,,,,,,,3,5,2,,,,4,,2024-04-17 20:11
203194,20319401,25,2022,86,2,,,,,,,2,5,1,,,,6,,2024-04-17 20:11
203194,20319402,25,2022,85,1,,,,,,,2,5,2,,,,5,,2024-04-17 20:11
203195,20319501,25,2022,53,3,1,411,2013m4,3,910,1,2,5,1,250,2,3,5,,2024-04-17 20:11
203195,20319502,25,2022,52,3,,,,,,,2,5,2,,,,5,,2024-04-17 20:11
203195,20319503,25,2022,29,5,1,303,2021m6,1,922,1,1,5,1,208,1,3,4,,2024-04-17 20:11
203195,20319504,25,2022,30,3,1,711,2022m5,1,330,1,1,5,2,218,1,2,5,,2024-04-17 20:11
203196,20319601,25,2022,34,6,2,855,2017m9,4,254,2,2,5,2,300,,2,4,,2024-04-17 20:11
203196,20319602,25,2022,37,6,1,582,2018m4,1,312,1,2,5,1,319,1,3,4,,2024-04-17 20:11
203197,20319701,25,2022,70,2,,,,,,,2,5,1,,,,5,,2024-04-17 20:11
203197,20319702,25,2022,68,2,1,872,2022m2,2,421,1,2,5,2,64,2,3,5,,2024-04-17 20:11
203198,20319801,25,2022,54,5,2,11,2021m9,4,611,2,2,5,1,170,,1,4,,2024-04-17 20:11
203198,20319802,25,2022,51,3,,,,,,,2,5,2,,,,4,,2024-04-17 20:11
203198,20319803,25,2022,27,5,,,,,,,1,5,1,,,,4,,2024-04-17 20:11
203198,20319804,25,2022,24,3,1,562,2022m3,2,441,1,1,5,2,60,2,2,4,,2024-04-17 20:11
203199,20319901,25,2022,70,3,2,492,2019m10,4,873,2,2,5,1,150,,3,4,,2024-04-17 20:11
203199,20319902,25,2022,66,2,,,,,,,2,5,2,,,,4,,2024-04-17 20:11
203200,20320001,25,2022,53,3,1,853,2016m7,1,941,1,3,5,2,198,1,2,4,,2024-04-17 20:11
203200,20320002,25,2022,27,3,1,862,2018m4,1,392,1,1,5,2,188,1,3,5,,2024-04-17 20:11
203200,20320003,25,2022,20,4,,,,,,,1,5,2,,,,5,,2024-04-17 20:11
203201,20320101,25,2022,37,5,1,529,2019m3,1,753,1,2,5,1,317,1,4,4,,2024-04-17 20:11
203201,20320102,25,2022,38,6,1,851,2007m3,1,252,1,2,5,2,375,1,2,4,,2024-04-17 20:11
203202,20320201,25,2022,61,6,1,711,2005m6,1,330,1,1,5,1,292,1,3,4,,2024-04-17 20:11
203203,20320301,25,2022,50,3,1,426,1997m3,2,875,1,2,5,1,236,2,4,5,,2024-04-17 20:11
203203,20320302,25,2022,47,5,1,872,2018m11,1,441,1,2,5,2,202,1,3,5,,2024-04-17 20:11
203203,20320303,25,2022,23,5,1,872,2021m3,1,247,1,1,5,2,209,1,3,4,,2024-04-17 20:11
203203,20320304,25,2022,20,4,,,,,,,1,5,2,,,,4,,2024-04-17 20:11
203204,20320401,25,2022,65,2,2,467,2007m10,4,941,2,1,5,1,50,,4,5,,2024-04-17 20:11
203205,20320501,25,2022,65,3,2,721,1997m3,4,239,2,2,5,1,300,,2,4,,2024-04-17 20:11
203205,20320502,25,2022,61,3,,,,,,,2,5,2,,,,4,,2024-04-17 20:11
203205,20320503,25,2022,34,6,1,292,2014m9,1,312,1,1,5,1,355,1,3,4,,2024-04-17 20:11
203205,20320504,25,2022,28,5,1,411,2020m5,1,312,1,1,5,2,255,1,3,4,,2024-04-17 20:11
203206,20320601,25,2022,85,2,,,,,,,3,5,2,,,,4,,2024-04-17 20:11
203207,20320701,25,2022,75,2,,,,,,,3,5,2,,,,5,,2024-04-17 20:11
203208,20320801,25,2022,48,6,1,872,2011m2,1,247,1,3,5,2,301,1,3,4,,2024-04-17 20:11
203208,20320802,25,2022,79,2,,,,,,,3,5,2,,,,4,,2024-04-17 20:11
203208,20320803,25,2022,18,2,,,,,,,1,5,2,,,,4,,2024-04-17 20:11
203209,20320901,25,2022,81,1,,,,,,,3,5,2,,,,3,,2024-04-17 20:11
203210,20321001,25,2022,35,5,1,107,2015m2,1,819,1,3,8,1,350,1,3,5,,2024-04-17 20:11
210182,20321002,25,2022,30,5,1,862,2020m6,1,246,1,3,8,2,200,1,3,5,,2024-04-17 20:11
203211,20321101,25,2022,67,5,1,682,2022m4,1,312,1,2,8,1,410,2,2,5,,2024-04-17 20:11
203211,20321102,25,2022,63,3,1,681,2020m1,1,312,1,2,8,2,360,2,3,5,,2024-04-17 20:11
210183,20321103,25,2022,32,6,1,682,2019m6,1,312,1,2,8,1,400,1,2,4,,2024-04-17 20:11
203212,20321201,25,2022,55,6,1,949,2021m7,1,248,1,2,8,1,100,1,3,5,,2024-04-17 20:11
203212,20321202,25,2022,54,6,,,,,,,2,8,2,,,,5,,2024-04-17 20:11
203212,20321203,25,2022,29,4,2,732,2019m6,4,285,2,1,8,2,375,,2,4,,2024-04-17 20:11
203213,20321301,25,2022,39,6,1,561,2022m5,2,442,1,2,8,2,40,2,3,5,,2024-04-17 20:11
203213,20321305,25,2022,46,6,1,949,2022m3,1,312,1,2,8,1,188,1,2,5,,2024-04-17 20:11
203214,20321401,25,2022,67,4,,,,,,,3,5,2,,,,5,,2024-04-17 20:11
203216,20321601,25,2022,71,3,1,641,1998m3,1,941,1,3,5,2,79,1,3,4,,2024-04-17 20:11
203217,20321701,25,2022,77,3,,,,,,,2,5,1,,,,5,,2024-04-17 20:11
203218,20321802,25,2022,40,6,1,861,2021m1,1,399,1,2,5,2,290,1,2,3,,2024-04-17 20:11
203220,20322001,25,2022,53,5,1,411,2020m10,2,783,1,1,5,1,262,2,4,5,,2024-04-17 20:11
203221,20322101,25,2022,68,2,1,751,2013m4,3,910,1,3,5,2,130,2,3,5,,2024-04-17 20:11
203221,20322102,25,2022,32,3,1,471,2021m2,2,521,1,1,5,1,92,2,4,6,,2024-04-17 20:11
203222,20322201,25,2022,51,6,1,841,1996m4,1,311,1,2,5,2,472,1,2,4,,2024-04-17 20:11
203223,20322301,25,2022,48,5,1,861,2021m12,1,244,1,3,5,2,244,1,3,5,,2024-04-17 20:11
203223,20322302,25,2022,25,6,,,,,,,1,5,1,,,,4,,2024-04-17 20:11
203223,20322303,25,2022,23,4,1,561,2022m6,2,521,1,1,5,2,70,2,2,5,,2024-04-17 20:11
203224,20322401,25,2022,73,2,,,,,,,2,5,2,,,,4,,2024-04-17 20:11
203225,20322501,25,2022,62,2,2,479,2013m6,4,532,2,3,5,2,50,,4,6,,2024-04-17 20:11
203226,20322601,25,2022,40,3,1,961,2021m7,1,941,1,3,5,2,80,2,3,6,,2024-04-17 20:11
203227,20322701,25,2022,39,6,1,949,2019m1,1,248,1,2,9,1,200,1,2,4,,2024-04-17 20:11
203227,20322702,25,2022,38,6,,,,,,,2,9,2,,,,4,,2024-04-17 20:11
203228,20322801,25,2022,78,2,,,,,,,2,1,1,,,,5,,2024-04-17 20:11
203228,20322802,25,2022,67,2,1,970,2000m1,3,951,1,2,1,2,80,2,3,5,,2024-04-17 20:11
203230,20323001,25,2022,37,6,2,715,2021m1,4,271,2,1,8,1,100,,3,3,,2024-04-17 20:11
203231,20323101,25,2022,75,2,,,,,,,3,1,1,,,,6,,2024-04-17 20:11
203231,20323103,25,2022,47,6,1,662,2022m2,2,320,1,1,1,2,198,2,2,6,,2024-04-17 20:11
203232,20323201,25,2022,82,1,,,,,,,3,8,2,,,,4,,2024-04-17 20:11
203232,20323202,25,2022,55,3,2,561,2020m2,4,441,2,1,8,2,150,,3,4,,2024-04-17 20:11
203234,20323401,25,2022,54,2,,,,,,,1,1,1,,,,6,,2024-04-17 20:11
203235,20323501,25,2022,61,2,1,841,2021m7,2,941,1,3,1,1,43,2,4,6,,2024-04-17 20:11
203238,20323801,25,2022,54,2,,,,,,,3,1,2,,,,6,,2024-04-17 20:11
203240,20324002,25,2022,73,2,,,,,,,2,1,2,,,,4,,2024-04-17 20:11
203242,20324201,25,2022,58,2,,,,,,,3,1,1,,,,5,,2024-04-17 20:11
203242,20324202,25,2022,26,3,1,551,2021m2,2,432,1,1,1,2,200,2,3,4,,2024-04-17 20:11
203242,20324203,25,2022,23,4,1,561,2021m8,2,952,1,1,1,1,190,2,3,4,,2024-04-17 20:11
203243,20324302,25,2022,66,2,1,493,1999m3,3,921,1,3,1,2,100,2,3,4,,2024-04-17 20:11
210184,20324303,25,2022,38,5,1,471,2022m1,1,922,1,2,1,1,250,2,3,5,,2024-04-17 20:11
203246,20324601,25,2022,58,6,1,855,1990m3,1,254,1,1,1,2,525,1,2,4,,2024-04-17 20:11
203247,20324701,25,2022,84,3,,,,,,,3,1,2,,,,4,,2024-04-17 20:11
203249,20324901,25,2022,77,2,,,,,,,3,1,2,,,,6,,2024-04-17 20:11
210097,20324902,25,2022,66,3,,,,,,,1,1,1,,,,6,,2024-04-17 20:11
203250,20325001,25,2022,73,2,,,,,,,2,1,1,,,,6,,2024-04-17 20:11
203250,20325002,25,2022,82,2,,,,,,,2,1,2,,,,5,,2024-04-17 20:11
203251,20325104,25,2022,23,4,1,561,2019m9,2,952,1,1,1,2,80,2,3,5,,2024-04-17 20:11
203252,20325201,25,2022,68,2,,,,,,,2,1,2,,,,5,,2024-04-17 20:11
203252,20325203,25,2022,75,2,,,,,,,2,1,1,,,,5,,2024-04-17 20:11
203254,20325401,25,2022,78,1,,,,,,,3,1,2,,,,6,,2024-04-17 20:11
203256,20325601,25,2022,47,5,1,281,2001m3,1,312,1,2,1,1,450,1,2,4,,2024-04-17 20:11
203256,20325602,25,2022,48,5,1,854,2012m8,1,421,1,2,1,2,240,1,2,4,,2024-04-17 20:11
203256,20325603,25,2022,18,2,,,,,,,1,1,2,,,,5,,2024-04-17 20:11
203256,20325604,25,2022,16,2,,,,,,,1,1,2,,,,5,,2024-04-17 20:11
203257,20325701,25,2022,58,3,1,,2018m3,2,,1,2,10,1,200,2,3,6,,2024-04-17 20:11
203257,20325702,25,2022,58,3,2,969,2021m3,4,421,2,2,10,2,30,,4,6,,2024-04-17 20:11
203259,20325901,25,2022,30,6,2,901,2021m3,4,283,2,1,1,1,150,,3,4,,2024-04-17 20:11
203260,20326001,25,2022,59,3,,,,,,,2,1,1,,,,5,,2024-04-17 20:11
203260,20326002,25,2022,47,,1,561,2021m9,3,442,1,2,1,2,200,2,3,5,,2024-04-17 20:11
203260,20326003,25,2022,19,4,,,,,,,1,1,1,,,,5,,2024-04-17 20:11
203261,20326101,25,2022,68,2,,,,,,,2,1,2,,,,5,,2024-04-17 20:11
203261,20326102,25,2022,69,2,,,,,,,2,1,1,,,,5,,2024-04-17 20:11
203261,20326103,25,2022,42,3,2,473,2016m9,4,521,2,2,1,1,200,,3,5,,2024-04-17 20:11
203261,20326105,25,2022,18,2,,,,,,,1,1,2,,,,5,,2024-04-17 20:11
203261,20326106,25,2022,16,2,,,,,,,1,1,1,,,,5,,2024-04-17 20:11
203262,20326201,25,2022,71,3,,,,,,,2,1,1,,,,5,,2024-04-17 20:11
203262,20326202,25,2022,60,2,,,,,,,2,1,2,,,,5,,2024-04-17 20:11
203266,20326601,25,2022,74,2,2,492,1989m3,4,873,2,2,1,1,200,,3,4,,2024-04-17 20:11
203266,20326602,25,2022,72,2,,,,,,,2,1,2,,,,5,,2024-04-17 20:11
203267,20326701,25,2022,80,3,1,682,2008m3,2,942,1,2,1,1,105,2,3,5,,2024-04-17 20:11
203267,20326702,25,2022,80,2,,,,,,,2,1,2,,,,5,,2024-04-17 20:11
203268,20326801,25,2022,86,1,,,,,,,3,1,2,,,,5,,2024-04-17 20:11
203269,20326901,25,2022,49,6,1,424,2021m1,1,783,1,2,1,1,350,1,3,5,,2024-04-17 20:11
203269,20326903,25,2022,17,2,,,,,,,1,1,1,,,,6,,2024-04-17 20:11
203270,20327002,25,2022,82,2,,,,,,,3,1,2,,,,5,,2024-04-17 20:11
203272,20327201,25,2022,41,6,1,141,2021m11,1,313,1,2,1,1,400,1,3,5,,2024-04-17 20:11
203272,20327202,25,2022,41,2,1,141,2018m12,3,721,1,2,1,2,200,2,3,5,,2024-04-17 20:11
203274,20327401,25,2022,82,3,,,,,,,2,1,1,,,,3,,2024-04-17 20:11
203274,20327402,25,2022,75,6,2,856,2000m1,4,254,2,2,1,2,100,,1,3,,2024-04-17 20:11
203274,20327405,25,2022,17,2,,,,,,,1,1,1,,,,4,,2024-04-17 20:11
203276,20327602,25,2022,60,2,1,561,2020m1,3,442,1,3,1,2,30,2,4,5,,2024-04-17 20:11
203278,20327801,25,2022,63,2,2,561,2020m10,4,441,2,2,1,1,200,,2,5,,2024-04-17 20:11
203278,20327802,25,2022,46,2,3,561,2020m10,5,441,2,2,1,2,,,3,5,,2024-04-17 20:11
203280,20328001,25,2022,45,6,2,561,2014m2,4,441,2,2,1,1,600,,2,4,,2024-04-17 20:11
203280,20328002,25,2022,40,5,,,,,,,2,1,2,,,,5,,2024-04-17 20:11
203281,20328101,25,2022,50,6,1,529,2000m3,1,151,1,2,1,1,400,1,2,4,,2024-04-17 20:11
203281,20328102,25,2022,44,6,1,861,2016m9,1,243,1,2,1,2,350,1,2,3,,2024-04-17 20:11
203281,20328103,25,2022,16,2,,,,,,,1,1,1,,,,5,,2024-04-17 20:11
203282,20328201,25,2022,61,5,1,551,2019m8,1,762,1,1,1,1,230,1,2,5,,2024-04-17 20:11
203283,20328301,25,2022,59,5,1,862,1986m3,1,245,1,1,1,2,350,1,2,4,,2024-04-17 20:11
203284,20328403,25,2022,54,3,1,953,2021m11,2,,1,3,1,2,170,2,3,5,,2024-04-17 20:11
203285,20328502,25,2022,45,6,1,872,2021m10,1,421,1,2,1,2,114,1,2,4,,2024-04-17 20:11
203286,20328601,25,2022,67,3,,,,,,,3,1,2,,,,4,,2024-04-17 20:11
203287,20328701,25,2022,81,3,1,421,2000m1,1,873,1,2,1,1,150,1,3,5,,2024-04-17 20:11
203287,20328702,25,2022,80,2,,,,,,,2,1,2,,,,5,,2024-04-17 20:11
203288,20328801,25,2022,94,1,,,,,,,3,9,2,,,,4,,2024-04-17 20:11
203289,20328902,25,2022,57,3,,,,,,,2,1,2,,,,4,,2024-04-17 20:11
203291,20329102,25,2022,57,3,2,151,2014m10,4,521,2,2,1,2,300,,3,5,,2024-04-17 20:11
203298,20329801,25,2022,86,2,,,,,,,3,1,2,,,,5,,2024-04-17 20:11
203300,20330001,25,2022,32,6,1,861,2021m1,1,312,1,2,1,2,400,1,3,4,,2024-04-17 20:11
203301,20330101,25,2022,52,5,1,464,2012m5,1,312,1,2,5,1,338,1,3,4,,2024-04-17 20:11
203302,20330201,25,2022,62,6,,,,,,,2,8,1,,,,1,,2024-04-17 20:11
203302,20330202,25,2022,60,6,1,861,2018m2,1,243,1,2,8,2,300,2,3,1,,2024-04-17 20:11
203303,20330302,25,2022,78,2,1,682,2018m4,1,941,1,3,8,2,95,2,3,4,,2024-04-17 20:11
203304,20330401,25,2022,44,6,3,561,2018m10,5,521,2,2,8,2,,,3,3,,2024-04-17 20:11
203304,20330402,25,2022,46,6,2,472,2011m5,4,710,2,2,8,1,260,,3,4,,2024-04-17 20:11
203306,20330601,25,2022,78,1,,,,,,,3,5,2,,,,6,,2024-04-17 20:11
203307,20330701,25,2022,58,3,1,562,2018m9,2,284,1,3,5,1,244,2,2,5,,2024-04-17 20:11
203309,20330901,25,2022,80,2,1,841,2021m7,2,941,1,3,5,2,27,2,3,6,,2024-04-17 20:11
203310,20331002,25,2022,40,3,1,969,2017m6,3,442,1,2,8,2,80,2,3,5,,2024-04-17 20:11
203312,20331201,25,2022,75,2,,,,,,,2,1,1,,,,4,,2024-04-17 20:11
203312,20331202,25,2022,70,2,,,,,,,2,1,2,,,,4,,2024-04-17 20:11
203315,20331501,25,2022,28,6,1,561,2020m4,1,710,1,1,1,1,190,1,3,4,,2024-04-17 20:11
203316,20331601,25,2022,29,6,1,739,2018m1,1,223,1,1,1,1,250,1,2,5,,2024-04-17 20:11
203319,20331901,25,2022,36,6,1,620,2019m1,1,222,1,1,1,1,320,1,3,2,,2024-04-17 20:11
203321,20332101,25,2022,42,5,2,259,2018m2,4,743,2,2,1,1,200,,3,4,,2024-04-17 20:11
203321,20332102,25,2022,32,3,1,961,2018m8,1,422,1,2,1,2,200,2,3,4,,2024-04-17 20:11
203321,20332104,25,2022,70,3,,,,,,,3,1,2,,,,4,,2024-04-17 20:11
203322,20332201,25,2022,54,5,1,424,2018m10,1,783,1,2,1,1,450,1,2,4,,2024-04-17 20:11
203322,20332202,25,2022,50,6,,,,,,,2,1,2,,,,4,,2024-04-17 20:11
203322,20332203,25,2022,18,2,,,,,,,1,1,1,,,,4,,2024-04-17 20:11
203322,20332204,25,2022,20,4,,,,,,,1,1,2,,,,4,,2024-04-17 20:11
203323,20332301,25,2022,68,3,,,,,,,2,1,1,,,,5,,2024-04-17 20:11
203323,20332302,25,2022,59,3,1,471,2002m3,1,521,1,2,1,2,210,1,2,4,,2024-04-17 20:11
203323,20332303,25,2022,37,6,,,,,,,1,1,2,,,,4,,2024-04-17 20:11
203323,20332304,25,2022,35,6,1,721,2013m5,1,231,1,1,1,1,250,1,2,4,,2024-04-17 20:11
203324,20332401,25,2022,77,2,1,292,2021m11,1,330,1,3,11,1,150,2,2,4,,2024-04-17 20:11
203325,20332501,25,2022,71,3,,,,,,,2,1,1,,,,5,,2024-04-17 20:11
203325,20332502,25,2022,65,2,1,653,2017m11,1,941,1,2,1,2,170,1,2,4,,2024-04-17 20:11
203326,20332601,25,2022,55,6,1,841,1995m3,1,311,1,2,1,1,550,1,2,4,,2024-04-17 20:11
203326,20332602,25,2022,51,6,,,,,,,2,1,2,,,,4,,2024-04-17 20:11
203326,20332603,25,2022,23,4,,,,,,,1,1,1,,,,4,,2024-04-17 20:11
203326,20332604,25,2022,19,4,,,,,,,1,1,2,,,,4,,2024-04-17 20:11
203327,20332701,25,2022,44,6,1,721,2014m1,1,239,1,2,1,1,400,1,2,4,,2024-04-17 20:11
203327,20332702,25,2022,40,6,,,,,,,2,1,2,,,,4,,2024-04-17 20:11
203329,20332901,25,2022,57,5,1,492,1994m11,1,431,1,2,1,1,500,1,2,4,,2024-04-17 20:11
203329,20332902,25,2022,51,3,1,492,1991m10,1,311,1,2,1,2,480,1,2,5,,2024-04-17 20:11
203329,20332903,25,2022,24,6,,,,,,,1,1,2,,,,4,,2024-04-17 20:11
203329,20332904,25,2022,16,2,,,,,,,1,1,1,,,,4,,2024-04-17 20:11
203330,20333002,25,2022,49,5,1,662,2008m7,1,399,1,2,1,2,340,1,2,4,,2024-04-17 20:11
203330,20333003,25,2022,18,2,,,,,,,1,1,2,,,,4,,2024-04-17 20:11
203330,20333004,25,2022,16,2,,,,,,,1,1,1,,,,4,,2024-04-17 20:11
203331,20333101,25,2022,80,1,,,,,,,3,11,2,,,,6,,2024-04-17 20:11
203332,20333201,25,2022,73,2,,,,,,,2,1,2,,,,4,,2024-04-17 20:11
203332,20333202,25,2022,78,6,,,,,,,2,1,1,,,,4,,2024-04-17 20:11
203333,20333301,25,2022,74,2,,,,,,,2,1,1,,,,5,,2024-04-17 20:11
203333,20333302,25,2022,70,3,,,,,,,2,1,2,,,,5,,2024-04-17 20:11
203334,20333401,25,2022,86,3,,,,,,,2,1,1,,,,5,,2024-04-17 20:11
203334,20333402,25,2022,76,3,,,,,,,2,1,2,,,,5,,2024-04-17 20:11
203335,20333502,25,2022,51,3,3,479,2016m8,5,532,2,2,1,2,,,3,5,,2024-04-17 20:11
203336,20333601,25,2022,74,2,,,,,,,2,1,1,,,,4,,2024-04-17 20:11
203336,20333602,25,2022,71,2,1,681,2018m10,2,941,1,2,1,2,100,2,3,4,,2024-04-17 20:11
203338,20333801,25,2022,62,2,1,853,2020m2,2,941,1,3,1,2,190,2,2,6,,2024-04-17 20:11
203339,20333901,25,2022,75,3,,,,,,,2,8,1,,,,5,,2024-04-17 20:11
203339,20333902,25,2022,73,2,,,,,,,2,8,2,,,,5,,2024-04-17 20:11
203340,20334001,25,2022,64,2,,,,,,,2,1,1,,,,5,,2024-04-17 20:11
203340,20334002,25,2022,63,2,1,681,2018m8,2,941,1,2,1,2,150,2,3,5,,2024-04-17 20:11
203341,20334101,25,2022,72,2,1,911,2019m11,2,941,1,2,1,1,85,2,2,5,,2024-04-17 20:11
203341,20334102,25,2022,68,2,1,561,2017m10,2,441,1,2,1,2,150,2,3,5,,2024-04-17 20:11
203342,20334201,25,2022,35,6,1,222,2012m6,1,832,1,2,1,1,350,1,2,4,,2024-04-17 20:11
203342,20334202,25,2022,35,6,,,,,,,2,1,2,,,,5,,2024-04-17 20:11
203345,20334501,25,2022,72,3,1,681,2022m7,1,942,1,3,1,1,180,2,3,6,,2024-04-17 20:11
203348,20334801,25,2022,76,2,1,841,2021m2,2,941,1,3,1,2,27,2,2,6,,2024-04-17 20:11
203349,20334901,25,2022,81,1,1,841,2021m4,2,941,1,3,1,2,27,2,2,5,,2024-04-17 20:11
203351,20335101,25,2022,60,2,1,141,2015m6,2,721,1,3,1,2,200,2,3,5,,2024-04-17 20:11
203352,20335202,25,2022,79,2,,,,,,,2,5,2,,,,6,,2024-04-17 20:11
203355,20335501,25,2022,78,2,,,,,,,2,5,1,,,,5,,2024-04-17 20:11
203355,20335502,25,2022,71,2,,,,,,,2,5,2,,,,5,,2024-04-17 20:11
203355,20335503,25,2022,50,5,1,582,2016m3,1,222,1,1,5,1,242,1,3,5,,2024-04-17 20:11
203356,20335601,25,2022,65,3,2,953,2001m3,4,722,2,3,5,2,30,,3,6,,2024-04-17 20:11
203357,20335701,25,2022,74,2,1,751,2020m1,2,941,1,2,5,1,125,2,3,5,,2024-04-17 20:11
203357,20335702,25,2022,67,2,1,141,2019m4,2,721,1,2,5,2,100,2,3,5,,2024-04-17 20:11
203358,20335801,25,2022,44,3,1,411,2018m3,1,772,1,2,5,1,480,2,3,4,,2024-04-17 20:11
203358,20335802,25,2022,45,3,1,204,2020m4,1,930,1,2,5,2,210,1,3,5,,2024-04-17 20:11
203358,20335803,25,2022,20,4,,,,,,,1,5,1,,,,4,,2024-04-17 20:11
203358,20335804,25,2022,17,2,,,,,,,1,5,1,,,,5,,2024-04-17 20:11
203359,20335901,25,2022,67,2,1,682,2017m2,1,942,1,2,5,1,210,2,2,5,,2024-04-17 20:11
203359,20335902,25,2022,63,3,,,,,,,2,5,2,,,,5,,2024-04-17 20:11
203360,20336001,25,2022,71,2,,,,,,,3,5,2,,,,5,,2024-04-17 20:11
203360,20336002,25,2022,28,3,1,759,2022m3,1,531,1,1,5,1,200,1,3,5,,2024-04-17 20:11
203361,20336101,25,2022,67,3,,,,,,,2,5,1,,,,5,,2024-04-17 20:11
203361,20336102,25,2022,62,2,,,,,,,2,5,2,,,,5,,2024-04-17 20:11
203362,20336201,25,2022,45,5,2,303,2015m2,4,312,2,2,5,1,700,,3,4,,2024-04-17 20:11
203362,20336202,25,2022,38,3,,,,,,,2,5,2,,,,4,,2024-04-17 20:11
203363,20336301,25,2022,67,2,1,291,2015m3,1,743,1,2,5,1,200,1,3,5,,2024-04-17 20:11
203363,20336302,25,2022,67,2,,,,,,,2,5,2,,,,5,,2024-04-17 20:11
203363,20336303,25,2022,39,5,1,259,2022m1,1,851,1,1,5,1,250,1,3,5,,2024-04-17 20:11
203365,20336501,25,2022,58,2,1,426,2016m3,1,873,1,2,5,1,285,1,3,5,,2024-04-17 20:11
203365,20336502,25,2022,50,3,,,,,,,2,5,2,,,,5,,2024-04-17 20:11
203365,20336503,25,2022,23,3,1,872,2017m9,1,941,1,1,5,1,192,1,2,5,,2024-04-17 20:11
203366,20336602,25,2022,72,2,1,841,2019m3,2,941,1,3,5,1,27,2,3,6,,2024-04-17 20:11
203368,20336801,25,2022,83,2,,,,,,,3,5,2,,,,4,,2024-04-17 20:11
203369,20336901,25,2022,29,6,1,863,2021m8,1,243,1,2,5,2,300,1,3,5,,2024-04-17 20:11
203370,20337001,25,2022,81,2,,,,,,,2,16,1,,,,5,,2024-04-17 20:11
203370,20337002,25,2022,79,2,,,,,,,2,16,2,,,,4,,2024-04-17 20:11
203372,20337201,25,2022,58,2,1,424,2008m5,2,782,1,2,1,1,300,2,3,6,,2024-04-17 20:11
203372,20337202,25,2022,58,2,,,,,,,2,1,2,,,,5,,2024-04-17 20:11
203375,20337501,25,2022,54,3,1,844,1990m11,1,311,1,2,1,1,710,1,2,4,,2024-04-17 20:11
203375,20337502,25,2022,55,3,,,,,,,2,1,2,,,,4,,2024-04-17 20:11
210053,20337503,25,2022,28,5,,,,,,,2,1,2,,,,4,,2024-04-17 20:11
203376,20337601,25,2022,79,3,,,,,,,2,1,1,,,,4,,2024-04-17 20:11
203376,20337602,25,2022,71,2,,,,,,,2,1,2,,,,4,,2024-04-17 20:11
203377,20337701,25,2022,93,2,,,,,,,3,1,2,,,,6,,2024-04-17 20:11
203377,20337702,25,2022,71,2,,,,,,,1,1,1,,,,6,,2024-04-17 20:11
203378,20337801,25,2022,75,6,,,,,,,2,1,1,,,,4,,2024-04-17 20:11
203378,20337802,25,2022,75,3,1,851,2019m3,2,,1,2,1,2,27,2,1,5,,2024-04-17 20:11
203380,20338001,25,2022,72,2,2,290,1986m3,4,841,2,2,1,1,200,,3,4,,2024-04-17 20:11
203380,20338002,25,2022,69,2,,,,,,,2,1,2,,,,3,,2024-04-17 20:11
203381,20338102,25,2022,45,6,,,,,,,2,1,2,,,,4,,2024-04-17 20:11
203382,20338201,25,2022,57,3,1,872,2015m2,1,421,1,3,1,2,180,1,3,5,,2024-04-17 20:11
203383,20338301,25,2022,77,2,,,,,,,2,8,1,,,,5,,2024-04-17 20:11
203383,20338302,25,2022,71,2,,,,,,,2,8,2,,,,5,,2024-04-17 20:11
203384,20338401,25,2022,69,3,2,492,2010m2,4,873,2,2,1,1,200,,3,4,,2024-04-17 20:11
203384,20338402,25,2022,65,3,,,,,,,2,1,2,,,,4,,2024-04-17 20:11
203385,20338501,25,2022,47,6,1,620,2001m2,1,222,1,2,1,1,600,1,2,4,,2024-04-17 20:11
203386,20338601,25,2022,57,6,,,,,,,2,1,1,,,,4,,2024-04-17 20:11
203386,20338602,25,2022,54,6,1,471,2018m11,1,521,1,2,1,2,200,1,3,4,,2024-04-17 20:11
203387,20338701,25,2022,48,6,1,421,2000m3,1,312,1,2,1,1,416,1,3,4,,2024-04-17 20:11
203387,20338702,25,2022,47,6,,,,,,,2,1,2,,,,4,,2024-04-17 20:11
203388,20338801,25,2022,72,2,,,,,,,3,1,1,,,,4,,2024-04-17 20:11
203389,20338901,25,2022,62,2,,,,,,,3,1,2,,,,4,,2024-04-17 20:11
203389,20338902,25,2022,89,2,,,,,,,3,1,2,,,,4,,2024-04-17 20:11
203390,20339001,25,2022,68,2,,,,,,,3,1,2,,,,6,,2024-04-17 20:11
210232,20339002,25,2022,42,5,2,463,2020m1,4,922,2,1,1,1,200,,3,5,,2024-04-17 20:11
210233,20339003,25,2022,36,5,,,,,,,1,1,1,,,,6,,2024-04-17 20:11
203391,20339101,25,2022,66,2,,,,,,,3,1,1,,,,5,,2024-04-17 20:11
203393,20339301,25,2022,50,3,1,751,2018m4,1,992,1,2,1,1,210,1,3,3,,2024-04-17 20:11
203393,20339302,25,2022,49,4,,,,,,,2,1,2,,,,3,,2024-04-17 20:11
203394,20339401,25,2022,47,5,1,204,2014m2,1,224,1,2,1,1,550,1,2,4,,2024-04-17 20:11
203394,20339402,25,2022,43,6,,,,,,,2,1,2,,,,5,,2024-04-17 20:11
203396,20339601,25,2022,70,2,,,,,,,2,5,1,,,,5,,2024-04-17 20:11
203396,20339602,25,2022,63,3,,,,,,,2,5,2,,,,5,,2024-04-17 20:11
203397,20339701,25,2022,68,3,,,,,,,3,11,2,,,,5,,2024-04-17 20:11
203398,20339801,25,2022,37,6,1,701,2012m3,1,235,1,2,5,1,520,1,3,4,,2024-04-17 20:11
203398,20339802,25,2022,39,5,1,212,2004m3,1,312,1,2,5,2,382,1,2,5,,2024-04-17 20:11
203399,20339901,25,2022,43,3,1,291,2010m2,1,854,1,2,5,1,355,1,3,4,,2024-04-17 20:11
203399,20339902,25,2022,40,5,1,841,2019m2,1,412,1,2,5,2,255,1,2,4,,2024-04-17 20:11
203400,20340001,25,2022,77,1,,,,,,,3,5,2,,,,4,,2024-04-17 20:11
203401,20340101,25,2022,79,3,,,,,,,2,5,1,,,,5,,2024-04-17 20:11
203401,20340102,25,2022,70,3,,,,,,,2,5,2,,,,5,,2024-04-17 20:11
203401,20340103,25,2022,48,5,,,,,,,1,5,1,,,,4,,2024-04-17 20:11
203402,20340201,25,2022,55,6,2,479,2012m3,4,531,2,2,5,1,350,,2,5,,2024-04-17 20:11
203402,20340202,25,2022,49,6,,,,,,,2,5,2,,,,5,,2024-04-17 20:11
203402,20340203,25,2022,23,4,,,,,,,1,5,1,,,,4,,2024-04-17 20:11
203402,20340204,25,2022,19,3,,,,,,,1,5,2,,,,4,,2024-04-17 20:11
203403,20340302,25,2022,86,2,,,,,,,3,5,2,,,,5,,2024-04-17 20:11
203404,20340401,25,2022,92,1,,,,,,,3,5,2,,,,5,,2024-04-17 20:11
203405,20340501,25,2022,55,2,1,561,2022m3,1,442,1,3,13,2,260,1,3,5,,2024-04-17 20:11
203405,20340504,25,2022,24,3,1,424,2022m3,3,783,1,1,13,1,170,2,3,5,,2024-04-17 20:11
203406,20340601,25,2022,65,2,1,872,2020m8,1,421,1,3,5,2,70,2,3,5,,2024-04-17 20:11
203407,20340701,25,2022,51,6,2,681,2015m3,4,312,2,2,5,1,620,,3,5,,2024-04-17 20:11
203407,20340702,25,2022,49,6,1,862,2021m6,1,246,1,2,5,2,260,2,3,5,,2024-04-17 20:11
203408,20340801,25,2022,65,3,2,106,1990m2,4,811,2,2,5,1,100,,3,4,,2024-04-17 20:11
203408,20340802,25,2022,59,3,1,651,2014m3,1,510,1,2,5,2,50,1,3,5,,2024-04-17 20:11
203409,20340901,25,2022,68,6,,,,,,,2,5,1,,,,4,,2024-04-17 20:11
203409,20340902,25,2022,63,3,,,,,,,2,5,2,,,,4,,2024-04-17 20:11
203410,20341001,25,2022,54,3,1,303,2013m1,1,841,1,3,5,2,295,1,2,4,,2024-04-17 20:11
203410,20341002,25,2022,31,3,1,494,2015m5,1,922,1,1,5,1,148,2,4,4,,2024-04-17 20:11
203411,20341101,25,2022,60,3,,,,,,,3,5,2,,,,6,,2024-04-17 20:11
203411,20341102,25,2022,32,5,,,,,,,1,5,1,,,,5,,2024-04-17 20:11
203412,20341201,25,2022,40,6,1,843,2002m3,1,980,1,2,5,1,516,1,2,5,,2024-04-17 20:11
203412,20341202,25,2022,41,6,,,,,,,2,5,2,,,,5,,2024-04-17 20:11
203413,20341301,25,2022,68,2,,,,,,,3,5,2,,,,4,,2024-04-17 20:11
203414,20341401,25,2022,64,2,1,969,2022m2,1,421,1,2,5,2,126,1,3,5,,2024-04-17 20:11
203414,20341402,25,2022,73,2,,,,,,,2,5,1,,,,4,,2024-04-17 20:11
203415,20341501,25,2022,72,2,,,,,,,3,5,2,,,,4,,2024-04-17 20:11
203416,20341601,25,2022,50,3,1,411,1995m2,3,782,1,2,5,1,340,2,3,5,,2024-04-17 20:11
203416,20341602,25,2022,55,3,1,262,2015m2,3,930,1,2,5,2,100,2,3,4,,2024-04-17 20:11
203416,20341603,25,2022,24,3,1,561,2017m5,1,952,1,1,5,1,255,1,3,5,,2024-04-17 20:11
203417,20341702,25,2022,42,5,1,855,2021m4,1,254,1,2,5,2,79,2,2,5,,2024-04-17 20:11
203418,20341801,25,2022,68,3,1,411,1977m3,3,792,1,2,5,1,330,2,3,4,,2024-04-17 20:11
203418,20341802,25,2022,63,2,,,,,,,2,5,2,,,,5,,2024-04-17 20:11
203418,20341803,25,2022,39,5,1,181,2020m10,1,753,1,1,5,1,305,1,2,4,,2024-04-17 20:11
210285,20341804,25,2022,38,6,1,332,2019m3,1,312,1,1,5,1,300,1,2,5,,2024-04-17 20:11
203419,20341901,25,2022,67,3,1,181,2021m3,1,892,1,2,5,1,300,2,3,5,,2024-04-17 20:11
203419,20341902,25,2022,62,3,,,,,,,2,5,2,,,,5,,2024-04-17 20:11
203420,20342001,25,2022,63,2,2,493,2010m2,4,873,2,2,5,1,100,,2,6,,2024-04-17 20:11
203420,20342002,25,2022,62,2,1,271,2016m2,1,941,1,2,5,2,89,2,2,3,,2024-04-17 20:11
203421,20342101,25,2022,41,5,1,424,2005m3,1,510,1,2,5,1,490,1,3,5,,2024-04-17 20:11
203421,20342102,25,2022,42,5,,,,,,,2,5,2,,,,4,,2024-04-17 20:11
203422,20342201,25,2022,58,3,,,,,,,2,5,2,,,,4,,2024-04-17 20:11
203422,20342202,25,2022,63,4,2,340,1988m1,4,753,2,2,5,1,320,,3,5,,2024-04-17 20:11
203422,20342203,25,2022,26,4,,,,,,,1,5,1,,,,5,,2024-04-17 20:11
203422,20342204,25,2022,30,4,1,844,2017m7,1,411,1,1,5,2,315,1,3,4,,2024-04-17 20:11
203424,20342401,25,2022,70,2,1,421,2008m10,3,782,1,2,5,1,193,2,3,5,,2024-04-17 20:11
203424,20342402,25,2022,79,1,,,,,,,2,5,2,,,,5,,2024-04-17 20:11
203425,20342501,25,2022,66,2,,,,,,,2,5,1,,,,6,,2024-04-17 20:11
203425,20342502,25,2022,62,2,,,,,,,2,5,2,,,,5,,2024-04-17 20:11
203425,20342503,25,2022,95,1,,,,,,,3,5,2,,,,5,,2024-04-17 20:11
203426,20342601,25,2022,71,2,1,682,2016m2,1,942,1,2,5,1,160,2,3,4,,2024-04-17 20:11
203426,20342602,25,2022,63,3,,,,,,,2,5,2,,,,4,,2024-04-17 20:11
203427,20342701,25,2022,47,5,1,292,2015m10,1,235,1,2,5,1,440,1,3,5,,2024-04-17 20:11
203427,20342702,25,2022,43,5,,,,,,,2,5,2,,,,5,,2024-04-17 20:11
203428,20342801,25,2022,49,5,1,291,1997m3,1,312,1,2,5,1,411,1,3,5,,2024-04-17 20:11
203428,20342802,25,2022,48,3,1,479,,1,532,1,2,5,2,120,2,3,5,,2024-04-17 20:11
203429,20342901,25,2022,51,3,1,259,2013m2,1,851,1,2,5,1,255,1,3,4,,2024-04-17 20:11
203429,20342902,25,2022,50,3,1,259,2019m10,1,854,1,2,5,2,198,1,3,5,,2024-04-17 20:11
203429,20342903,25,2022,19,4,,,,,,,1,5,2,,,,5,,2024-04-17 20:11
203429,20342904,25,2022,17,2,,,,,,,1,5,2,,,,4,,2024-04-17 20:11
203430,20343001,25,2022,63,6,2,493,2010m3,4,873,2,2,5,1,260,,3,4,,2024-04-17 20:11
203430,20343002,25,2022,60,3,1,852,2005m2,1,441,1,2,5,2,255,2,2,4,,2024-04-17 20:11
203430,20343003,25,2022,31,6,1,521,2018m3,1,312,1,1,5,1,315,1,2,4,,2024-04-17 20:11
203430,20343004,25,2022,28,6,1,464,2021m9,2,930,1,1,5,1,208,2,3,4,,2024-04-17 20:11
203431,20343101,25,2022,59,3,1,291,2003m1,1,235,1,2,5,1,350,1,3,4,,2024-04-17 20:11
203431,20343102,25,2022,59,2,1,852,2005m3,1,441,1,2,5,2,215,2,2,4,,2024-04-17 20:11
203431,20343103,25,2022,37,6,1,529,2018m2,1,753,1,1,5,1,310,1,2,4,,2024-04-17 20:11
203432,20343201,25,2022,60,3,1,423,2000m1,1,873,1,2,5,1,295,1,2,5,,2024-04-17 20:11
203432,20343202,25,2022,53,3,2,474,2004m2,4,521,2,2,5,2,100,,3,4,,2024-04-17 20:11
203432,20343203,25,2022,26,5,1,862,2022m4,1,245,1,1,5,2,205,2,3,4,,2024-04-17 20:11
203432,20343204,25,2022,25,6,1,452,2021m4,1,313,1,1,5,2,310,1,2,4,,2024-04-17 20:11
203433,20343301,25,2022,59,3,1,990,2019m3,1,862,1,2,5,1,290,1,2,4,,2024-04-17 20:11
203433,20343302,25,2022,53,3,1,852,2011m3,1,441,1,2,5,2,215,2,2,3,,2024-04-17 20:11
203433,20343303,25,2022,29,5,1,872,2021m9,1,247,1,1,5,2,225,1,3,4,,2024-04-17 20:11
203433,20343304,25,2022,25,5,1,861,2019m4,1,246,1,1,5,2,235,1,2,4,,2024-04-17 20:11
203434,20343401,25,2022,39,6,1,582,2010m3,1,222,1,2,8,1,420,1,3,4,,2024-04-17 20:11
203434,20343402,25,2022,35,6,1,852,2021m8,1,252,1,2,8,2,340,2,2,4,,2024-04-17 20:11
203435,20343502,25,2022,77,2,1,841,2019m3,2,941,1,3,5,2,27,2,3,5,,2024-04-17 20:11
203436,20343601,25,2022,77,2,,,,,,,3,5,2,,,,6,,2024-04-17 20:11
203437,20343701,25,2022,76,2,,,,,,,2,5,2,,,,3,,2024-04-17 20:11
203437,20343702,25,2022,84,3,,,,,,,2,5,1,,,,2,,2024-04-17 20:11
203438,20343801,25,2022,93,2,,,,,,,3,5,2,,,,5,,2024-04-17 20:11
203439,20343901,25,2022,83,2,1,872,2018m3,2,941,1,3,5,2,27,2,3,5,,2024-04-17 20:11
203440,20344001,25,2022,57,2,1,422,2016m2,2,792,1,2,5,1,300,2,3,5,,2024-04-17 20:11
203440,20344002,25,2022,54,2,,,,,,,2,5,2,,,,5,,2024-04-17 20:11
203441,20344101,25,2022,54,5,1,333,1993m2,1,312,1,2,5,1,360,1,3,5,,2024-04-17 20:11
203441,20344102,25,2022,54,3,1,872,2020m10,1,421,1,2,5,2,110,2,3,5,,2024-04-17 20:11
203441,20344103,25,2022,27,6,1,949,2018m9,1,312,1,1,5,2,287,1,3,4,,2024-04-17 20:11
203441,20344104,25,2022,23,6,,,,,,,1,5,2,,,,5,,2024-04-17 20:11
203442,20344201,25,2022,63,3,2,761,2018m5,4,522,2,2,1,1,400,,3,3,,2024-04-17 20:11
203442,20344202,25,2022,63,3,,,,,,,2,1,2,,,,3,,2024-04-17 20:11
203442,20344203,25,2022,30,5,,,,,,,1,1,2,,,,3,,2024-04-17 20:11
203442,20344204,25,2022,29,5,1,856,2017m3,1,312,1,1,1,1,270,1,2,3,,2024-04-17 20:11
203444,20344401,25,2022,69,6,1,949,1995m3,1,248,1,2,1,1,250,2,2,5,,2024-04-17 20:11
203446,20344601,25,2022,71,2,,,,,,,2,8,2,,,,4,,2024-04-17 20:11
203446,20344602,25,2022,63,2,1,422,1990m3,3,743,1,2,8,1,350,2,3,4,,2024-04-17 20:11
203448,20344801,25,2022,42,3,1,493,2021m7,1,873,1,2,8,1,600,2,3,4,,2024-04-17 20:11
203448,20344802,25,2022,40,5,1,285,2020m6,3,930,1,2,8,2,120,2,3,4,,2024-04-17 20:11
203449,20344901,25,2022,77,2,,,,,,,2,5,1,,,,6,,2024-04-17 20:11
203449,20344902,25,2022,75,2,,,,,,,2,5,2,,,,6,,2024-04-17 20:11
203450,20345001,25,2022,70,2,1,872,2017m7,3,421,1,3,8,1,80,2,3,5,,2024-04-17 20:11
203451,20345101,25,2022,39,6,1,241,2014m3,1,841,1,2,8,1,350,1,2,4,,2024-04-17 20:11
203451,20345102,25,2022,37,3,1,511,2014m3,1,312,1,2,8,2,350,1,2,4,,2024-04-17 20:11
203452,20345201,25,2022,53,3,1,202,2019m3,1,832,1,1,8,1,360,1,2,4,,2024-04-17 20:11
203454,20345401,25,2022,45,3,1,715,2013m4,1,312,1,2,8,1,350,1,2,4,,2024-04-17 20:11
203454,20345402,25,2022,45,5,1,493,2022m3,2,921,1,2,8,2,120,2,4,4,,2024-04-17 20:11
203456,20345601,25,2022,43,6,1,292,2004m5,1,235,1,2,8,1,400,1,2,3,,2024-04-17 20:11
203456,20345602,25,2022,38,6,1,291,2021m8,2,314,1,2,8,2,90,2,3,4,,2024-04-17 20:11
203457,20345701,25,2022,50,3,1,423,2020m9,1,762,1,2,8,1,300,1,3,4,,2024-04-17 20:11
203457,20345702,25,2022,50,3,1,961,2021m11,1,422,1,2,8,2,200,1,3,4,,2024-04-17 20:11
203457,20345703,25,2022,22,4,,,,,,,1,8,1,,,,4,,2024-04-17 20:11
203457,20345704,25,2022,15,2,,,,,,,1,8,1,,,,4,,2024-04-17 20:11
203458,20345801,25,2022,70,2,,,,,,,2,5,1,,,,5,,2024-04-17 20:11
203458,20345802,25,2022,67,2,1,872,2012m7,1,421,1,2,5,2,200,2,4,5,,2024-04-17 20:11
203459,20345901,25,2022,63,3,2,476,1983m3,4,521,2,2,5,1,300,,3,4,,2024-04-17 20:11
203459,20345902,25,2022,60,3,3,476,2001m3,5,521,2,2,5,2,,,3,5,,2024-04-17 20:11
203459,20345903,25,2022,35,6,1,841,2019m9,1,311,1,1,5,1,250,1,3,4,,2024-04-17 20:11
203459,20345904,25,2022,86,1,,,,,,,3,5,2,,,,6,,2024-04-17 20:11
203460,20346001,25,2022,80,2,,,,,,,3,8,2,,,,4,,2024-04-17 20:11
203460,20346002,25,2022,57,6,2,11,1990m3,4,611,2,2,8,1,100,,3,4,,2024-04-17 20:11
203460,20346003,25,2022,56,6,1,467,2016m3,1,313,1,2,8,2,240,1,3,4,,2024-04-17 20:11
203460,20346005,25,2022,22,6,,,,,,,1,8,2,,,,4,,2024-04-17 20:11
203461,20346101,25,2022,75,2,2,961,1995m3,4,422,2,3,5,1,30,,4,6,,2024-04-17 20:11
203463,20346301,25,2022,82,2,1,872,2016m3,2,941,1,3,5,2,27,2,2,5,,2024-04-17 20:11
203465,20346501,25,2022,84,2,,,,,,,2,8,1,,,,6,,2024-04-17 20:11
203465,20346502,25,2022,79,2,,,,,,,2,8,2,,,,6,,2024-04-17 20:11
203466,20346601,25,2022,80,1,,,,,,,3,8,2,,,,5,,2024-04-17 20:11
203469,20346901,25,2022,55,3,1,493,2021m10,2,922,1,2,8,1,450,2,3,4,,2024-04-17 20:11
203469,20346902,25,2022,54,3,,,,,,,2,8,2,,,,4,,2024-04-17 20:11
203469,20346903,25,2022,28,6,1,843,2021m6,1,980,1,1,8,2,130,1,2,4,,2024-04-17 20:11
203469,20346904,25,2022,24,4,,,,,,,1,8,2,,,,4,,2024-04-17 20:11
203470,20347002,25,2022,70,2,,,,,,,3,8,2,,,,4,,2024-04-17 20:11
203471,20347101,25,2022,72,2,,,,,,,2,8,1,,,,5,,2024-04-17 20:11
203471,20347102,25,2022,67,2,,,,,,,2,8,2,,,,5,,2024-04-17 20:11
203472,20347201,25,2022,76,2,2,11,2020m3,4,611,2,3,8,1,40,,3,4,,2024-04-17 20:11
203472,20347202,25,2022,48,5,,,,,,,1,8,2,,,,5,,2024-04-17 20:11
203473,20347301,25,2022,50,3,,,,,,,2,8,2,,,,6,,2024-04-17 20:11
203473,20347302,25,2022,53,3,1,551,2019m9,2,941,1,2,8,1,230,2,3,5,,2024-04-17 20:11
203474,20347401,25,2022,64,3,,,,,,,2,8,2,,,,6,,2024-04-17 20:11
203474,20347402,25,2022,62,3,2,493,1985m3,4,873,2,2,8,1,150,,4,6,,2024-04-17 20:11
203475,20347501,25,2022,82,2,1,852,2018m9,2,942,1,2,8,1,250,2,3,5,,2024-04-17 20:11
203475,20347502,25,2022,69,2,1,872,2020m5,2,314,1,2,8,2,27,2,3,5,,2024-04-17 20:11
203477,20347701,25,2022,79,2,2,467,2003m3,4,941,2,2,8,1,40,,4,6,,2024-04-17 20:11
203477,20347702,25,2022,78,2,,,,,,,2,8,2,,,,6,,2024-04-17 20:11
203479,20347901,25,2022,48,3,2,493,2014m3,4,873,2,2,8,1,500,,3,5,,2024-04-17 20:11
203479,20347902,25,2022,30,2,1,872,2022m5,2,392,1,2,8,2,40,2,2,5,,2024-04-17 20:11
203480,20348001,25,2022,90,2,,,,,,,3,8,2,,,,6,,2024-04-17 20:11
203481,20348101,25,2022,86,3,,,,,,,3,8,2,,,,6,,2024-04-17 20:11
203482,20348201,25,2022,58,3,2,953,2021m7,4,799,2,2,1,1,200,,2,4,,2024-04-17 20:11
203482,20348202,25,2022,55,3,,,,,,,2,1,2,,,,4,,2024-04-17 20:11
203482,20348203,25,2022,30,6,,,,,,,1,1,1,,,,4,,2024-04-17 20:11
203482,20348204,25,2022,25,6,1,292,2021m8,1,312,1,1,1,2,240,1,2,4,,2024-04-17 20:11
203483,20348301,25,2022,43,3,2,474,2014m3,4,521,2,2,1,1,,,3,3,,2024-04-17 20:11
203483,20348302,25,2022,43,3,,,,,,,2,1,2,,,,3,,2024-04-17 20:11
203484,20348401,25,2022,79,2,,,,,,,2,1,1,,,,4,,2024-04-17 20:11
203484,20348402,25,2022,78,2,,,,,,,2,1,2,,,,4,,2024-04-17 20:11
203485,20348501,25,2022,60,3,1,471,2020m8,2,521,1,1,1,2,240,2,2,4,,2024-04-17 20:11
203486,20348601,25,2022,32,5,2,562,2016m5,4,442,2,1,1,1,500,,2,3,,2024-04-17 20:11
203487,20348701,25,2022,54,3,2,463,2010m3,4,521,2,3,1,1,500,,2,3,,2024-04-17 20:11
203487,20348702,25,2022,23,3,1,464,2017m7,1,312,1,1,1,1,250,1,3,3,,2024-04-17 20:11
203487,20348703,25,2022,20,3,,,,,,,1,1,2,,,,4,,2024-04-17 20:11
203487,20348704,25,2022,19,3,,,,,,,1,1,1,,,,3,,2024-04-17 20:11
203488,20348801,25,2022,77,2,,,,,,,3,1,2,,,,5,,2024-04-17 20:11
203489,20348901,25,2022,72,2,,,,,,,3,1,2,,,,3,,2024-04-17 20:11
203489,20348902,25,2022,46,3,1,424,2008m3,3,783,1,1,1,1,300,2,3,3,,2024-04-17 20:11
203489,20348903,25,2022,42,3,1,872,1999m2,1,247,1,1,1,2,250,1,2,3,,2024-04-17 20:11
203491,20349101,25,2022,33,6,1,862,2014m3,1,399,1,1,1,2,300,1,3,4,,2024-04-17 20:11
203492,20349201,25,2022,80,3,,,,,,,2,8,1,,,,4,,2024-04-17 20:11
203492,20349202,25,2022,77,3,,,,,,,2,8,2,,,,4,,2024-04-17 20:11
203492,20349203,25,2022,53,3,,,,,,,1,8,1,,,,4,,2024-04-17 20:11
203495,20349501,25,2022,53,6,1,851,2022m7,2,254,1,1,1,2,25,2,3,4,,2024-04-17 20:11
203495,20349502,25,2022,88,2,,,,,,,3,1,2,,,,4,,2024-04-17 20:11
203496,20349601,25,2022,79,3,,,,,,,2,1,1,,,,5,,2024-04-17 20:11
203496,20349602,25,2022,74,2,,,,,,,2,1,2,,,,4,,2024-04-17 20:11
203497,20349701,25,2022,37,6,2,562,2021m10,4,283,2,1,1,1,300,,2,3,,2024-04-17 20:11
203498,20349801,25,2022,54,6,1,843,1990m3,1,312,1,2,1,1,541,1,3,3,,2024-04-17 20:11
203498,20349802,25,2022,49,6,1,872,2019m11,1,421,1,2,1,2,197,2,3,3,,2024-04-17 20:11
203498,20349803,25,2022,28,6,1,468,2021m3,1,521,1,1,1,2,280,1,2,3,,2024-04-17 20:11
203499,20349901,25,2022,39,3,2,472,2022m9,4,521,2,2,1,1,250,,3,4,,2024-04-17 20:11
203499,20349902,25,2022,39,5,,,,,,,2,1,2,,,,4,,2024-04-17 20:11
203500,20350001,25,2022,40,6,1,561,2008m3,1,312,1,2,1,1,650,1,2,4,,2024-04-17 20:11
203500,20350002,25,2022,37,6,1,581,2022m1,1,281,1,2,1,2,250,1,2,4,,2024-04-17 20:11
203501,20350101,25,2022,83,6,,,,,,,3,1,1,,,,4,,2024-04-17 20:11
203502,20350201,25,2022,81,6,,,,,,,2,1,1,,,,4,,2024-04-17 20:11
203502,20350202,25,2022,51,3,2,682,2003m5,4,274,2,2,1,2,300,,3,4,,2024-04-17 20:11
203502,20350203,25,2022,25,3,,,,,,,1,1,2,,,,4,,2024-04-17 20:11
203503,20350301,25,2022,41,6,1,712,2008m9,1,330,1,2,1,1,1200,1,2,3,,2024-04-17 20:11
203503,20350302,25,2022,38,6,,,,,,,2,1,2,,,,3,,2024-04-17 20:11
203504,20350402,25,2022,69,2,,,,,,,1,1,1,,,,5,,2024-04-17 20:11
203506,20350601,25,2022,49,6,2,424,2004m6,4,782,2,1,1,1,500,,2,4,,2024-04-17 20:11
203507,20350701,25,2022,42,6,1,682,2017m4,1,312,1,1,1,1,100,1,3,3,,2024-04-17 20:11
203508,20350801,25,2022,51,6,1,472,2021m6,2,521,1,1,1,2,150,2,3,3,,2024-04-17 20:11
203509,20350901,25,2022,88,6,1,681,2011m3,1,942,1,3,1,1,100,2,3,5,,2024-04-17 20:11
203510,20351001,25,2022,65,2,,,,,,,3,8,2,,,,6,,2024-04-17 20:11
203511,20351101,25,2022,80,1,1,872,2021m3,2,941,1,3,8,2,27,2,3,6,,2024-04-17 20:11
203511,20351102,25,2022,52,2,1,411,,3,910,1,1,8,2,150,2,3,6,,2024-04-17 20:11
203512,20351201,25,2022,65,2,1,561,2016m1,2,441,1,3,8,2,120,2,3,5,,2024-04-17 20:11
203513,20351301,25,2022,55,2,,,,,,,3,8,1,,,,6,,2024-04-17 20:11
203513,20351303,25,2022,19,3,,,,,,,1,8,1,,,,5,,2024-04-17 20:11
203514,20351401,25,2022,68,2,1,492,2018m12,1,873,1,2,8,1,190,1,3,5,,2024-04-17 20:11
203514,20351402,25,2022,62,3,1,872,2017m7,2,421,1,2,8,2,90,2,3,5,,2024-04-17 20:11
203515,20351501,25,2022,84,2,,,,,,,2,8,1,,,,5,,2024-04-17 20:11
203515,20351502,25,2022,77,2,,,,,,,2,8,2,,,,5,,2024-04-17 20:11
203517,20351701,25,2022,84,2,,,,,,,3,8,2,,,,5,,2024-04-17 20:11
203518,20351802,25,2022,72,2,1,742,2014m3,3,941,1,3,8,2,105,2,3,5,,2024-04-17 20:11
203519,20351901,25,2022,63,3,,,,,,,2,8,1,,,,6,,2024-04-17 20:11
203520,20352001,25,2022,60,3,1,292,2019m7,1,851,1,3,8,1,330,1,3,5,,2024-04-17 20:11
203520,20352004,25,2022,19,4,,,,,,,1,8,2,,,,5,,2024-04-17 20:11
203521,20352101,25,2022,40,6,1,411,2018m10,1,312,1,2,8,1,380,1,2,4,,2024-04-17 20:11
203521,20352102,25,2022,41,6,1,474,2022m3,1,521,1,2,8,2,280,1,2,4,,2024-04-17 20:11
203522,20352201,25,2022,84,3,,,,,,,2,8,1,,,,5,,2024-04-17 20:11
203522,20352202,25,2022,78,3,,,,,,,2,8,2,,,,5,,2024-04-17 20:11
203523,20352301,25,2022,64,2,,,,,,,3,8,2,,,,5,,2024-04-17 20:11
203523,20352302,25,2022,41,5,1,467,2022m1,1,922,1,1,8,1,198,1,3,5,,2024-04-17 20:11
203524,20352401,25,2022,70,2,2,11,,4,611,2,2,8,1,100,,3,5,,2024-04-17 20:11
203524,20352402,25,2022,62,2,3,11,1985m3,5,611,2,2,8,2,,,3,5,,2024-04-17 20:11
203525,20352501,25,2022,70,6,,,,,,,3,8,1,,,,4,,2024-04-17 20:11
203526,20352601,25,2022,61,3,2,492,2011m3,4,873,2,2,8,1,300,,3,5,,2024-04-17 20:11
203526,20352602,25,2022,64,3,,,,,,,2,8,2,,,,5,,2024-04-17 20:11
203526,20352603,25,2022,35,4,1,251,2021m5,1,510,1,1,8,1,320,1,2,4,,2024-04-17 20:11
203527,20352701,25,2022,47,3,1,582,2017m10,1,222,1,2,8,1,390,1,3,5,,2024-04-17 20:11
203527,20352702,25,2022,43,5,,,,,,,2,8,2,,,,5,,2024-04-17 20:11
203527,20352703,25,2022,17,2,,,,,,,1,8,1,,,,5,,2024-04-17 20:11
203528,20352801,25,2022,40,6,1,561,2017m1,1,273,1,2,8,1,340,1,3,5,,2024-04-17 20:11
203528,20352802,25,2022,36,6,,,,,,,2,8,2,,,,5,,2024-04-17 20:11
203529,20352901,25,2022,77,3,,,,,,,3,8,2,,,,5,,2024-04-17 20:11
203530,20353001,25,2022,57,2,1,841,2022m3,2,941,1,3,8,2,180,2,3,5,,2024-04-17 20:11
203531,20353101,25,2022,62,2,2,12,1980m2,4,613,2,2,8,1,100,,4,5,,2024-04-17 20:11
203531,20353102,25,2022,57,2,3,12,2020m9,5,613,2,2,8,2,,,3,5,,2024-04-17 20:11
203532,20353201,25,2022,77,2,,,,,,,2,8,1,,,,5,,2024-04-17 20:11
203532,20353202,25,2022,73,2,,,,,,,2,8,2,,,,5,,2024-04-17 20:11
203533,20353301,25,2022,46,3,1,561,1998m5,1,287,1,2,8,1,290,2,3,5,,2024-04-17 20:11
203533,20353302,25,2022,42,5,,,,,,,2,8,2,,,,5,,2024-04-17 20:11
203534,20353402,25,2022,81,3,1,841,2015m3,2,941,1,3,8,2,27,2,3,5,,2024-04-17 20:11
203535,20353501,25,2022,52,6,1,451,1997m10,1,510,1,2,8,1,360,1,2,4,,2024-04-17 20:11
203535,20353502,25,2022,50,6,1,872,2008m10,1,247,1,2,8,2,198,1,3,4,,2024-04-17 20:11
203535,20353503,25,2022,20,4,,,,,,,1,8,1,,,,4,,2024-04-17 20:11
203536,20353601,25,2022,67,3,,,,,,,3,8,2,,,,4,,2024-04-17 20:11
203537,20353701,25,2022,49,6,2,423,2010m3,4,762,2,2,8,1,400,,3,5,,2024-04-17 20:11
203537,20353702,25,2022,49,5,,,,,,,2,8,2,,,,5,,2024-04-17 20:11
210286,20353801,25,2022,45,6,1,204,2007m4,1,232,1,3,5,1,560,1,2,4,,2024-04-17 20:11
203538,20353802,25,2022,42,6,1,291,2021m11,1,312,1,3,5,2,290,1,2,5,,2024-04-17 20:11
203539,20353901,25,2022,61,4,2,426,1997m5,4,874,2,2,8,1,550,,3,5,,2024-04-17 20:11
203541,20354102,25,2022,49,3,1,651,2022m1,1,510,1,2,8,2,300,2,3,4,,2024-04-17 20:11
203541,20354103,25,2022,16,2,,,,,,,1,8,1,,,,4,,2024-04-17 20:11
203542,20354201,25,2022,60,2,1,424,1980m2,3,783,1,2,8,1,500,2,3,5,,2024-04-17 20:11
203542,20354202,25,2022,59,2,1,467,2020m4,2,,1,2,8,2,190,2,3,5,,2024-04-17 20:11
203542,20354203,25,2022,22,3,,,,,,,1,8,1,,,,5,,2024-04-17 20:11
203543,20354301,25,2022,64,3,2,493,1987m9,4,873,2,2,8,1,250,,3,5,,2024-04-17 20:11
203543,20354302,25,2022,65,3,,,,,,,2,8,2,,,,5,,2024-04-17 20:11
203544,20354401,25,2022,80,2,1,872,2020m3,2,,1,2,8,1,27,2,3,5,,2024-04-17 20:11
203544,20354402,25,2022,74,2,,,,,,,2,8,2,,,,5,,2024-04-17 20:11
203545,20354501,25,2022,44,6,1,259,2007m2,1,842,1,1,8,1,300,1,3,5,,2024-04-17 20:11
203546,20354601,25,2022,75,2,1,682,2021m1,1,942,1,3,8,1,215,2,3,5,,2024-04-17 20:11
203547,20354701,25,2022,67,2,,,,,,,2,8,2,,,,4,,2024-04-17 20:11
203547,20354702,25,2022,73,3,,,,,,,2,8,1,,,,4,,2024-04-17 20:11
203548,20354802,25,2022,41,5,,,,,,,2,8,2,,,,5,,2024-04-17 20:11
203549,20354901,25,2022,42,6,1,179,2015m1,1,891,1,2,8,1,400,1,3,4,,2024-04-17 20:11
203549,20354902,25,2022,46,6,1,851,2020m3,2,254,1,2,8,2,60,2,3,4,,2024-04-17 20:11
203551,20355101,25,2022,75,5,,,,,,,2,8,1,,,,4,,2024-04-17 20:11
203551,20355102,25,2022,70,3,,,,,,,2,8,2,,,,4,,2024-04-17 20:11
203552,20355201,25,2022,77,2,,,,,,,2,8,1,,,,6,,2024-04-17 20:11
203552,20355202,25,2022,74,2,,,,,,,2,8,2,,,,6,,2024-04-17 20:11
203552,20355203,25,2022,45,3,1,872,2021m9,2,930,1,1,8,1,28,2,2,6,,2024-04-17 20:11
203553,20355301,25,2022,87,2,,,,,,,2,8,1,,,,5,,2024-04-17 20:11
203554,20355401,25,2022,53,6,2,475,,4,521,2,2,8,1,500,,3,5,,2024-04-17 20:11
203554,20355402,25,2022,49,6,,,,,,,2,8,2,,,,5,,2024-04-17 20:11
203555,20355501,25,2022,69,2,,,,,,,3,8,2,,,,5,,2024-04-17 20:11
203555,20355502,25,2022,47,6,1,222,2010m3,1,312,1,1,8,2,320,1,3,5,,2024-04-17 20:11
203556,20355601,25,2022,69,6,,,,,,,1,8,2,,,,4,,2024-04-17 20:11
203557,20355701,25,2022,49,6,1,492,2000m1,1,871,1,2,8,1,570,1,2,4,,2024-04-17 20:11
203557,20355702,25,2022,48,6,1,855,2019m5,2,254,1,2,8,2,150,2,3,5,,2024-04-17 20:11
203557,20355703,25,2022,17,2,,,,,,,1,8,1,,,,4,,2024-04-17 20:11
203557,20355704,25,2022,15,2,,,,,,,1,8,2,,,,4,,2024-04-17 20:11
203558,20355801,25,2022,42,6,1,421,2011m7,1,782,1,2,8,1,310,1,3,5,,2024-04-17 20:11
203558,20355802,25,2022,36,6,1,855,2018m8,1,312,1,2,8,2,175,2,3,5,,2024-04-17 20:11
203559,20355901,25,2022,51,6,,,,,,,2,8,1,,,,5,,2024-04-17 20:11
203559,20355902,25,2022,45,3,,,,,,,2,8,2,,,,5,,2024-04-17 20:11
203561,20356102,25,2022,48,6,1,424,2017m7,1,313,1,2,8,2,215,1,3,5,,2024-04-17 20:11
203561,20356103,25,2022,19,4,,,,,,,1,8,2,,,,5,,2024-04-17 20:11
203561,20356104,25,2022,16,2,,,,,,,1,8,1,,,,5,,2024-04-17 20:11
203562,20356201,25,2022,53,3,1,721,2010m11,1,312,1,3,8,2,330,2,3,5,,2024-04-17 20:11
203562,20356202,25,2022,19,4,,,,,,,1,8,2,,,,5,,2024-04-17 20:11
203563,20356301,25,2022,90,3,,,,,,,2,8,1,,,,5,,2024-04-17 20:11
203563,20356302,25,2022,87,2,,,,,,,2,8,2,,,,5,,2024-04-17 20:11
203564,20356401,25,2022,55,5,2,12,1998m3,4,613,2,2,8,1,250,,3,4,,2024-04-17 20:11
203564,20356402,25,2022,49,3,3,12,1998m10,5,613,2,2,8,2,,,3,4,,2024-04-17 20:11
203564,20356403,25,2022,27,4,1,472,2018m1,2,922,1,1,8,1,190,2,3,4,,2024-04-17 20:11
203564,20356404,25,2022,25,4,,,,,,,1,8,1,,,,4,,2024-04-17 20:11
203564,20356405,25,2022,19,3,,,,,,,1,8,1,,,,4,,2024-04-17 20:11
203565,20356501,25,2022,73,3,2,107,,4,710,2,2,8,1,150,,3,5,,2024-04-17 20:11
203565,20356502,25,2022,65,2,3,107,,5,710,2,2,8,2,,,3,5,,2024-04-17 20:11
203566,20356601,25,2022,49,5,1,471,2013m1,1,521,1,3,8,2,190,1,3,5,,2024-04-17 20:11
203566,20356602,25,2022,16,2,,,,,,,1,8,2,,,,5,,2024-04-17 20:11
210287,20356603,25,2022,66,2,,,,,,,3,8,2,,,,5,,2024-04-17 20:11
210287,20356604,25,2022,89,1,,,,,,,3,8,2,,,,5,,2024-04-17 20:11
203567,20356702,25,2022,85,2,,,,,,,3,8,2,,,,5,,2024-04-17 20:11
203567,20356703,25,2022,62,3,,,,,,,3,8,1,,,,6,,2024-04-17 20:11
203568,20356801,25,2022,67,2,1,222,2011m2,2,832,1,2,8,1,245,2,3,5,,2024-04-17 20:11
203568,20356802,25,2022,61,3,,,,,,,2,8,2,,,,5,,2024-04-17 20:11
203568,20356803,25,2022,30,5,,,,,,,1,8,1,,,,5,,2024-04-17 20:11
203568,20356804,25,2022,27,3,1,872,2014m2,1,247,1,1,8,2,200,1,3,5,,2024-04-17 20:11
203569,20356901,25,2022,56,3,1,682,2002m1,1,862,1,2,8,1,250,2,3,5,,2024-04-17 20:11
203569,20356902,25,2022,43,3,1,292,2022m3,1,854,1,2,8,2,190,2,3,5,,2024-04-17 20:11
203570,20357001,25,2022,69,2,1,521,2021m7,2,941,1,2,8,1,200,2,3,5,,2024-04-17 20:11
203570,20357002,25,2022,66,2,,,,,,,2,8,2,,,,5,,2024-04-17 20:11
203571,20357101,25,2022,44,3,1,204,2015m3,1,899,1,1,8,2,250,1,3,5,,2024-04-17 20:11
203572,20357201,25,2022,52,5,1,582,2004m10,1,222,1,2,8,1,245,1,3,5,,2024-04-17 20:11
203572,20357202,25,2022,50,4,,,,,,,2,8,2,,,,5,,2024-04-17 20:11
203572,20357203,25,2022,21,5,1,272,2022m2,1,864,1,1,8,1,195,2,3,5,,2024-04-17 20:11
203573,20357301,25,2022,60,2,2,11,1978m2,4,611,2,2,8,1,250,,4,5,,2024-04-17 20:11
203573,20357302,25,2022,58,3,3,11,1987m2,5,611,2,2,8,2,,,3,5,,2024-04-17 20:11
203573,20357304,25,2022,33,3,,,,,,,1,8,1,,,,6,,2024-04-17 20:11
203575,20357501,25,2022,75,3,,,,,,,2,8,1,,,,4,,2024-04-17 20:11
203575,20357502,25,2022,74,3,,,,,,,2,8,2,,,,5,,2024-04-17 20:11
203576,20357601,25,2022,53,3,2,12,1987m2,4,613,2,2,8,1,300,,2,4,,2024-04-17 20:11
203577,20357701,25,2022,82,1,,,,,,,3,8,2,,,,5,,2024-04-17 20:11
203578,20357801,25,2022,80,2,,,,,,,3,8,2,,,,5,,2024-04-17 20:11
203579,20357901,25,2022,68,2,1,561,1989m9,3,952,1,2,8,2,96,2,3,5,,2024-04-17 20:11
203579,20357902,25,2022,72,3,,,,,,,2,8,1,,,,5,,2024-04-17 20:11
203580,20358001,25,2022,67,2,2,11,1974m1,4,611,2,2,8,1,80,,4,5,,2024-04-17 20:11
203580,20358002,25,2022,60,2,1,872,2020m1,3,421,1,2,8,2,88,2,3,5,,2024-04-17 20:11
203581,20358101,25,2022,88,2,,,,,,,3,8,2,,,,5,,2024-04-17 20:11
203582,20358201,25,2022,85,2,2,12,1959m2,4,613,2,2,8,1,100,,4,5,,2024-04-17 20:11
203582,20358202,25,2022,80,1,3,12,1962m10,5,613,2,2,8,2,,,3,5,,2024-04-17 20:11
203582,20358203,25,2022,52,2,,,,,,,1,8,1,,,,5,,2024-04-17 20:11
203583,20358301,25,2022,56,2,1,872,2008m2,2,441,1,2,8,2,195,2,2,4,,2024-04-17 20:11
203583,20358302,25,2022,61,3,1,682,2017m2,2,942,1,2,8,1,195,2,4,4,,2024-04-17 20:11
210056,20358303,25,2022,32,5,1,463,2019m11,1,521,1,2,8,1,300,1,3,4,,2024-04-17 20:11
203584,20358401,25,2022,68,3,1,422,2014m2,1,762,1,2,8,1,150,2,3,5,,2024-04-17 20:11
203584,20358402,25,2022,63,2,1,853,2019m3,2,941,1,2,8,2,142,2,3,5,,2024-04-17 20:11
203585,20358501,25,2022,82,2,,,,,,,2,8,1,,,,4,,2024-04-17 20:11
203585,20358502,25,2022,77,2,,,,,,,2,8,2,,,,4,,2024-04-17 20:11
203586,20358601,25,2022,70,2,1,411,2020m5,2,312,1,2,8,1,290,2,3,5,,2024-04-17 20:11
203586,20358602,25,2022,64,2,2,467,2019m2,4,941,2,2,8,2,150,,3,5,,2024-04-17 20:11
203586,20358604,25,2022,39,3,,,,,,,1,8,2,,,,5,,2024-04-17 20:11
203587,20358701,25,2022,62,3,1,682,2017m10,2,862,1,2,8,1,270,2,3,4,,2024-04-17 20:11
203587,20358702,25,2022,57,3,,,,,,,2,8,2,,,,4,,2024-04-17 20:11
203587,20358703,25,2022,32,6,1,521,2021m7,3,921,1,1,8,1,90,2,4,5,,2024-04-17 20:11
203587,20358704,25,2022,31,5,1,729,2021m5,2,910,1,1,8,1,230,2,3,5,,2024-04-17 20:11
203588,20358801,25,2022,50,3,2,649,2013m2,4,510,2,2,8,1,350,,3,5,,2024-04-17 20:11
203588,20358802,25,2022,50,3,,,,,,,2,8,2,,,,5,,2024-04-17 20:11
203588,20358803,25,2022,22,4,,,,,,,1,8,2,,,,5,,2024-04-17 20:11
203589,20358901,25,2022,58,3,1,851,2014m3,1,873,1,2,8,1,198,2,3,4,,2024-04-17 20:11
203589,20358902,25,2022,57,3,1,561,2019m1,2,441,1,2,8,2,200,2,3,4,,2024-04-17 20:11
203590,20359001,25,2022,64,3,2,320,2000m2,4,730,2,2,8,1,200,,3,6,,2024-04-17 20:11
203590,20359002,25,2022,61,3,1,682,2017m1,1,941,1,2,8,2,120,2,3,6,,2024-04-17 20:11
203591,20359101,25,2022,53,4,1,521,2020m9,1,873,1,2,8,1,300,2,3,6,,2024-04-17 20:11
203591,20359102,25,2022,44,5,,,,,,,2,8,2,,,,5,,2024-04-17 20:11
203592,20359201,25,2022,66,3,1,682,2021m7,1,942,1,2,8,1,193,2,3,5,,2024-04-17 20:11
203592,20359202,25,2022,63,3,2,478,2000m3,4,521,2,2,8,2,200,,3,4,,2024-04-17 20:11
203593,20359301,25,2022,60,3,1,239,1995m12,1,312,1,2,8,1,290,1,3,5,,2024-04-17 20:11
203593,20359302,25,2022,61,3,2,739,2007m3,4,281,2,2,8,2,80,,2,5,,2024-04-17 20:11
203593,20359303,25,2022,26,6,1,261,2021m3,1,864,1,1,8,2,245,2,2,3,,2024-04-17 20:11
203594,20359401,25,2022,64,3,1,424,2018m2,3,782,1,2,8,1,590,2,2,4,,2024-04-17 20:11
203594,20359402,25,2022,56,3,,,,,,,2,8,2,,,,4,,2024-04-17 20:11
203594,20359403,25,2022,29,5,,,,,,,1,8,1,,,,4,,2024-04-17 20:11
210288,20359404,25,2022,25,5,1,474,2021m11,1,273,1,1,8,2,190,1,3,5,,2024-04-17 20:11
203594,20359405,25,2022,21,4,,,,,,,1,8,1,,,,4,,2024-04-17 20:11
203595,20359501,25,2022,82,2,,,,,,,3,8,2,,,,6,,2024-04-17 20:11
203596,20359601,25,2022,61,3,,,,,,,2,1,1,,,,4,,2024-04-17 20:11
203596,20359602,25,2022,58,3,1,424,2019m8,3,783,1,2,1,2,200,2,3,5,,2024-04-17 20:11
203596,20359603,25,2022,33,5,,,,,,,1,1,2,,,,5,,2024-04-17 20:11
203596,20359604,25,2022,28,5,1,715,2016m7,1,312,1,1,1,2,270,1,3,5,,2024-04-17 20:11
203601,20360101,25,2022,55,3,1,272,1997m4,1,743,1,2,1,1,210,1,5,5,,2024-04-17 20:11
203601,20360102,25,2022,52,3,1,861,2018m12,2,941,1,2,1,2,220,2,3,5,,2024-04-17 20:11
203601,20360104,25,2022,24,3,1,561,2021m8,2,952,1,1,1,2,130,2,3,5,,2024-04-17 20:11
203604,20360401,25,2022,55,6,2,711,2021m7,4,330,2,2,1,1,200,,3,5,,2024-04-17 20:11
203604,20360402,25,2022,54,3,1,474,2020m2,3,521,1,2,1,2,200,2,3,5,,2024-04-17 20:11
203604,20360403,25,2022,16,2,,,,,,,1,1,2,,,,5,,2024-04-17 20:11
203605,20360501,25,2022,53,2,1,141,2021m3,3,721,1,2,1,1,320,2,3,5,,2024-04-17 20:11
203605,20360502,25,2022,57,2,,,,,,,2,1,2,,,,5,,2024-04-17 20:11
203605,20360503,25,2022,24,4,1,561,2021m1,3,442,1,1,1,2,120,2,3,5,,2024-04-17 20:11
203607,20360701,25,2022,54,4,,,,,,,2,1,1,,,,4,,2024-04-17 20:11
203607,20360702,25,2022,51,6,1,855,2021m12,2,421,1,2,1,2,150,2,2,4,,2024-04-17 20:11
203607,20360703,25,2022,24,3,1,733,2019m10,1,284,1,1,1,2,250,1,4,4,,2024-04-17 20:11
203607,20360704,25,2022,19,4,,,,,,,1,1,1,,,,5,,2024-04-17 20:11
203608,20360801,25,2022,40,3,1,423,2010m5,1,762,1,2,1,1,400,1,3,5,,2024-04-17 20:11
203608,20360802,25,2022,39,5,,,,,,,2,1,2,,,,5,,2024-04-17 20:11
203609,20360901,25,2022,67,2,,,,,,,2,1,1,,,,5,,2024-04-17 20:11
203609,20360902,25,2022,60,2,2,961,1982m3,4,422,2,2,1,2,200,,3,5,,2024-04-17 20:11
210057,20360903,25,2022,38,5,1,649,2015m3,1,320,1,2,1,2,280,1,3,5,,2024-04-17 20:11
203610,20361001,25,2022,71,6,,,,,,,2,1,1,,,,3,,2024-04-17 20:11
203610,20361002,25,2022,69,6,,,,,,,2,1,2,,,,3,,2024-04-17 20:11
203611,20361101,25,2022,34,6,1,841,2021m8,1,213,1,1,16,2,240,1,2,2,,2024-04-17 20:11
203613,20361302,25,2022,46,6,,,,,,,2,8,2,,,,4,,2024-04-17 20:11
203615,20361501,25,2022,54,6,1,651,1996m9,1,320,1,2,8,1,700,1,2,4,,2024-04-17 20:11
203615,20361502,25,2022,44,5,,,,,,,2,8,2,,,,4,,2024-04-17 20:11
203615,20361503,25,2022,22,4,,,,,,,1,8,2,,,,4,,2024-04-17 20:11
203616,20361601,25,2022,80,2,,,,,,,3,1,2,,,,5,,2024-04-17 20:11
203618,20361801,25,2022,54,3,2,479,,4,532,2,3,1,2,20,,3,5,,2024-04-17 20:11
203618,20361802,25,2022,25,3,1,494,2021m9,3,922,1,1,1,1,250,2,3,5,,2024-04-17 20:11
203620,20362001,25,2022,61,2,2,467,2020m5,4,941,2,3,1,2,12,,3,6,,2024-04-17 20:11
203622,20362201,25,2022,38,6,2,494,2021m6,4,922,2,2,1,1,280,,3,4,,2024-04-17 20:11
203622,20362202,25,2022,34,6,,,,,,,2,1,2,,,,5,,2024-04-17 20:11
203623,20362301,25,2022,65,3,2,759,2021m8,4,510,2,3,1,2,180,,2,5,,2024-04-17 20:11
203624,20362401,25,2022,61,2,2,141,1999m1,4,721,2,3,1,1,120,,3,4,,2024-04-17 20:11
203624,20362402,25,2022,28,6,,,,,,,1,1,2,,,,4,,2024-04-17 20:11
203625,20362501,25,2022,71,1,,,,,,,2,1,1,,,,4,,2024-04-17 20:11
203625,20362502,25,2022,67,2,,,,,,,2,1,2,,,,4,,2024-04-17 20:11
210235,20362503,25,2022,39,5,1,281,2022m7,1,234,1,1,1,1,380,1,3,4,,2024-04-17 20:11
210236,20362504,25,2022,37,5,1,521,2012m3,1,921,1,1,1,1,230,1,3,5,,2024-04-17 20:11
203626,20362601,25,2022,55,3,2,492,2006m3,4,873,2,2,8,1,250,,3,5,,2024-04-17 20:11
203626,20362602,25,2022,48,3,,,,,,,2,8,2,,,,5,,2024-04-17 20:11
203626,20362603,25,2022,26,5,1,211,2021m3,1,312,1,1,8,1,190,2,3,5,,2024-04-17 20:11
203628,20362801,25,2022,35,3,2,493,2020m3,4,873,2,3,11,1,450,,3,5,,2024-04-17 20:11
203629,20362902,25,2022,64,2,1,841,2022m1,2,421,1,2,8,2,150,2,3,5,,2024-04-17 20:11
203630,20363001,25,2022,55,3,1,241,2017m11,1,851,1,2,8,1,470,1,2,5,,2024-04-17 20:11
203630,20363002,25,2022,56,3,1,682,2021m8,1,139,1,2,8,2,250,2,3,5,,2024-04-17 20:11
203630,20363003,25,2022,23,4,,,,,,,1,8,1,,,,5,,2024-04-17 20:11
203630,20363004,25,2022,20,4,,,,,,,1,8,2,,,,5,,2024-04-17 20:11
203631,20363101,25,2022,80,2,1,872,2021m3,2,941,1,3,8,2,27,2,3,5,,2024-04-17 20:11
203632,20363201,25,2022,77,3,1,872,2021m3,2,421,1,3,8,2,27,2,3,5,,2024-04-17 20:11
203633,20363301,25,2022,51,3,2,339,2000m3,4,730,2,2,8,1,400,,3,4,,2024-04-17 20:11
203633,20363302,25,2022,50,3,3,339,2001m3,5,399,2,2,8,2,,,3,5,,2024-04-17 20:11
203633,20363303,25,2022,25,3,3,284,2021m1,5,730,2,1,8,1,,,3,5,,2024-04-17 20:11
203633,20363304,25,2022,22,5,1,733,2022m3,1,392,1,1,8,2,185,2,3,5,,2024-04-17 20:11
203634,20363402,25,2022,51,5,1,101,2022m1,1,710,1,2,8,2,195,2,2,5,,2024-04-17 20:11
203634,20363404,25,2022,23,3,,,,,,,1,8,1,,,,5,,2024-04-17 20:11
203635,20363501,25,2022,47,3,1,862,2017m3,1,246,1,3,8,2,200,1,3,5,,2024-04-17 20:11
203635,20363502,25,2022,21,5,,,,,,,1,8,2,,,,5,,2024-04-17 20:11
203636,20363601,25,2022,64,3,1,411,2018m1,3,782,1,2,8,1,200,2,3,5,,2024-04-17 20:11
203636,20363602,25,2022,62,3,1,682,2017m1,1,941,1,2,8,2,130,2,3,5,,2024-04-17 20:11
203636,20363603,25,2022,36,4,,,,,,,1,8,1,,,,6,,2024-04-17 20:11
203636,20363604,25,2022,34,5,,,,,,,1,8,1,,,,6,,2024-04-17 20:11
203637,20363701,25,2022,36,6,1,841,2011m3,1,262,1,2,8,1,470,1,2,4,,2024-04-17 20:11
203637,20363702,25,2022,38,6,,,,,,,2,8,2,,,,4,,2024-04-17 20:11
203638,20363801,25,2022,50,3,1,561,2020m8,1,952,1,3,8,2,220,1,3,5,,2024-04-17 20:11
203638,20363802,25,2022,18,2,,,,,,,1,8,1,,,,5,,2024-04-17 20:11
203639,20363901,25,2022,43,3,1,464,2013m1,1,922,1,2,8,1,240,1,3,5,,2024-04-17 20:11
203639,20363902,25,2022,38,3,1,141,2013m3,2,721,1,2,8,2,200,2,3,5,,2024-04-17 20:11
203640,20364001,25,2022,75,2,,,,,,,2,8,1,,,,5,,2024-04-17 20:11
203640,20364002,25,2022,73,2,,,,,,,2,8,2,,,,5,,2024-04-17 20:11
203641,20364101,25,2022,63,3,1,970,2019m4,1,421,1,3,8,2,250,2,3,5,,2024-04-17 20:11
203642,20364201,25,2022,84,2,2,11,1965m6,4,611,2,2,8,1,50,,3,5,,2024-04-17 20:11
203642,20364202,25,2022,75,2,,,,,,,2,8,2,,,,5,,2024-04-17 20:11
203643,20364301,25,2022,82,1,,,,,,,3,8,2,,,,6,,2024-04-17 20:11
203644,20364401,25,2022,84,2,2,11,1963m3,4,611,2,2,8,1,50,,3,5,,2024-04-17 20:11
203644,20364402,25,2022,73,2,,,,,,,2,8,2,,,,5,,2024-04-17 20:11
203645,20364501,25,2022,81,2,2,11,2019m8,4,611,2,2,8,1,60,,3,5,,2024-04-17 20:11
203645,20364502,25,2022,68,2,,,,,,,2,8,2,,,,5,,2024-04-17 20:11
203646,20364601,25,2022,77,1,,,,,,,3,8,2,,,,5,,2024-04-17 20:11
203647,20364701,25,2022,70,2,,,,,,,3,1,2,,,,5,,2024-04-17 20:11
203647,20364702,25,2022,41,5,1,463,2012m5,1,312,1,1,1,1,278,1,2,4,,2024-04-17 20:11
203649,20364901,25,2022,72,6,,,,,,,3,1,1,,,,6,,2024-04-17 20:11
203650,20365001,25,2022,61,2,1,421,2019m10,3,782,1,3,1,1,120,2,3,4,,2024-04-17 20:11
203652,20365201,25,2022,82,2,,,,,,,2,1,1,,,,5,,2024-04-17 20:11
203652,20365202,25,2022,78,2,,,,,,,2,1,2,,,,5,,2024-04-17 20:11
203653,20365301,25,2022,71,5,,,,,,,2,1,2,,,,4,,2024-04-17 20:11
203653,20365302,25,2022,71,3,,,,,,,2,1,1,,,,5,,2024-04-17 20:11
203654,20365401,25,2022,58,3,2,493,1989m5,4,873,2,3,1,1,300,,3,5,,2024-04-17 20:11
203656,20365601,25,2022,54,6,1,303,1996m7,1,235,1,2,1,1,1100,1,2,3,,2024-04-17 20:11
203656,20365602,25,2022,54,6,,,,,,,2,1,2,,,,3,,2024-04-17 20:11
203656,20365604,25,2022,22,4,,,,,,,1,1,1,,,,3,,2024-04-17 20:11
203657,20365701,25,2022,78,3,1,841,2022m3,3,941,1,2,1,1,60,2,3,4,,2024-04-17 20:11
203657,20365702,25,2022,72,1,,,,,,,2,1,2,,,,4,,2024-04-17 20:11
203658,20365801,25,2022,85,6,,,,,,,2,1,1,,,,4,,2024-04-17 20:11
203658,20365802,25,2022,79,3,,,,,,,2,1,2,,,,4,,2024-04-17 20:11
203659,20365901,25,2022,25,5,,,,,,,1,1,1,,,,5,,2024-04-17 20:11
203660,20366001,25,2022,64,3,2,421,1995m4,4,782,2,2,1,1,450,,3,4,,2024-04-17 20:11
203660,20366002,25,2022,62,3,,,,,,,2,1,2,,,,4,,2024-04-17 20:11
203661,20366101,25,2022,42,3,1,841,2014m3,1,311,1,2,9,1,300,1,2,3,,2024-04-17 20:11
203661,20366102,25,2022,35,5,2,474,2017m5,4,521,2,2,9,2,300,,2,3,,2024-04-17 20:11
203662,20366201,25,2022,73,2,,,,,,,3,1,2,,,,5,,2024-04-17 20:11
203665,20366501,25,2022,87,3,,,,,,,3,1,2,,,,6,,2024-04-17 20:11
203666,20366601,25,2022,56,3,1,529,2016m12,1,992,1,3,1,2,300,1,2,4,,2024-04-17 20:11
203667,20366701,25,2022,74,2,,,,,,,2,5,1,,,,6,,2024-04-17 20:11
203667,20366702,25,2022,76,2,,,,,,,2,5,2,,,,6,,2024-04-17 20:11
203668,20366801,25,2022,51,3,2,426,2014m5,4,875,2,2,5,1,300,,3,5,,2024-04-17 20:11
203668,20366802,25,2022,50,3,1,742,2005m3,1,521,1,2,5,2,201,1,3,5,,2024-04-17 20:11
203668,20366803,25,2022,22,4,,,,,,,1,5,1,,,,5,,2024-04-17 20:11
203669,20366901,25,2022,38,5,1,741,2009m3,1,432,1,2,5,1,300,1,3,5,,2024-04-17 20:11
203669,20366902,25,2022,34,3,,,,,,,2,5,2,,,,5,,2024-04-17 20:11
203670,20367001,25,2022,44,5,1,561,2017m1,1,442,1,2,5,1,250,2,3,5,,2024-04-17 20:11
203670,20367002,25,2022,34,5,1,463,2018m8,1,313,1,2,5,2,195,1,3,5,,2024-04-17 20:11
203671,20367101,25,2022,49,6,1,104,1999m3,1,312,1,2,5,1,622,1,3,5,,2024-04-17 20:11
203671,20367102,25,2022,47,6,,,,,,,2,5,2,,,,5,,2024-04-17 20:11
203671,20367103,25,2022,18,2,,,,,,,1,5,1,,,,4,,2024-04-17 20:11
203673,20367301,25,2022,76,2,,,,,,,2,5,1,,,,5,,2024-04-17 20:11
203673,20367302,25,2022,74,2,,,,,,,2,5,2,,,,5,,2024-04-17 20:11
203674,20367401,25,2022,36,4,1,301,2014m1,1,854,1,2,5,1,478,1,3,5,,2024-04-17 20:11
203674,20367402,25,2022,36,5,2,902,2020m9,4,312,2,2,5,2,100,,3,5,,2024-04-17 20:11
203675,20367501,25,2022,59,6,1,181,2000m3,1,121,1,2,5,1,600,1,3,4,,2024-04-17 20:11
203675,20367502,25,2022,60,5,1,855,2000m2,1,254,1,2,5,2,125,2,3,5,,2024-04-17 20:11
203675,20367503,25,2022,32,6,1,591,2020m12,1,283,1,1,5,1,240,1,3,4,,2024-04-17 20:11
203675,20367504,25,2022,28,5,1,473,2021m4,1,531,1,1,5,1,400,1,3,4,,2024-04-17 20:11
203676,20367601,25,2022,45,5,2,952,2012m2,4,751,2,2,5,1,400,,3,5,,2024-04-17 20:11
203676,20367602,25,2022,43,3,1,422,2019m4,1,312,1,2,5,2,239,1,3,5,,2024-04-17 20:11
203677,20367702,25,2022,53,3,,,,,,,3,5,2,,,,5,,2024-04-17 20:11
203677,20367703,25,2022,29,6,1,203,2022m5,1,312,1,1,5,2,220,1,3,5,,2024-04-17 20:11
203677,20367704,25,2022,16,2,,,,,,,1,5,1,,,,5,,2024-04-17 20:11
203678,20367801,25,2022,54,3,1,162,2006m2,1,874,1,2,5,1,340,1,3,5,,2024-04-17 20:11
203678,20367802,25,2022,54,3,1,521,2021m12,1,930,1,2,5,2,200,1,3,5,,2024-04-17 20:11
203678,20367803,25,2022,15,2,,,,,,,1,5,2,,,,4,,2024-04-17 20:11
203679,20367901,25,2022,77,2,,,,,,,3,5,2,,,,5,,2024-04-17 20:11
203679,20367902,25,2022,52,3,2,422,2018m10,4,792,2,1,5,1,180,,3,5,,2024-04-17 20:11
203679,20367903,25,2022,50,3,,,,,,,1,5,1,,,,5,,2024-04-17 20:11
203680,20368001,25,2022,92,2,,,,,,,2,8,1,,,,5,,2024-04-17 20:11
203680,20368002,25,2022,88,2,,,,,,,2,8,2,,,,5,,2024-04-17 20:11
203681,20368102,25,2022,78,2,,,,,,,3,5,2,,,,5,,2024-04-17 20:11
203682,20368201,25,2022,71,3,,,,,,,2,5,1,,,,5,,2024-04-17 20:11
203682,20368202,25,2022,63,2,,,,,,,2,5,2,,,,5,,2024-04-17 20:11
203683,20368301,25,2022,80,1,1,841,2021m5,1,941,1,3,1,2,27,2,2,6,,2024-04-17 20:11
210058,20368302,25,2022,46,2,,,,,,,1,1,2,,,,6,,2024-04-17 20:11
203684,20368401,25,2022,68,2,1,411,2017m12,2,941,1,3,1,2,150,2,3,5,,2024-04-17 20:11
203684,20368402,25,2022,32,6,1,861,2022m1,1,246,1,1,1,2,220,1,2,5,,2024-04-17 20:11
203685,20368501,25,2022,58,5,,,,,,,2,1,2,,,,5,,2024-04-17 20:11
210185,20368502,25,2022,31,6,1,662,2017m1,1,510,1,2,1,1,500,2,2,4,,2024-04-17 20:11
203685,20368503,25,2022,26,5,1,662,2022m2,1,314,1,1,1,2,180,1,2,5,,2024-04-17 20:11
203686,20368601,25,2022,65,3,1,682,2017m7,1,274,1,3,1,2,170,1,3,6,,2024-04-17 20:11
203686,20368602,25,2022,38,6,1,461,2013m11,1,312,1,1,1,1,250,1,2,5,,2024-04-17 20:11
203687,20368701,25,2022,68,2,,,,,,,2,1,1,,,,6,,2024-04-17 20:11
203687,20368702,25,2022,59,3,1,472,2020m3,1,521,1,2,1,2,160,1,2,6,,2024-04-17 20:11
203688,20368801,25,2022,78,1,1,467,2017m2,2,941,1,3,1,2,27,2,2,5,,2024-04-17 20:11
203689,20368902,25,2022,79,3,,,,,,,3,1,2,,,,6,,2024-04-17 20:11
203690,20369001,25,2022,75,3,,,,,,,2,1,1,,,,6,,2024-04-17 20:11
203690,20369002,25,2022,68,3,1,872,2020m1,1,421,1,2,1,2,100,2,3,5,,2024-04-17 20:11
203691,20369101,25,2022,49,5,2,473,2013m1,4,531,2,2,1,1,1000,,3,5,,2024-04-17 20:11
203691,20369102,25,2022,38,6,1,204,2021m6,1,832,1,2,1,2,160,1,2,5,,2024-04-17 20:11
203692,20369201,25,2022,55,3,1,231,2019m11,1,783,1,2,1,1,250,1,3,6,,2024-04-17 20:11
203692,20369202,25,2022,35,5,1,141,2018m7,1,721,1,2,1,2,80,2,3,6,,2024-04-17 20:11
203693,20369301,25,2022,34,6,1,181,2020m12,1,285,1,1,1,1,320,1,2,4,,2024-04-17 20:11
203694,20369401,25,2022,86,2,,,,,,,3,1,2,,,,6,,2024-04-17 20:11
203697,20369701,25,2022,81,2,,,,,,,2,1,1,,,,4,,2024-04-17 20:11
203697,20369702,25,2022,78,1,,,,,,,2,1,2,,,,5,,2024-04-17 20:11
203698,20369801,25,2022,54,3,,,,,,,3,1,2,,,,6,,2024-04-17 20:11
203698,20369802,25,2022,15,2,,,,,,,1,1,2,,,,6,,2024-04-17 20:11
203699,20369901,25,2022,65,2,2,421,2021m8,4,782,2,1,1,1,75,,2,4,,2024-04-17 20:11
203700,20370001,25,2022,81,2,,,,,,,2,1,1,,,,3,,2024-04-17 20:11
203700,20370002,25,2022,73,2,1,872,2017m4,2,421,1,2,1,2,60,2,2,3,,2024-04-17 20:11
203701,20370101,25,2022,74,2,,,,,,,2,1,1,,,,3,,2024-04-17 20:11
203701,20370102,25,2022,69,2,,,,,,,2,1,2,,,,3,,2024-04-17 20:11
203702,20370201,25,2022,67,6,,,,,,,2,1,1,,,,3,,2024-04-17 20:11
203702,20370202,25,2022,66,4,,,,,,,2,1,2,,,,3,,2024-04-17 20:11
210139,20370203,25,2022,36,6,1,351,2013m5,1,313,1,1,1,1,470,1,3,3,,2024-04-17 20:11
203703,20370301,25,2022,74,6,,,,,,,2,1,1,,,,3,,2024-04-17 20:11
203703,20370302,25,2022,69,3,,,,,,,2,1,2,,,,3,,2024-04-17 20:11
210186,20370303,25,2022,37,6,1,712,2010m3,1,314,1,2,1,2,360,1,2,3,,2024-04-17 20:11
203704,20370401,25,2022,60,3,1,291,2011m12,1,312,1,2,1,1,300,1,3,4,,2024-04-17 20:11
203704,20370402,25,2022,60,3,,,,,,,2,1,2,,,,4,,2024-04-17 20:11
203704,20370403,25,2022,26,6,1,862,2021m5,1,246,1,1,1,2,200,1,3,4,,2024-04-17 20:11
203705,20370501,25,2022,53,6,,,,,,,2,1,1,,,,4,,2024-04-17 20:11
203705,20370502,25,2022,54,6,1,464,2021m5,1,312,1,2,1,2,220,1,3,4,,2024-04-17 20:11
203705,20370503,25,2022,21,4,1,949,2021m7,2,283,1,1,1,1,15,2,3,4,,2024-04-17 20:11
203706,20370601,25,2022,75,6,,,,,,,3,1,2,,,,4,,2024-04-17 20:11
203710,20371001,25,2022,73,3,,,,,,,3,1,1,,,,6,,2024-04-17 20:11
203713,20371301,25,2022,47,3,1,423,2009m8,1,772,1,2,1,1,360,1,3,5,,2024-04-17 20:11
203713,20371302,25,2022,45,3,,,,,,,2,1,2,,,,5,,2024-04-17 20:11
203713,20371303,25,2022,20,4,1,562,2021m4,2,442,1,1,1,2,94,2,3,5,,2024-04-17 20:11
203714,20371401,25,2022,65,2,1,11,,3,991,1,2,8,1,200,2,3,5,,2024-04-17 20:11
203714,20371402,25,2022,62,3,,,,,,,2,8,2,,,,5,,2024-04-17 20:11
203714,20371403,25,2022,35,6,,,,,,,1,8,2,,,,5,,2024-04-17 20:11
203714,20371404,25,2022,34,3,,,,,,,1,8,2,,,,5,,2024-04-17 20:11
203714,20371405,25,2022,31,6,1,872,2019m3,1,247,1,1,8,2,200,2,3,5,,2024-04-17 20:11
203716,20371601,25,2022,70,3,2,12,1984m3,4,613,2,2,8,1,1000,,3,4,,2024-04-17 20:11
203716,20371602,25,2022,67,3,3,12,1984m3,5,613,2,2,8,2,,,2,3,,2024-04-17 20:11
203717,20371701,25,2022,84,2,2,12,1956m2,4,613,2,2,8,1,100,,4,5,,2024-04-17 20:11
203717,20371702,25,2022,84,2,3,11,1962m5,5,611,2,2,8,2,,,4,5,,2024-04-17 20:11
203718,20371801,25,2022,78,3,2,492,1993m3,4,873,2,2,8,1,150,,3,5,,2024-04-17 20:11
203718,20371802,25,2022,71,3,,,,,,,2,8,2,,,,5,,2024-04-17 20:11
203719,20371901,25,2022,55,3,,,,,,,3,8,2,,,,6,,2024-04-17 20:11
203719,20371902,25,2022,22,4,,,,,,,1,8,2,,,,6,,2024-04-17 20:11
203719,20371903,25,2022,57,2,1,411,2019m1,3,910,1,2,8,1,100,2,3,5,,2024-04-17 20:11
203720,20372001,25,2022,79,2,,,,,,,2,8,1,,,,5,,2024-04-17 20:11
203720,20372002,25,2022,75,1,,,,,,,2,8,2,,,,5,,2024-04-17 20:11
203721,20372101,25,2022,64,3,,,,,,,3,8,2,,,,6,,2024-04-17 20:11
203722,20372201,25,2022,81,2,,,,,,,2,8,1,,,,4,,2024-04-17 20:11
203722,20372202,25,2022,73,2,,,,,,,2,8,2,,,,4,,2024-04-17 20:11
203723,20372301,25,2022,82,2,,,,,,,2,8,1,,,,5,,2024-04-17 20:11
203723,20372302,25,2022,80,2,,,,,,,2,8,2,,,,5,,2024-04-17 20:11
203724,20372401,25,2022,76,2,2,11,2008m1,4,611,2,2,8,1,200,,3,5,,2024-04-17 20:11
203724,20372402,25,2022,71,2,3,11,2008m1,5,611,2,2,8,2,,,3,5,,2024-04-17 20:11
203724,20372403,25,2022,48,3,,,,,,,1,8,1,,,,5,,2024-04-17 20:11
203724,20372404,25,2022,43,3,3,11,2021m1,5,611,2,1,8,1,,,3,5,,2024-04-17 20:11
203725,20372501,25,2022,64,3,1,682,,2,274,1,2,8,1,190,2,3,5,,2024-04-17 20:11
203725,20372502,25,2022,64,2,,,,,,,2,8,2,,,,5,,2024-04-17 20:11
203725,20372503,25,2022,26,5,1,473,2021m3,1,521,1,1,8,1,190,1,3,5,,2024-04-17 20:11
203726,20372601,25,2022,71,2,,,,,,,2,8,1,,,,5,,2024-04-17 20:11
203726,20372602,25,2022,71,2,,,,,,,2,8,2,,,,5,,2024-04-17 20:11
203726,20372603,25,2022,51,6,1,712,2001m3,1,271,1,1,8,1,500,1,2,4,,2024-04-17 20:11
203727,20372702,25,2022,71,2,,,,,,,2,8,2,,,,5,,2024-04-17 20:11
203728,20372801,25,2022,72,2,,,,,,,2,8,1,,,,5,,2024-04-17 20:11
203728,20372802,25,2022,70,2,,,,,,,2,8,2,,,,5,,2024-04-17 20:11
203729,20372901,25,2022,35,5,1,259,2013m3,1,239,1,2,8,1,250,1,3,5,,2024-04-17 20:11
203729,20372902,25,2022,37,5,,,,,,,2,8,2,,,,5,,2024-04-17 20:11
203730,20373001,25,2022,42,3,2,320,2020m7,4,922,2,2,8,1,400,,3,5,,2024-04-17 20:11
203730,20373002,25,2022,41,3,,,,,,,2,8,2,,,,5,,2024-04-17 20:11
203731,20373101,25,2022,65,3,,,,,,,2,8,1,,,,4,,2024-04-17 20:11
203732,20373201,25,2022,61,2,1,411,1994m3,3,782,1,2,8,1,400,2,3,4,,2024-04-17 20:11
203732,20373202,25,2022,55,3,1,872,2022m3,1,421,1,2,8,2,98,2,2,5,,2024-04-17 20:11
210289,20373203,25,2022,28,5,1,731,2020m3,1,429,1,1,1,2,225,1,3,5,,2024-04-17 20:11
203732,20373205,25,2022,25,4,,,,,,,1,8,2,,,,4,,2024-04-17 20:11
203732,20373206,25,2022,21,4,,,,,,,1,8,2,,,,5,,2024-04-17 20:11
203733,20373301,25,2022,50,3,1,949,2020m9,1,312,1,2,8,1,290,2,3,5,,2024-04-17 20:11
203733,20373302,25,2022,50,3,2,561,2014m2,4,441,2,2,8,2,300,,3,5,,2024-04-17 20:11
203733,20373303,25,2022,26,3,,,,,,,1,8,2,,,,5,,2024-04-17 20:11
203733,20373304,25,2022,24,3,3,107,2022m1,5,710,2,1,8,2,,,3,5,,2024-04-17 20:11
203733,20373305,25,2022,22,4,,,,,,,1,8,2,,,,5,,2024-04-17 20:11
203734,20373401,25,2022,67,2,1,467,2018m4,1,922,1,2,8,1,230,1,3,5,,2024-04-17 20:11
203734,20373402,25,2022,65,2,,,,,,,2,8,2,,,,5,,2024-04-17 20:11
203734,20373403,25,2022,41,2,,,,,,,1,8,1,,,,6,,2024-04-17 20:11
203735,20373501,25,2022,70,2,2,11,,4,611,2,2,8,1,100,,3,5,,2024-04-17 20:11
203735,20373502,25,2022,65,2,,,,,,,2,8,2,,,,5,,2024-04-17 20:11
203736,20373601,25,2022,62,2,2,11,,4,611,2,2,8,1,200,,3,4,,2024-04-17 20:11
203736,20373602,25,2022,59,2,3,11,,5,611,2,2,8,2,,,3,5,,2024-04-17 20:11
203736,20373603,25,2022,34,6,1,212,2021m1,1,852,1,1,8,1,200,1,3,4,,2024-04-17 20:11
203737,20373701,25,2022,63,5,1,423,2013m2,1,762,1,3,8,1,360,1,3,5,,2024-04-17 20:11
203738,20373801,25,2022,70,3,1,682,2022m1,1,942,1,2,8,1,195,2,3,5,,2024-04-17 20:11
203738,20373802,25,2022,64,3,2,651,1998m10,4,531,2,2,8,2,200,,3,5,,2024-04-17 20:11
203739,20373901,25,2022,53,3,2,423,2021m2,4,762,2,2,8,1,300,,3,5,,2024-04-17 20:11
203739,20373902,25,2022,50,3,,,,,,,2,8,2,,,,5,,2024-04-17 20:11
203739,20373904,25,2022,25,5,1,471,2017m2,2,521,1,1,8,1,150,2,3,5,,2024-04-17 20:11
203741,20374101,25,2022,50,3,1,201,2014m3,1,922,1,2,8,1,450,1,2,4,,2024-04-17 20:11
203741,20374102,25,2022,48,3,1,303,2004m3,3,930,1,2,8,2,80,2,2,4,,2024-04-17 20:11
203741,20374103,25,2022,25,5,1,463,2021m7,1,313,1,1,8,2,200,1,3,5,,2024-04-17 20:11
203742,20374201,25,2022,61,3,,,,,,,3,8,2,,,,4,,2024-04-17 20:11
210239,20374202,25,2022,34,3,1,611,2015m1,1,922,1,2,8,1,250,1,3,5,,2024-04-17 20:11
203743,20374301,25,2022,50,3,1,411,2008m3,3,910,1,1,8,1,100,2,3,6,,2024-04-17 20:11
203744,20374401,25,2022,52,3,2,493,2010m3,4,873,2,2,8,1,300,,3,5,,2024-04-17 20:11
203744,20374402,25,2022,54,3,,,,,,,2,8,2,,,,5,,2024-04-17 20:11
203745,20374501,25,2022,57,5,2,855,2010m3,4,254,2,3,8,2,150,,3,5,,2024-04-17 20:11
203745,20374502,25,2022,30,6,1,855,2017m10,1,254,1,1,8,2,190,2,3,5,,2024-04-17 20:11
203745,20374503,25,2022,24,6,1,204,2022m3,1,312,1,1,8,2,190,1,3,5,,2024-04-17 20:11
203745,20374504,25,2022,21,4,,,,,,,1,8,1,,,,5,,2024-04-17 20:11
203746,20374601,25,2022,78,3,,,,,,,2,1,1,,,,3,,2024-04-17 20:11
203746,20374602,25,2022,71,3,,,,,,,2,1,2,,,,5,,2024-04-17 20:11
203746,20374603,25,2022,42,6,,,,,,,1,1,1,,,,4,,2024-04-17 20:11
203746,20374604,25,2022,41,6,,,,,,,1,1,2,,,,4,,2024-04-17 20:11
203747,20374701,25,2022,49,6,2,451,2016m7,4,510,2,2,8,1,1000,,2,4,,2024-04-17 20:11
203747,20374702,25,2022,47,5,,,,,,,2,8,2,,,,4,,2024-04-17 20:11
203747,20374703,25,2022,19,4,,,,,,,1,8,1,,,,4,,2024-04-17 20:11
203747,20374704,25,2022,16,2,,,,,,,1,8,1,,,,4,,2024-04-17 20:11
203748,20374801,25,2022,80,2,,,,,,,3,8,2,,,,5,,2024-04-17 20:11
203750,20375001,25,2022,87,2,,,,,,,2,8,1,,,,4,,2024-04-17 20:11
203750,20375002,25,2022,82,2,,,,,,,2,8,2,,,,4,,2024-04-17 20:11
203750,20375003,25,2022,51,3,1,641,2002m3,1,320,1,2,8,1,400,1,2,4,,2024-04-17 20:11
203750,20375004,25,2022,45,3,,,,,,,2,8,2,,,,4,,2024-04-17 20:11
203751,20375101,25,2022,85,2,,,,,,,3,8,2,,,,5,,2024-04-17 20:11
203752,20375201,25,2022,76,2,,,,,,,2,8,1,,,,4,,2024-04-17 20:11
203752,20375202,25,2022,74,2,,,,,,,2,8,2,,,,5,,2024-04-17 20:11
203753,20375301,25,2022,75,3,,,,,,,3,8,1,,,,5,,2024-04-17 20:11
203754,20375401,25,2022,82,2,,,,,,,2,8,1,,,,4,,2024-04-17 20:11
203754,20375402,25,2022,77,2,,,,,,,2,8,2,,,,5,,2024-04-17 20:11
203755,20375501,25,2022,82,1,,,,,,,3,8,2,,,,6,,2024-04-17 20:11
203756,20375601,25,2022,89,2,,,,,,,2,8,1,,,,4,,2024-04-17 20:11
203756,20375602,25,2022,83,2,,,,,,,2,8,2,,,,4,,2024-04-17 20:11
203757,20375702,25,2022,75,2,,,,,,,2,8,2,,,,5,,2024-04-17 20:11
203758,20375801,25,2022,69,2,2,492,1998m3,4,873,2,2,8,1,150,,3,4,,2024-04-17 20:11
203758,20375802,25,2022,68,2,2,11,1980m3,4,611,2,2,8,2,50,,3,4,,2024-04-17 20:11
203759,20375901,25,2022,70,3,2,12,1996m3,4,613,2,2,8,1,200,,3,5,,2024-04-17 20:11
203759,20375902,25,2022,69,3,3,12,1996m3,5,613,2,2,8,2,,,3,5,,2024-04-17 20:11
203760,20376001,25,2022,83,1,,,,,,,3,8,2,,,,5,,2024-04-17 20:11
203761,20376101,25,2022,69,2,,,,,,,3,8,2,,,,5,,2024-04-17 20:11
203762,20376201,25,2022,74,2,,,,,,,3,8,2,,,,5,,2024-04-17 20:11
203762,20376202,25,2022,50,3,1,411,2021m1,3,782,1,1,8,1,155,2,3,5,,2024-04-17 20:11
203763,20376301,25,2022,77,2,1,841,2022m1,2,941,1,2,8,1,95,2,3,5,,2024-04-17 20:11
203763,20376302,25,2022,72,2,1,561,2014m6,2,952,1,2,8,2,100,2,3,5,,2024-04-17 20:11
203764,20376401,25,2022,62,2,1,561,2021m7,3,441,1,3,8,2,100,2,3,5,,2024-04-17 20:11
203765,20376501,25,2022,80,3,1,841,2022m3,2,941,1,2,8,1,27,2,3,5,,2024-04-17 20:11
203765,20376502,25,2022,80,2,,,,,,,2,8,2,,,,5,,2024-04-17 20:11
203767,20376701,25,2022,87,2,,,,,,,2,8,1,,,,4,,2024-04-17 20:11
203767,20376702,25,2022,82,2,,,,,,,2,8,2,,,,5,,2024-04-17 20:11
203768,20376801,25,2022,83,2,,,,,,,3,8,2,,,,5,,2024-04-17 20:11
203769,20376901,25,2022,87,2,,,,,,,2,8,1,,,,5,,2024-04-17 20:11
203769,20376902,25,2022,81,2,,,,,,,2,8,2,,,,5,,2024-04-17 20:11
203770,20377001,25,2022,67,2,1,561,2018m10,2,442,1,3,8,2,100,2,3,5,,2024-04-17 20:11
203771,20377101,25,2022,58,3,1,411,2008m3,3,910,1,2,8,1,200,2,3,5,,2024-04-17 20:11
203771,20377102,25,2022,57,3,1,471,2014m3,1,710,1,2,8,2,230,1,3,5,,2024-04-17 20:11
203771,20377103,25,2022,26,4,,,,,,,1,8,2,,,,5,,2024-04-17 20:11
203771,20377104,25,2022,24,5,1,862,2019m3,1,246,1,1,8,2,190,1,3,5,,2024-04-17 20:11
203771,20377105,25,2022,18,2,,,,,,,1,8,2,,,,5,,2024-04-17 20:11
203772,20377202,25,2022,77,2,,,,,,,2,8,2,,,,5,,2024-04-17 20:11
203773,20377301,25,2022,63,5,2,11,2010m3,4,611,2,2,8,1,250,,3,4,,2024-04-17 20:11
203773,20377302,25,2022,58,3,3,11,1990m3,5,611,2,2,8,2,,,3,4,,2024-04-17 20:11
203774,20377401,25,2022,81,3,2,11,2000m1,4,611,2,2,8,1,100,,3,5,,2024-04-17 20:11
203774,20377402,25,2022,78,2,3,11,2000m1,5,611,2,2,8,2,,,3,5,,2024-04-17 20:11
203775,20377501,25,2022,77,6,,,,,,,2,8,1,,,,4,,2024-04-17 20:11
203775,20377502,25,2022,79,6,,,,,,,2,8,2,,,,5,,2024-04-17 20:11
203776,20377601,25,2022,84,6,,,,,,,2,8,1,,,,5,,2024-04-17 20:11
203776,20377602,25,2022,82,5,,,,,,,2,8,2,,,,4,,2024-04-17 20:11
203777,20377701,25,2022,63,3,2,11,1990m3,4,611,2,2,8,1,200,,3,4,,2024-04-17 20:11
203777,20377702,25,2022,65,3,3,11,2000m3,5,611,2,2,8,2,,,3,5,,2024-04-17 20:11
203778,20377801,25,2022,74,2,2,132,1988m1,4,822,2,2,8,1,300,,3,4,,2024-04-17 20:11
203778,20377802,25,2022,72,2,,,,,,,2,8,2,,,,4,,2024-04-17 20:11
203779,20377901,25,2022,76,3,,,,,,,2,8,1,,,,5,,2024-04-17 20:11
203779,20377902,25,2022,74,2,,,,,,,2,8,2,,,,5,,2024-04-17 20:11
203780,20378001,25,2022,45,3,1,423,2018m5,3,762,1,2,8,1,300,2,3,4,,2024-04-17 20:11
203780,20378002,25,2022,39,3,,,,,,,2,8,2,,,,4,,2024-04-17 20:11
203780,20378003,25,2022,15,2,,,,,,,1,8,2,,,,4,,2024-04-17 20:11
203781,20378101,25,2022,64,6,1,134,1995m1,1,141,1,2,8,1,470,1,2,4,,2024-04-17 20:11
203781,20378102,25,2022,62,3,,,,,,,2,8,2,,,,5,,2024-04-17 20:11
203782,20378201,25,2022,37,5,1,529,2015m1,1,312,1,1,5,1,329,1,2,4,,2024-04-17 20:11
203783,20378301,25,2022,53,6,,,,,,,2,5,1,,,,5,,2024-04-17 20:11
203783,20378302,25,2022,53,6,,,,,,,2,5,2,,,,5,,2024-04-17 20:11
203784,20378402,25,2022,81,2,,,,,,,3,8,2,,,,5,,2024-04-17 20:11
203785,20378501,25,2022,71,3,,,,,,,3,5,1,,,,5,,2024-04-17 20:11
203786,20378601,25,2022,60,6,1,851,2021m10,2,254,1,2,1,1,50,2,3,4,,2024-04-17 20:11
203786,20378602,25,2022,58,5,1,751,2018m3,2,314,1,2,1,2,145,2,3,4,,2024-04-17 20:11
203786,20378603,25,2022,19,3,,,,,,,1,1,2,,,,4,,2024-04-17 20:11
203788,20378801,25,2022,82,2,,,,,,,3,1,2,,,,5,,2024-04-17 20:11
203788,20378802,25,2022,27,3,1,561,2021m10,3,442,1,1,1,1,150,2,3,5,,2024-04-17 20:11
203789,20378901,25,2022,64,6,2,721,1988m4,4,234,2,2,1,1,650,,2,3,,2024-04-17 20:11
203789,20378902,25,2022,62,6,3,721,2021m6,5,234,2,2,1,2,,,2,3,,2024-04-17 20:11
203790,20379001,25,2022,72,1,,,,,,,3,1,2,,,,5,,2024-04-17 20:11
203791,20379101,25,2022,68,2,,,,,,,3,1,2,,,,5,,2024-04-17 20:11
203791,20379102,25,2022,45,6,2,474,2018m4,4,521,2,1,1,1,200,,3,5,,2024-04-17 20:11
203792,20379202,25,2022,70,3,,,,,,,2,1,2,,,,2,,2024-04-17 20:11
203794,20379401,25,2022,59,6,,,,,,,3,1,1,,,,4,,2024-04-17 20:11
203795,20379501,25,2022,85,3,,,,,,,3,1,1,,,,5,,2024-04-17 20:11
203796,20379601,25,2022,46,6,1,291,2016m3,1,743,1,2,1,1,200,1,3,5,,2024-04-17 20:11
203796,20379602,25,2022,34,5,1,759,2016m4,2,930,1,2,1,2,60,2,3,5,,2024-04-17 20:11
203797,20379701,25,2022,41,3,1,423,2021m5,1,762,1,2,1,1,350,1,2,4,,2024-04-17 20:11
203797,20379702,25,2022,41,6,,,,,,,2,1,2,,,,4,,2024-04-17 20:11
203798,20379801,25,2022,53,3,2,969,1995m3,4,823,2,2,1,1,220,,3,4,,2024-04-17 20:11
203798,20379802,25,2022,50,3,1,872,2020m2,1,421,1,2,1,2,120,1,2,4,,2024-04-17 20:11
203799,20379902,25,2022,70,2,,,,,,,2,1,2,,,,5,,2024-04-17 20:11
203800,20380001,25,2022,75,2,,,,,,,2,1,1,,,,4,,2024-04-17 20:11
203800,20380002,25,2022,72,2,,,,,,,2,1,2,,,,4,,2024-04-17 20:11
203801,20380101,25,2022,79,1,,,,,,,3,1,2,,,,5,,2024-04-17 20:11
203803,20380301,25,2022,84,2,,,,,,,2,5,1,,,,5,,2024-04-17 20:11
203803,20380302,25,2022,78,2,,,,,,,2,5,2,,,,5,,2024-04-17 20:11
203804,20380401,25,2022,56,3,2,561,2015m2,4,521,2,2,5,1,700,,2,5,,2024-04-17 20:11
203804,20380403,25,2022,18,2,,,,,,,1,5,2,,,,5,,2024-04-17 20:11
203805,20380501,25,2022,49,3,1,529,1995m4,1,312,1,3,5,1,350,1,2,5,,2024-04-17 20:11
203806,20380601,25,2022,67,2,1,751,2022m3,3,951,1,2,5,2,96,2,3,5,,2024-04-17 20:11
203806,20380602,25,2022,72,3,2,492,2003m3,4,873,2,2,5,1,230,,2,5,,2024-04-17 20:11
203808,20380801,25,2022,48,3,1,424,2017m2,3,782,1,2,5,1,290,2,3,5,,2024-04-17 20:11
203808,20380802,25,2022,45,3,1,303,2018m3,1,312,1,2,5,2,150,1,2,5,,2024-04-17 20:11
203808,20380803,25,2022,20,4,,,,,,,1,5,2,,,,5,,2024-04-17 20:11
203809,20380901,25,2022,43,5,2,422,2021m8,4,510,2,2,5,1,1400,,2,5,,2024-04-17 20:11
203809,20380902,25,2022,43,3,,,,,,,2,5,2,,,,5,,2024-04-17 20:11
203810,20381001,25,2022,83,2,,,,,,,2,5,1,,,,5,,2024-04-17 20:11
203810,20381002,25,2022,83,2,,,,,,,2,5,2,,,,5,,2024-04-17 20:11
203810,20381003,25,2022,55,3,1,529,2002m6,1,921,1,1,5,1,400,1,2,5,,2024-04-17 20:11
203810,20381004,25,2022,54,3,,,,,,,1,5,1,,,,5,,2024-04-17 20:11
203812,20381201,25,2022,61,3,2,466,1998m1,4,521,2,2,8,1,300,,2,3,,2024-04-17 20:11
203812,20381202,25,2022,66,3,,,,,,,2,8,2,,,,3,,2024-04-17 20:11
203813,20381301,25,2022,65,6,2,471,2010m1,4,521,2,2,8,1,300,,2,3,,2024-04-17 20:11
203813,20381302,25,2022,62,6,3,471,2010m1,5,521,2,2,8,2,,,2,3,,2024-04-17 20:11
203814,20381401,25,2022,64,6,2,682,2018m3,4,274,2,2,8,1,300,,2,3,,2024-04-17 20:11
203814,20381402,25,2022,60,3,,,,,,,2,8,2,,,,3,,2024-04-17 20:11
203815,20381501,25,2022,90,3,,,,,,,3,8,1,,,,4,,2024-04-17 20:11
203816,20381601,25,2022,67,2,1,742,2021m1,1,941,1,2,8,1,165,1,3,3,,2024-04-17 20:11
203816,20381602,25,2022,64,2,,,,,,,2,8,2,,,,3,,2024-04-17 20:11
203817,20381701,25,2022,65,6,2,471,2012m1,4,521,2,2,8,1,300,,2,3,,2024-04-17 20:11
203817,20381702,25,2022,64,3,,,,,,,2,8,2,,,,3,,2024-04-17 20:11
203817,20381703,25,2022,37,6,,,,,,,1,8,1,,,,3,,2024-04-17 20:11
203818,20381801,25,2022,72,3,2,12,2021m6,4,613,2,2,8,1,,,3,4,,2024-04-17 20:11
203818,20381802,25,2022,67,3,3,12,2021m6,5,613,2,2,8,2,,,3,4,,2024-04-17 20:11
203819,20381901,25,2022,64,6,1,529,2016m1,1,312,1,2,8,1,270,1,2,3,,2024-04-17 20:11
203819,20381902,25,2022,64,3,,,,,,,2,8,2,,,,3,,2024-04-17 20:11
203820,20382001,25,2022,72,3,,,,,,,3,8,2,,,,3,,2024-04-17 20:11
203821,20382101,25,2022,67,3,2,969,2008m1,4,,2,3,8,1,120,,3,4,,2024-04-17 20:11
203822,20382201,25,2022,61,3,2,961,2010m1,4,422,2,2,8,2,200,,2,4,,2024-04-17 20:11
203823,20382301,25,2022,43,6,,,,,,,2,8,2,,,,3,,2024-04-17 20:11
203823,20382302,25,2022,41,6,1,261,2009m1,1,234,1,2,8,1,1000,1,2,3,,2024-04-17 20:11
203824,20382401,25,2022,71,3,,,,,,,3,8,2,,,,3,,2024-04-17 20:11
203824,20382402,25,2022,101,2,,,,,,,3,8,2,,,,3,,2024-04-17 20:11
203825,20382502,25,2022,64,3,,,,,,,3,8,2,,,,3,,2024-04-17 20:11
203826,20382601,25,2022,84,3,,,,,,,2,8,1,,,,3,,2024-04-17 20:11
203826,20382602,25,2022,86,2,,,,,,,2,8,2,,,,3,,2024-04-17 20:11
203827,20382701,25,2022,46,6,1,582,1999m3,1,222,1,2,8,1,500,1,2,3,,2024-04-17 20:11
203827,20382702,25,2022,43,6,,,,,,,2,8,2,,,,3,,2024-04-17 20:11
203828,20382801,25,2022,40,6,1,292,2012m3,1,274,1,2,8,1,500,1,2,3,,2024-04-17 20:11
203828,20382802,25,2022,36,6,1,851,2022m3,1,252,1,2,8,2,340,1,2,3,,2024-04-17 20:11
203829,20382901,25,2022,80,2,,,,,,,3,8,2,,,,3,,2024-04-17 20:11
203830,20383001,25,2022,74,6,,,,,,,2,8,1,,,,3,,2024-04-17 20:11
203830,20383002,25,2022,70,3,,,,,,,2,8,2,,,,3,,2024-04-17 20:11
203831,20383101,25,2022,79,6,,,,,,,2,8,1,,,,3,,2024-04-17 20:11
203831,20383102,25,2022,80,6,,,,,,,2,8,2,,,,3,,2024-04-17 20:11
203832,20383201,25,2022,67,3,,,,,,,2,8,2,,,,3,,2024-04-17 20:11
203832,20383202,25,2022,70,3,1,,1985m1,1,942,1,2,8,1,200,1,2,3,,2024-04-17 20:11
203832,20383203,25,2022,30,6,1,844,2021m10,1,411,1,1,8,1,250,1,2,3,,2024-04-17 20:11
203832,20383204,25,2022,31,6,1,204,2015m1,1,244,1,1,8,2,250,1,2,3,,2024-04-17 20:11
203833,20383301,25,2022,63,6,1,842,2018m1,1,942,1,2,8,1,290,1,3,3,,2024-04-17 20:11
203833,20383302,25,2022,63,3,,,,,,,2,8,2,,,,3,,2024-04-17 20:11
203836,20383601,25,2022,51,6,,,,,,,2,8,2,,,,3,,2024-04-17 20:11
203836,20383602,25,2022,51,6,1,261,1993m1,1,234,1,2,8,1,1500,1,2,3,,2024-04-17 20:11
203836,20383603,25,2022,21,3,,,,,,,1,8,1,,,,3,,2024-04-17 20:11
203836,20383604,25,2022,15,2,,,,,,,1,8,2,,,,2,,2024-04-17 20:11
203837,20383701,25,2022,62,3,2,492,1990m1,4,873,2,2,8,1,300,,2,3,,2024-04-17 20:11
203837,20383702,25,2022,60,3,,,,,,,2,8,2,,,,3,,2024-04-17 20:11
203838,20383801,25,2022,55,3,2,682,2000m1,4,274,2,2,8,1,300,,2,3,,2024-04-17 20:11
203838,20383802,25,2022,55,3,,,,,,,2,8,2,,,,3,,2024-04-17 20:11
203838,20383804,25,2022,25,6,1,561,2022m1,1,244,1,1,8,2,250,1,2,3,,2024-04-17 20:11
203839,20383901,25,2022,52,6,1,421,2022m1,1,875,1,2,8,1,420,1,2,3,,2024-04-17 20:11
203839,20383902,25,2022,50,6,1,872,2021m4,1,421,1,2,8,2,250,2,3,3,,2024-04-17 20:11
203840,20384001,25,2022,54,6,3,204,2020m1,5,930,2,2,8,1,,,3,4,,2024-04-17 20:11
203840,20384002,25,2022,54,5,2,222,2013m3,4,832,2,2,8,2,300,,3,4,,2024-04-17 20:11
203840,20384003,25,2022,21,4,,,,,,,1,8,2,,,,4,,2024-04-17 20:11
203841,20384101,25,2022,52,3,1,473,2020m1,1,521,1,3,8,2,300,1,3,4,,2024-04-17 20:11
203841,20384102,25,2022,22,6,,,,,,,1,8,2,,,,4,,2024-04-17 20:11
203841,20384103,25,2022,18,2,,,,,,,1,8,2,,,,4,,2024-04-17 20:11
203843,20384301,25,2022,68,2,,,,,,,2,8,1,,,,4,,2024-04-17 20:11
203843,20384302,25,2022,70,2,,,,,,,2,8,2,,,,4,,2024-04-17 20:11
203844,20384401,25,2022,43,6,1,301,2007m3,1,854,1,2,8,1,710,1,2,3,,2024-04-17 20:11
203844,20384402,25,2022,39,5,1,872,2022m3,1,421,1,2,8,2,100,2,2,3,,2024-04-17 20:11
203845,20384501,25,2022,63,6,1,853,1998m3,1,251,1,2,8,1,1000,1,2,3,,2024-04-17 20:11
203845,20384502,25,2022,62,6,,,,,,,2,8,2,,,,3,,2024-04-17 20:11
203846,20384601,25,2022,79,2,,,,,,,2,8,2,,,,5,,2024-04-17 20:11
203846,20384602,25,2022,81,2,,,,,,,2,8,1,,,,4,,2024-04-17 20:11
203847,20384701,25,2022,32,6,1,412,2016m3,1,312,1,2,8,1,375,1,2,3,,2024-04-17 20:11
203847,20384702,25,2022,31,6,,,,,,,2,8,2,,,,3,,2024-04-17 20:11
203848,20384801,25,2022,78,3,1,841,2020m10,2,421,1,2,8,2,27,2,2,5,,2024-04-17 20:11
203849,20384901,25,2022,50,6,1,612,2002m1,1,224,1,2,8,1,600,1,2,3,,2024-04-17 20:11
203849,20384902,25,2022,46,3,,,,,,,2,8,2,,,,3,,2024-04-17 20:11
203850,20385001,25,2022,63,2,1,872,2017m8,3,421,1,2,8,2,180,2,3,4,,2024-04-17 20:11
203851,20385101,25,2022,88,1,,,,,,,2,8,1,,,,5,,2024-04-17 20:11
203851,20385102,25,2022,78,1,,,,,,,2,8,2,,,,5,,2024-04-17 20:11
203852,20385201,25,2022,49,3,2,713,2015m6,4,273,2,2,8,1,420,,2,3,,2024-04-17 20:11
203852,20385202,25,2022,42,3,1,251,2015m6,1,312,1,2,8,2,300,1,2,3,,2024-04-17 20:11
203852,20385203,25,2022,17,2,,,,,,,1,8,1,,,,3,,2024-04-17 20:11
203852,20385204,25,2022,15,2,,,,,,,1,8,2,,,,3,,2024-04-17 20:11
203854,20385401,25,2022,56,3,2,561,1989m2,4,710,2,2,8,1,150,,2,4,,2024-04-17 20:11
203854,20385402,25,2022,55,3,3,561,1992m3,5,521,2,2,8,2,,,3,4,,2024-04-17 20:11
203855,20385501,25,2022,57,6,2,466,2020m1,4,312,2,2,8,1,500,,2,4,,2024-04-17 20:11
203855,20385502,25,2022,52,6,1,853,1992m4,2,251,1,2,8,2,300,2,2,4,,2024-04-17 20:11
203857,20385701,25,2022,71,3,2,561,2008m3,4,441,2,2,8,1,200,,3,4,,2024-04-17 20:11
203857,20385702,25,2022,68,2,3,561,2008m3,5,441,2,2,8,2,,,2,4,,2024-04-17 20:11
203858,20385801,25,2022,41,6,1,262,2006m5,1,851,1,2,8,1,200,1,2,4,,2024-04-17 20:11
203858,20385802,25,2022,36,3,1,262,2006m11,1,864,1,2,8,2,200,1,2,4,,2024-04-17 20:11
203859,20385901,25,2022,51,3,1,283,2003m5,1,863,1,2,8,1,320,1,2,5,,2024-04-17 20:11
203859,20385902,25,2022,41,6,1,494,2018m3,1,922,1,2,8,2,170,1,2,4,,2024-04-17 20:11
203860,20386001,25,2022,87,1,,,,,,,3,8,2,,,,5,,2024-04-17 20:11
203861,20386101,25,2022,31,6,1,861,2016m11,1,243,1,1,1,2,320,1,3,3,,2024-04-17 20:11
203862,20386201,25,2022,40,3,1,411,2020m1,2,782,1,2,8,1,300,2,3,5,,2024-04-17 20:11
203862,20386202,25,2022,35,3,1,273,2020m1,2,843,1,2,8,2,,2,3,5,,2024-04-17 20:11
203863,20386301,25,2022,66,3,1,212,2017m7,2,941,1,2,8,1,200,2,2,4,,2024-04-17 20:11
203863,20386302,25,2022,62,3,1,352,2014m2,2,992,1,2,8,2,230,2,2,4,,2024-04-17 20:11
203864,20386401,25,2022,62,3,2,969,1996m5,4,823,2,3,8,1,190,,2,4,,2024-04-17 20:11
203865,20386501,25,2022,68,1,1,682,2019m1,2,942,1,3,8,1,180,2,2,6,,2024-04-17 20:11
203866,20386601,25,2022,40,4,1,952,2018m1,1,751,1,1,8,1,250,1,2,5,,2024-04-17 20:11
203867,20386701,25,2022,39,5,1,467,2008m8,1,510,1,2,8,1,250,1,2,4,,2024-04-17 20:11
203867,20386702,25,2022,27,3,,,,,,,2,8,2,,,,4,,2024-04-17 20:11
203868,20386801,25,2022,62,3,1,411,2018m5,3,782,1,2,8,1,400,2,4,4,,2024-04-17 20:11
203868,20386802,25,2022,59,3,,,,,,,2,8,2,,,,4,,2024-04-17 20:11
203868,20386804,25,2022,98,1,,,,,,,3,8,1,,,,4,,2024-04-17 20:11
203869,20386901,25,2022,51,6,2,581,2012m2,4,281,2,2,8,1,250,,2,4,,2024-04-17 20:11
203869,20386902,25,2022,46,6,2,581,,4,281,2,2,8,2,200,,3,4,,2024-04-17 20:11
203870,20387001,25,2022,40,3,1,262,2018m1,1,841,1,2,8,1,350,1,2,4,,2024-04-17 20:11
203870,20387002,25,2022,41,3,,,,,,,2,8,2,,,,4,,2024-04-17 20:11
203871,20387101,25,2022,43,5,1,426,2022m1,1,874,1,2,8,1,270,1,2,4,,2024-04-17 20:11
203871,20387102,25,2022,38,6,,,,,,,2,8,2,,,,4,,2024-04-17 20:11
203872,20387201,25,2022,64,6,1,204,2021m9,1,232,1,2,8,1,250,1,2,4,,2024-04-17 20:11
203872,20387202,25,2022,57,5,2,474,2021m4,4,521,2,2,8,2,150,,2,4,,2024-04-17 20:11
210143,20387203,25,2022,30,6,1,281,2021m4,1,234,1,2,8,1,240,1,3,5,,2024-04-17 20:11
203873,20387301,25,2022,62,2,,,,,,,3,8,2,,,,4,,2024-04-17 20:11
203873,20387302,25,2022,37,5,,,,,,,1,8,1,,,,4,,2024-04-17 20:11
203873,20387303,25,2022,35,3,1,222,2022m3,2,832,1,1,8,2,180,2,2,5,,2024-04-17 20:11
203874,20387401,25,2022,72,2,1,753,2009m3,2,942,1,2,8,1,200,2,2,5,,2024-04-17 20:11
203874,20387402,25,2022,72,2,1,561,2014m11,1,441,1,2,8,2,110,1,2,5,,2024-04-17 20:11
203875,20387501,25,2022,58,3,,,,,,,1,8,1,,,,3,,2024-04-17 20:11
203875,20387502,25,2022,89,1,,,,,,,2,8,1,,,,3,,2024-04-17 20:11
203875,20387503,25,2022,82,1,,,,,,,2,8,2,,,,3,,2024-04-17 20:11
203877,20387701,25,2022,85,2,,,,,,,2,8,1,,,,4,,2024-04-17 20:11
203877,20387702,25,2022,87,2,,,,,,,2,8,2,,,,5,,2024-04-17 20:11
203878,20387801,25,2022,49,6,2,855,2014m10,4,254,2,1,8,2,200,,2,4,,2024-04-17 20:11
203879,20387901,25,2022,51,3,1,259,2012m3,1,312,1,2,8,1,400,1,2,4,,2024-04-17 20:11
203879,20387902,25,2022,50,3,1,259,2020m1,2,313,1,2,8,2,130,2,2,4,,2024-04-17 20:11
203881,20388101,25,2022,66,3,1,856,2019m3,2,873,1,2,8,1,350,2,2,3,,2024-04-17 20:11
203881,20388102,25,2022,65,3,,,,,,,2,8,2,,,,3,,2024-04-17 20:11
203882,20388201,25,2022,54,3,1,181,1998m4,1,892,1,2,8,1,270,2,3,3,,2024-04-17 20:11
203882,20388202,25,2022,52,3,,,,,,,2,8,2,,,,3,,2024-04-17 20:11
203883,20388301,25,2022,59,6,1,949,1991m3,1,248,1,2,8,1,100,1,2,4,,2024-04-17 20:11
203883,20388302,25,2022,53,5,,,,,,,2,8,2,,,,5,,2024-04-17 20:11
210241,20388303,25,2022,31,6,1,861,2014m9,1,245,1,2,8,2,300,1,3,5,,2024-04-17 20:11
203883,20388304,25,2022,29,5,1,721,2016m6,1,235,1,1,8,1,250,1,2,5,,2024-04-17 20:11
203884,20388401,25,2022,55,3,1,411,2020m10,1,875,1,2,8,1,400,2,2,4,,2024-04-17 20:11
203884,20388402,25,2022,25,6,1,911,2019m5,1,432,1,1,8,2,180,2,2,5,,2024-04-17 20:11
203884,20388404,25,2022,25,4,1,902,2021m9,2,399,1,1,8,2,80,2,2,4,,2024-04-17 20:11
203884,20388405,25,2022,22,4,,,,,,,1,8,2,,,,5,,2024-04-17 20:11
203885,20388501,25,2022,46,3,1,422,2011m3,1,761,1,2,8,1,400,2,2,4,,2024-04-17 20:11
203885,20388502,25,2022,46,3,,,,,,,2,8,2,,,,4,,2024-04-17 20:11
203886,20388602,25,2022,35,5,,,,,,,2,8,2,,,,4,,2024-04-17 20:11
203887,20388701,25,2022,46,3,1,302,2007m5,1,874,1,2,8,1,320,1,2,4,,2024-04-17 20:11
203887,20388702,25,2022,45,3,1,102,2015m12,1,710,1,2,8,2,400,1,2,4,,2024-04-17 20:11
203888,20388801,25,2022,60,3,1,493,2020m6,1,922,1,3,8,1,150,1,3,4,,2024-04-17 20:11
203889,20388901,25,2022,42,3,2,493,2022m1,4,922,2,2,8,1,400,,2,4,,2024-04-17 20:11
203889,20388902,25,2022,41,3,1,651,2017m5,1,239,1,2,8,2,300,1,2,4,,2024-04-17 20:11
203890,20389001,25,2022,46,5,2,494,2019m11,4,922,2,2,8,1,250,,2,6,,2024-04-17 20:11
203890,20389002,25,2022,37,3,,,,,,,2,8,2,,,,6,,2024-04-17 20:11
203891,20389101,25,2022,45,6,,,,,,,2,8,1,,,,2,,2024-04-17 20:11
203891,20389102,25,2022,43,6,1,850,2004m4,1,252,1,2,8,2,350,1,2,2,,2024-04-17 20:11
203892,20389201,25,2022,65,5,2,471,2018m5,4,521,2,2,8,1,250,,2,4,,2024-04-17 20:11
203892,20389202,25,2022,67,3,,,,,,,2,8,2,,,,4,,2024-04-17 20:11
203893,20389301,25,2022,52,6,1,360,1996m5,1,262,1,2,8,1,700,1,2,4,,2024-04-17 20:11
203893,20389302,25,2022,47,6,,,,,,,2,8,2,,,,4,,2024-04-17 20:11
203894,20389401,25,2022,70,3,,,,,,,2,8,1,,,,3,,2024-04-17 20:11
203894,20389402,25,2022,68,3,1,742,2017m2,2,941,1,2,8,2,160,2,3,3,,2024-04-17 20:11
203895,20389501,25,2022,66,6,,,,,,,2,8,1,,,,3,,2024-04-17 20:11
203895,20389502,25,2022,61,3,,,,,,,2,8,2,,,,3,,2024-04-17 20:11
203899,20389901,25,2022,63,2,,,,,,,2,8,2,,,,5,,2024-04-17 20:11
203899,20389903,25,2022,36,3,1,471,2022m1,1,953,1,2,8,2,160,1,2,5,,2024-04-17 20:11
203900,20390001,25,2022,49,6,1,949,2017m3,1,312,1,2,8,1,500,1,3,3,,2024-04-17 20:11
203900,20390002,25,2022,41,6,1,851,2015m3,1,252,1,2,8,2,350,1,2,3,,2024-04-17 20:11
203903,20390301,25,2022,80,2,,,,,,,3,8,2,,,,6,,2024-04-17 20:11
203903,20390303,25,2022,52,2,,,,,,,1,8,1,,,,6,,2024-04-17 20:11
203904,20390401,25,2022,66,3,1,682,2018m4,3,942,1,2,8,1,280,2,4,5,,2024-04-17 20:11
203904,20390402,25,2022,64,3,1,969,2018m10,2,421,1,2,8,2,180,2,3,5,,2024-04-17 20:11
203904,20390403,25,2022,31,6,1,856,2014m3,2,254,1,1,8,2,120,2,3,5,,2024-04-17 20:11
203905,20390501,25,2022,74,2,,,,,,,3,8,1,,,,5,,2024-04-17 20:11
203906,20390603,25,2022,68,3,,,,,,,3,8,2,,,,5,,2024-04-17 20:11
203907,20390701,25,2022,60,3,,,,,,,3,5,2,,,,5,,2024-04-17 20:11
203908,20390802,25,2022,55,5,2,562,2017m6,4,441,2,2,5,2,160,,3,5,,2024-04-17 20:11
203908,20390805,25,2022,21,4,,,,,,,1,5,1,,,,4,,2024-04-17 20:11
203909,20390901,25,2022,38,3,2,493,2010m2,4,873,2,2,5,1,1000,,2,4,,2024-04-17 20:11
203909,20390902,25,2022,38,3,,,,,,,2,5,2,,,,4,,2024-04-17 20:11
203910,20391001,25,2022,74,2,,,,,,,3,5,1,,,,5,,2024-04-17 20:11
203911,20391101,25,2022,58,3,1,952,2019m6,1,751,1,2,5,1,318,1,3,5,,2024-04-17 20:11
203911,20391102,25,2022,51,3,1,852,2013m3,2,952,1,2,5,2,50,2,3,5,,2024-04-17 20:11
203911,20391103,25,2022,21,3,1,261,2020m2,1,863,1,1,5,2,186,1,3,5,,2024-04-17 20:11
203911,20391104,25,2022,19,4,,,,,,,1,5,1,,,,4,,2024-04-17 20:11
203912,20391201,25,2022,68,2,1,479,2020m6,1,532,1,2,5,2,50,2,3,4,,2024-04-17 20:11
203912,20391202,25,2022,77,3,,,,,,,2,5,1,,,,5,,2024-04-17 20:11
203914,20391401,25,2022,37,3,1,521,2021m7,1,312,1,2,8,1,290,1,3,6,,2024-04-17 20:11
203914,20391402,25,2022,38,3,,,,,,,2,8,2,,,,5,,2024-04-17 20:11
203915,20391501,25,2022,82,3,,,,,,,2,8,1,,,,2,,2024-04-17 20:11
203915,20391502,25,2022,82,2,,,,,,,2,8,2,,,,2,,2024-04-17 20:11
203916,20391601,25,2022,58,3,1,872,2020m5,1,421,1,2,8,1,140,2,2,3,,2024-04-17 20:11
203916,20391602,25,2022,56,3,1,872,2016m3,1,421,1,2,8,2,160,2,3,3,,2024-04-17 20:11
203916,20391603,25,2022,26,3,1,222,2018m8,2,930,1,1,8,2,25,2,3,3,,2024-04-17 20:11
203916,20391604,25,2022,23,3,1,259,2022m7,1,851,1,1,8,1,220,1,3,3,,2024-04-17 20:11
203916,20391605,25,2022,92,2,,,,,,,3,8,2,,,,2,,2024-04-17 20:11
203917,20391701,25,2022,28,5,1,733,2019m1,1,284,1,1,1,2,300,1,2,3,,2024-04-17 20:11
203918,20391801,25,2022,64,3,,,,,,,2,8,2,,,,4,,2024-04-17 20:11
203918,20391802,25,2022,34,6,1,872,2018m11,1,312,1,1,8,2,200,1,3,5,,2024-04-17 20:11
203918,20391803,25,2022,66,5,,,,,,,2,8,1,,,,4,,2024-04-17 20:11
203918,20391804,25,2022,36,6,1,303,2012m1,1,312,1,1,8,1,420,1,3,4,,2024-04-17 20:11
203919,20391902,25,2022,86,2,,,,,,,2,8,2,,,,5,,2024-04-17 20:11
210098,20392101,25,2022,59,5,1,411,2000m3,1,141,1,1,1,1,600,1,2,5,,2024-04-17 20:11
203921,20392102,25,2022,84,1,,,,,,,3,1,2,,,,4,,2024-04-17 20:11
203921,20392103,25,2022,33,6,1,582,2021m11,1,222,1,1,1,1,300,1,3,4,,2024-04-17 20:11
203922,20392201,25,2022,80,2,,,,,,,3,8,2,,,,6,,2024-04-17 20:11
203922,20392202,25,2022,47,3,,,,,,,1,8,1,,,,6,,2024-04-17 20:11
203923,20392301,25,2022,77,2,,,,,,,3,1,1,,,,6,,2024-04-17 20:11
203924,20392401,25,2022,87,2,,,,,,,3,1,2,,,,6,,2024-04-17 20:11
203925,20392501,25,2022,87,1,,,,,,,3,8,2,,,,6,,2024-04-17 20:11
203926,20392601,25,2022,84,1,2,11,1958m3,4,611,2,2,8,1,50,,3,5,,2024-04-17 20:11
203926,20392602,25,2022,78,2,,,,,,,2,8,2,,,,5,,2024-04-17 20:11
203927,20392701,25,2022,83,2,2,11,1965m1,4,611,2,2,8,1,80,,3,5,,2024-04-17 20:11
203927,20392702,25,2022,79,2,,,,,,,2,8,2,,,,5,,2024-04-17 20:11
203928,20392801,25,2022,78,2,,,,,,,3,8,2,,,,6,,2024-04-17 20:11
203928,20392802,25,2022,48,3,2,479,2022m3,4,531,2,1,8,1,150,,3,6,,2024-04-17 20:11
203929,20392901,25,2022,67,2,,,,,,,3,8,2,,,,6,,2024-04-17 20:11
203930,20393001,25,2022,72,3,,,,,,,2,8,1,,,,4,,2024-04-17 20:11
203930,20393002,25,2022,68,2,1,561,2021m1,2,442,1,2,8,2,100,2,3,4,,2024-04-17 20:11
203931,20393101,25,2022,65,3,2,141,1984m3,4,721,2,2,8,1,300,,3,5,,2024-04-17 20:11
203931,20393102,25,2022,58,3,3,141,1985m1,5,722,2,2,8,2,,,3,5,,2024-04-17 20:11
203931,20393103,25,2022,32,5,3,141,2013m1,5,722,2,1,8,2,,,3,5,,2024-04-17 20:11
203932,20393202,25,2022,80,2,,,,,,,3,8,2,,,,5,,2024-04-17 20:11
203933,20393301,25,2022,81,2,,,,,,,2,8,1,,,,4,,2024-04-17 20:11
203933,20393302,25,2022,80,2,,,,,,,2,8,2,,,,5,,2024-04-17 20:11
203934,20393401,25,2022,83,1,,,,,,,3,8,2,,,,5,,2024-04-17 20:11
203935,20393501,25,2022,59,3,1,411,2008m5,3,910,1,2,8,1,275,2,3,5,,2024-04-17 20:11
203935,20393502,25,2022,66,2,,,,,,,2,8,2,,,,5,,2024-04-17 20:11
203936,20393601,25,2022,82,2,,,,,,,2,8,1,,,,5,,2024-04-17 20:11
203936,20393602,25,2022,76,2,,,,,,,2,8,2,,,,5,,2024-04-17 20:11
203937,20393702,25,2022,56,3,,,,,,,2,8,2,,,,5,,2024-04-17 20:11
203938,20393801,25,2022,55,3,,,,,,,3,1,2,,,,3,,2024-04-17 20:11
203938,20393802,25,2022,32,6,1,422,2018m2,1,236,1,1,1,1,270,1,2,4,,2024-04-17 20:11
203938,20393803,25,2022,30,5,,,,,,,1,1,2,,,,4,,2024-04-17 20:11
203940,20394001,25,2022,81,3,,,,,,,2,1,1,,,,5,,2024-04-17 20:11
203940,20394002,25,2022,80,3,,,,,,,2,1,2,,,,4,,2024-04-17 20:11
203942,20394201,25,2022,68,3,,,,,,,2,1,1,,,,4,,2024-04-17 20:11
203942,20394202,25,2022,65,3,1,742,2018m3,2,941,1,2,1,2,240,2,2,4,,2024-04-17 20:11
203942,20394203,25,2022,43,3,,,,,,,1,1,2,,,,3,,2024-04-17 20:11
203943,20394301,25,2022,68,3,,,,,,,1,1,1,,,,3,,2024-04-17 20:11
203944,20394401,25,2022,58,3,1,681,2018m11,3,941,1,3,1,2,250,2,3,3,,2024-04-17 20:11
203944,20394402,25,2022,33,5,1,751,2014m3,1,312,1,1,1,2,250,1,2,4,,2024-04-17 20:11
203944,20394403,25,2022,32,5,1,681,2015m3,1,312,1,1,1,1,270,1,2,4,,2024-04-17 20:11
203945,20394501,25,2022,47,6,1,841,2000m3,1,311,1,2,8,1,405,1,2,4,,2024-04-17 20:11
203945,20394502,25,2022,47,5,,,,,,,2,8,2,,,,3,,2024-04-17 20:11
203945,20394503,25,2022,17,2,,,,,,,1,8,2,,,,4,,2024-04-17 20:11
203945,20394504,25,2022,16,2,,,,,,,1,8,1,,,,4,,2024-04-17 20:11
203947,20394703,25,2022,30,6,1,862,2020m3,1,245,1,1,1,2,310,1,3,3,,2024-04-17 20:11
203948,20394801,25,2022,72,2,,,,,,,2,8,1,,,,4,,2024-04-17 20:11
203948,20394802,25,2022,64,2,,,,,,,2,8,2,,,,4,,2024-04-17 20:11
203949,20394901,25,2022,61,2,,,,,,,3,5,1,,,,5,,2024-04-17 20:11
203950,20395001,25,2022,88,2,,,,,,,3,8,1,,,,4,,2024-04-17 20:11
203951,20395101,25,2022,67,3,1,411,1999m2,3,783,1,2,3,1,300,2,3,4,,2024-04-17 20:11
203951,20395102,25,2022,67,3,1,871,2021m6,1,421,1,2,3,2,190,1,2,4,,2024-04-17 20:11
203951,20395103,25,2022,29,6,1,202,2020m10,1,211,1,1,3,1,270,1,2,4,,2024-04-17 20:11
203951,20395104,25,2022,92,1,,,,,,,3,3,2,,,,4,,2024-04-17 20:11
203952,20395201,25,2022,74,2,2,493,2000m3,4,873,2,2,8,1,150,,3,5,,2024-04-17 20:11
203952,20395202,25,2022,72,2,,,,,,,2,8,2,,,,5,,2024-04-17 20:11
203953,20395301,25,2022,86,1,,,,,,,3,8,2,,,,5,,2024-04-17 20:11
203953,20395302,25,2022,58,3,,,,,,,1,8,1,,,,5,,2024-04-17 20:11
203953,20395303,25,2022,51,2,,,,,,,1,8,1,,,,5,,2024-04-17 20:11
203954,20395401,25,2022,82,2,,,,,,,3,8,2,,,,5,,2024-04-17 20:11
203955,20395501,25,2022,63,3,,,,,,,3,9,2,,,,4,,2024-04-17 20:11
203957,20395701,25,2022,93,1,,,,,,,3,8,2,,,,4,,2024-04-17 20:11
203957,20395702,25,2022,60,6,2,561,2020m1,4,441,2,1,8,2,300,,2,4,,2024-04-17 20:11
203958,20395801,25,2022,57,2,1,411,2020m6,3,910,1,2,1,1,200,2,3,6,,2024-04-17 20:11
203958,20395802,25,2022,57,2,,,,,,,2,1,2,,,,6,,2024-04-17 20:11
203959,20395901,25,2022,58,6,1,852,2011m3,1,282,1,3,1,2,250,1,1,3,,2024-04-17 20:11
203959,20395903,25,2022,22,3,,,,,,,1,1,1,,,,3,,2024-04-17 20:11
203960,20396001,25,2022,43,5,1,424,2013m3,1,231,1,2,1,2,400,1,3,4,,2024-04-17 20:11
203960,20396002,25,2022,73,2,,,,,,,3,1,2,,,,4,,2024-04-17 20:11
203961,20396102,25,2022,45,3,,,,,,,2,1,2,,,,3,,2024-04-17 20:11
203963,20396301,25,2022,28,5,1,861,2019m5,1,243,1,1,3,2,250,1,2,3,,2024-04-17 20:11
203963,20396302,25,2022,58,5,1,192,2018m5,1,312,1,2,3,1,500,1,2,3,,2024-04-17 20:11
203963,20396303,25,2022,57,3,1,471,2015m5,1,532,1,2,3,2,230,1,3,4,,2024-04-17 20:11
203965,20396501,25,2022,43,5,1,424,2021m1,3,782,1,2,8,1,350,2,3,4,,2024-04-17 20:11
203965,20396502,25,2022,44,5,,,,,,,2,8,2,,,,4,,2024-04-17 20:11
203966,20396601,25,2022,81,3,,,,,,,2,1,1,,,,4,,2024-04-17 20:11
203966,20396602,25,2022,73,3,,,,,,,2,1,2,,,,4,,2024-04-17 20:11
203967,20396701,25,2022,61,3,,,,,,,2,1,1,,,,3,,2024-04-17 20:11
203968,20396801,25,2022,59,6,1,181,2006m12,1,141,1,2,1,1,300,1,2,4,,2024-04-17 20:11
203968,20396802,25,2022,60,3,,,,,,,2,1,2,,,,4,,2024-04-17 20:11
203969,20396901,25,2022,59,2,1,479,2020m1,2,,1,3,1,1,40,2,2,6,,2024-04-17 20:11
203970,20397001,25,2022,63,2,1,181,2018m4,2,892,1,3,1,2,190,2,2,4,,2024-04-17 20:11
210061,20397002,25,2022,27,5,1,181,2017m3,1,892,1,1,1,2,250,1,3,4,,2024-04-17 20:11
203971,20397101,25,2022,45,6,1,291,2020m6,1,854,1,2,8,1,210,1,3,5,,2024-04-17 20:11
203973,20397301,25,2022,68,2,2,551,2000m1,4,441,2,3,1,2,,,3,2,,2024-04-17 20:11
203974,20397401,25,2022,69,3,,,,,,,3,1,1,,,,6,,2024-04-17 20:11
210062,20397402,25,2022,29,6,,,,,,,2,1,1,,,,4,,2024-04-17 20:11
203975,20397501,25,2022,73,3,1,851,2021m3,2,952,1,3,1,2,27,2,2,4,,2024-04-17 20:11
203976,20397601,25,2022,72,2,1,682,2020m4,2,941,1,2,1,1,160,2,2,4,,2024-04-17 20:11
203979,20397901,25,2022,81,6,,,,,,,2,1,1,,,,4,,2024-04-17 20:11
203979,20397902,25,2022,71,2,,,,,,,2,1,2,,,,4,,2024-04-17 20:11
203980,20398001,25,2022,84,1,,,,,,,3,12,2,,,,6,,2024-04-17 20:11
203981,20398102,25,2022,83,2,,,,,,,3,12,2,,,,5,,2024-04-17 20:11
203982,20398201,25,2022,80,2,,,,,,,3,12,2,,,,5,,2024-04-17 20:11
203983,20398301,25,2022,73,2,,,,,,,3,12,2,,,,6,,2024-04-17 20:11
203984,20398401,25,2022,50,3,,,,,,,2,15,2,,,,4,,2024-04-17 20:11
203984,20398402,25,2022,49,3,,,,,,,2,15,1,,,,5,,2024-04-17 20:11
203985,20398501,25,2022,80,2,,,,,,,2,12,1,,,,5,,2024-04-17 20:11
203985,20398502,25,2022,76,2,,,,,,,2,12,2,,,,5,,2024-04-17 20:11
203986,20398601,25,2022,94,3,,,,,,,2,12,1,,,,5,,2024-04-17 20:11
203986,20398602,25,2022,91,1,,,,,,,2,12,2,,,,5,,2024-04-17 20:11
203987,20398701,25,2022,73,2,2,11,1974m3,4,611,2,2,12,1,180,,3,4,,2024-04-17 20:11
203987,20398702,25,2022,73,2,3,11,2020m6,5,611,2,2,12,2,,,4,4,,2024-04-17 20:11
203989,20398901,25,2022,81,1,,,,,,,3,12,2,,,,5,,2024-04-17 20:11
203990,20399001,25,2022,77,2,1,841,2019m3,2,941,1,2,6,1,27,2,3,4,,2024-04-17 20:11
203990,20399002,25,2022,69,2,,,,,,,2,6,2,,,,5,,2024-04-17 20:11
203991,20399101,25,2022,64,3,,,,,,,2,6,1,,,,4,,2024-04-17 20:11
203991,20399102,25,2022,59,3,1,561,2011m1,1,441,1,2,6,2,230,1,3,4,,2024-04-17 20:11
203991,20399104,25,2022,31,6,1,862,2021m7,1,243,1,1,6,2,230,1,3,4,,2024-04-17 20:11
203991,20399105,25,2022,30,6,1,561,2019m12,2,952,1,1,6,1,200,2,3,4,,2024-04-17 20:11
203992,20399201,25,2022,39,3,1,421,2016m1,1,312,1,2,6,1,190,1,3,4,,2024-04-17 20:11
203992,20399202,25,2022,37,3,,,,,,,2,6,2,,,,4,,2024-04-17 20:11
203993,20399301,25,2022,78,1,1,841,2019m9,2,941,1,3,6,2,27,2,3,4,,2024-04-17 20:11
203993,20399302,25,2022,53,3,1,751,2021m6,3,991,1,1,6,1,120,2,3,4,,2024-04-17 20:11
203994,20399401,25,2022,56,2,1,251,2017m9,2,851,1,3,6,1,300,2,3,4,,2024-04-17 20:11
203995,20399501,25,2022,66,5,1,120,2022m1,2,753,1,2,6,1,235,2,3,3,,2024-04-17 20:11
203995,20399502,25,2022,60,3,,,,,,,2,6,2,,,,3,,2024-04-17 20:11
203996,20399601,25,2022,61,3,,,,,,,3,12,1,,,,6,,2024-04-17 20:11
210290,20399602,25,2022,44,2,,,,,,,3,12,2,,,,6,,2024-04-17 20:11
203997,20399701,25,2022,30,3,1,862,2016m7,1,246,1,1,12,2,250,1,2,5,,2024-04-17 20:11
203998,20399801,25,2022,55,5,,,,,,,2,12,2,,,,6,,2024-04-17 20:11
203998,20399802,25,2022,58,3,,,,,,,2,12,1,,,,6,,2024-04-17 20:11
203999,20399901,25,2022,80,5,1,841,2019m3,2,941,1,3,12,2,27,2,2,5,,2024-04-17 20:11
203999,20399902,25,2022,48,3,,,,,,,1,12,1,,,,5,,2024-04-17 20:11
204000,20400001,25,2022,51,3,,,,,,,1,12,1,,,,6,,2024-04-17 20:11
204000,20400002,25,2022,75,1,,,,,,,3,12,2,,,,6,,2024-04-17 20:11
204001,20400101,25,2022,64,3,1,872,2020m6,2,421,1,3,12,2,230,2,2,6,,2024-04-17 20:11
204002,20400201,25,2022,63,3,1,872,2011m4,1,421,1,3,12,2,180,2,2,5,,2024-04-17 20:11
204004,20400401,25,2022,65,3,1,411,2020m10,2,910,1,3,12,1,90,2,2,6,,2024-04-17 20:11
204005,20400501,25,2022,76,2,,,,,,,3,12,1,,,,6,,2024-04-17 20:11
204006,20400601,25,2022,67,6,1,721,2020m4,1,231,1,2,3,1,300,1,2,3,,2024-04-17 20:11
204006,20400602,25,2022,63,3,1,281,2015m1,1,312,1,2,3,2,135,1,2,3,,2024-04-17 20:11
204008,20400801,25,2022,62,6,,,,,,,2,3,1,,,,3,,2024-04-17 20:11
204008,20400802,25,2022,59,6,2,856,1998m3,4,254,2,2,3,2,250,,3,3,,2024-04-17 20:11
204008,20400803,25,2022,32,6,1,651,2019m12,1,320,1,1,3,1,460,1,2,3,,2024-04-17 20:11
204009,20400901,25,2022,54,6,1,853,2002m3,1,251,1,2,3,1,650,1,2,3,,2024-04-17 20:11
204009,20400902,25,2022,50,6,1,464,2008m3,2,254,1,2,3,2,100,2,3,3,,2024-04-17 20:11
204009,20400904,25,2022,20,4,,,,,,,1,3,1,,,,3,,2024-04-17 20:11
204010,20401001,25,2022,38,6,1,264,2010m2,1,234,1,2,3,1,700,1,2,3,,2024-04-17 20:11
204010,20401002,25,2022,39,6,1,853,2009m12,1,312,1,2,3,2,420,1,2,3,,2024-04-17 20:11
204011,20401101,25,2022,56,6,1,411,2015m3,1,121,1,2,3,1,820,1,2,3,,2024-04-17 20:11
204011,20401102,25,2022,54,6,2,855,2003m3,4,254,2,2,3,2,400,,2,3,,2024-04-17 20:11
204011,20401103,25,2022,28,6,1,661,2020m5,1,320,1,1,3,2,300,1,1,3,,2024-04-17 20:11
204011,20401104,25,2022,23,4,,,,,,,1,3,1,,,,3,,2024-04-17 20:11
204013,20401301,25,2022,59,5,1,411,2014m3,2,782,1,3,3,1,360,2,3,4,,2024-04-17 20:11
204014,20401401,25,2022,44,3,1,411,2019m6,3,782,1,1,3,1,200,2,3,5,,2024-04-17 20:11
204015,20401501,25,2022,50,3,1,952,2002m2,1,751,1,2,3,1,230,1,3,5,,2024-04-17 20:11
204015,20401502,25,2022,50,3,1,561,2015m6,2,952,1,2,3,2,100,2,3,5,,2024-04-17 20:11
204016,20401601,25,2022,52,3,1,132,2008m5,1,753,1,2,3,1,230,1,3,5,,2024-04-17 20:11
204016,20401602,25,2022,52,3,,,,,,,2,3,2,,,,5,,2024-04-17 20:11
204017,20401701,25,2022,55,3,1,132,1995m4,1,753,1,3,3,1,240,1,3,4,,2024-04-17 20:11
204018,20401801,25,2022,84,2,1,841,2017m3,2,941,1,2,3,1,27,2,3,5,,2024-04-17 20:11
204018,20401802,25,2022,85,2,,,,,,,2,3,2,,,,5,,2024-04-17 20:11
204019,20401901,25,2022,28,6,1,872,2018m7,1,236,1,1,3,2,190,2,3,4,,2024-04-17 20:11
204019,20401902,25,2022,27,3,1,561,2021m7,2,710,1,1,3,2,120,2,3,4,,2024-04-17 20:11
204020,20402001,25,2022,85,2,,,,,,,3,10,2,,,,4,,2024-04-17 20:11
204021,20402101,25,2022,75,2,1,872,2021m3,2,941,1,3,10,2,,2,1,5,,2024-04-17 20:11
204022,20402201,25,2022,58,3,1,411,1987m3,3,782,1,2,10,1,300,2,2,5,,2024-04-17 20:11
204022,20402202,25,2022,53,3,2,561,2016m3,4,441,2,2,10,2,200,,3,5,,2024-04-17 20:11
204022,20402203,25,2022,22,5,,,,,,,1,10,2,,,,4,,2024-04-17 20:11
204022,20402204,25,2022,20,4,,,,,,,1,10,1,,,,4,,2024-04-17 20:11
204023,20402301,25,2022,66,2,2,492,2021m7,4,873,2,2,10,1,200,,1,4,,2024-04-17 20:11
204023,20402302,25,2022,64,2,,,,,,,2,10,2,,,,4,,2024-04-17 20:11
204023,20402303,25,2022,37,3,,,,,,,1,10,1,,,,4,,2024-04-17 20:11
204024,20402401,25,2022,62,2,1,411,2000m3,3,910,1,2,10,1,100,2,2,4,,2024-04-17 20:11
204024,20402402,25,2022,59,2,1,961,2022m3,1,941,1,2,10,2,40,2,3,4,,2024-04-17 20:11
204024,20402403,25,2022,34,3,,,,,,,1,10,2,,,,4,,2024-04-17 20:11
204024,20402404,25,2022,32,5,,,,,,,1,10,1,,,,4,,2024-04-17 20:11
204025,20402501,25,2022,43,6,,,,,,,3,10,2,,,,6,,2024-04-17 20:11
204025,20402502,25,2022,18,2,,,,,,,1,10,1,,,,4,,2024-04-17 20:11
204026,20402602,25,2022,47,3,1,151,2008m3,1,721,1,3,10,2,200,2,2,6,,2024-04-17 20:11
204026,20402603,25,2022,18,2,,,,,,,1,10,2,,,,5,,2024-04-17 20:11
204026,20402604,25,2022,15,2,,,,,,,1,10,1,,,,4,,2024-04-17 20:11
204027,20402701,25,2022,67,2,,,,,,,3,10,2,,,,6,,2024-04-17 20:11
204027,20402702,25,2022,45,4,2,961,2021m3,4,422,2,3,10,1,150,,4,6,,2024-04-17 20:11
204028,20402801,25,2022,72,6,,,,,,,2,4,2,,,,4,,2024-04-17 20:11
204029,20402901,25,2022,61,3,1,301,1980m2,1,854,1,2,7,1,500,1,2,4,,2024-04-17 20:11
204029,20402902,25,2022,57,3,,,,,,,2,7,2,,,,4,,2024-04-17 20:11
204029,20402903,25,2022,34,6,1,303,2014m3,1,312,1,1,7,1,250,1,3,4,,2024-04-17 20:11
204030,20403002,25,2022,55,6,1,551,2022m4,2,432,1,3,7,2,100,1,3,6,,2024-04-17 20:11
204030,20403004,25,2022,25,6,1,649,2022m3,1,272,1,1,7,2,230,1,3,5,,2024-04-17 20:11
204030,20403005,25,2022,20,4,,,,,,,1,7,1,,,,5,,2024-04-17 20:11
204031,20403101,25,2022,51,3,1,203,1996m3,1,841,1,2,7,1,700,1,3,3,,2024-04-17 20:11
204031,20403102,25,2022,48,5,,,,,,,2,7,2,,,,3,,2024-04-17 20:11
204031,20403103,25,2022,20,4,,,,,,,1,7,1,,,,3,,2024-04-17 20:11
204031,20403104,25,2022,15,2,,,,,,,1,7,1,,,,3,,2024-04-17 20:11
204032,20403201,25,2022,60,6,2,291,1988m3,4,274,2,2,7,1,1000,,2,4,,2024-04-17 20:11
204032,20403202,25,2022,58,5,3,303,2020m1,5,313,2,2,7,2,,,2,4,,2024-04-17 20:11
204032,20403203,25,2022,33,6,1,856,2012m3,1,254,1,1,7,2,170,1,3,4,,2024-04-17 20:11
204033,20403301,25,2022,66,6,2,311,1998m2,4,141,2,2,7,1,1200,,3,3,,2024-04-17 20:11
204033,20403302,25,2022,58,6,,,,,,,2,7,2,,,,3,,2024-04-17 20:11
204033,20403303,25,2022,20,4,,,,,,,1,7,1,,,,3,,2024-04-17 20:11
204034,20403401,25,2022,66,4,,,,,,,2,7,1,,,,4,,2024-04-17 20:11
204034,20403402,25,2022,62,3,,,,,,,2,7,2,,,,4,,2024-04-17 20:11
210099,20403502,25,2022,47,6,,,,,,,3,7,2,,,,5,,2024-04-17 20:11
204036,20403601,25,2022,53,6,1,201,1997m9,1,312,1,2,7,1,450,1,3,5,,2024-04-17 20:11
204036,20403602,25,2022,50,6,,,,,,,2,7,2,,,,4,,2024-04-17 20:11
204036,20403603,25,2022,22,4,,,,,,,1,7,1,,,,5,,2024-04-17 20:11
204039,20403901,25,2022,61,3,3,561,2014m3,5,442,2,2,15,1,,,3,5,,2024-04-17 20:11
204039,20403902,25,2022,60,2,2,561,2014m3,4,441,2,2,15,2,200,,3,5,,2024-04-17 20:11
204041,20404101,25,2022,56,3,2,11,1992m3,4,611,2,2,15,1,400,,3,4,,2024-04-17 20:11
204041,20404102,25,2022,52,2,3,11,1993m3,5,611,2,2,15,2,,,3,5,,2024-04-17 20:11
204042,20404201,25,2022,71,6,,,,,,,2,15,1,,,,3,,2024-04-17 20:11
204042,20404202,25,2022,66,2,,,,,,,2,15,2,,,,3,,2024-04-17 20:11
204043,20404301,25,2022,81,2,,,,,,,3,15,1,,,,5,,2024-04-17 20:11
204044,20404401,25,2022,79,2,,,,,,,2,15,1,,,,5,,2024-04-17 20:11
204044,20404402,25,2022,75,2,3,11,1969m9,5,611,2,2,15,2,,,3,5,,2024-04-17 20:11
204045,20404502,25,2022,66,2,2,11,1976m3,4,611,2,2,15,1,50,,4,5,,2024-04-17 20:11
204045,20404503,25,2022,63,2,3,11,1982m3,5,611,2,2,15,2,,,3,5,,2024-04-17 20:11
204046,20404601,25,2022,91,1,,,,,,,3,15,1,,,,6,,2024-04-17 20:11
204047,20404701,25,2022,89,1,,,,,,,3,15,2,,,,6,,2024-04-17 20:11
204048,20404801,25,2022,73,2,2,11,1974m3,4,611,2,2,15,1,120,,3,5,,2024-04-17 20:11
204048,20404802,25,2022,67,2,3,11,1974m3,5,611,2,2,15,2,,,3,5,,2024-04-17 20:11
204049,20404901,25,2022,67,2,2,11,2020m3,4,611,2,2,15,1,100,,4,6,,2024-04-17 20:11
204049,20404902,25,2022,63,2,3,11,1979m4,5,611,2,2,15,2,,,3,5,,2024-04-17 20:11
204050,20405001,25,2022,68,6,,,,,,,2,15,1,,,,3,,2024-04-17 20:11
204050,20405002,25,2022,68,5,,,,,,,2,15,2,,,,3,,2024-04-17 20:11
204051,20405101,25,2022,49,6,1,467,2006m3,1,312,1,2,7,1,340,1,2,4,,2024-04-17 20:11
204051,20405102,25,2022,49,6,1,467,2022m2,1,312,1,2,7,2,170,1,2,4,,2024-04-17 20:11
204051,20405103,25,2022,20,3,,,,,,,1,7,1,,,,4,,2024-04-17 20:11
204051,20405104,25,2022,16,2,,,,,,,1,7,2,,,,4,,2024-04-17 20:11
204052,20405201,25,2022,90,3,,,,,,,2,7,1,,,,5,,2024-04-17 20:11
204052,20405202,25,2022,86,2,,,,,,,2,7,2,,,,5,,2024-04-17 20:11
204053,20405301,25,2022,49,6,1,911,2018m5,1,312,1,2,7,1,500,1,2,4,,2024-04-17 20:11
204053,20405302,25,2022,48,6,1,841,1998m3,1,311,1,2,7,2,580,1,2,4,,2024-04-17 20:11
204053,20405303,25,2022,21,4,,,,,,,1,7,1,,,,4,,2024-04-17 20:11
204054,20405401,25,2022,48,5,2,320,2016m2,4,730,2,2,7,1,420,,3,4,,2024-04-17 20:11
204054,20405402,25,2022,42,3,1,466,2020m1,1,510,1,2,7,2,140,1,2,4,,2024-04-17 20:11
204054,20405403,25,2022,17,2,,,,,,,1,7,1,,,,4,,2024-04-17 20:11
204056,20405601,25,2022,43,3,2,952,2007m2,4,752,2,2,15,1,300,,2,4,,2024-04-17 20:11
204056,20405602,25,2022,40,6,1,857,2018m2,1,247,1,2,15,2,200,1,2,4,,2024-04-17 20:11
204057,20405701,25,2022,57,5,1,292,1993m3,1,312,1,2,7,1,500,1,2,4,,2024-04-17 20:11
204057,20405702,25,2022,53,5,1,651,2018m3,1,510,1,2,7,2,330,1,2,4,,2024-04-17 20:11
210242,20405703,25,2022,27,6,,,,,,,1,1,1,,,,4,,2024-04-17 20:11
204057,20405704,25,2022,22,4,,,,,,,1,7,1,,,,4,,2024-04-17 20:11
204058,20405801,25,2022,53,6,1,841,1998m3,1,311,1,2,7,1,500,1,2,4,,2024-04-17 20:11
204058,20405802,25,2022,53,3,1,841,1997m3,1,311,1,2,7,2,500,1,2,4,,2024-04-17 20:11
204058,20405803,25,2022,17,2,,,,,,,1,7,1,,,,4,,2024-04-17 20:11
204059,20405901,25,2022,73,2,,,,,,,3,7,2,,,,4,,2024-04-17 20:11
204059,20405902,25,2022,45,3,1,,2018m2,3,922,1,3,7,1,200,2,2,4,,2024-04-17 20:11
204060,20406001,25,2022,43,5,1,242,2008m3,1,930,1,2,7,1,450,1,2,4,,2024-04-17 20:11
204060,20406002,25,2022,42,5,,,,,,,2,7,2,,,,4,,2024-04-17 20:11
204061,20406101,25,2022,62,3,2,463,2021m10,4,521,2,2,7,1,300,,2,4,,2024-04-17 20:11
204061,20406102,25,2022,58,3,,,,,,,2,7,2,,,,4,,2024-04-17 20:11
210291,20406103,25,2022,31,5,,,,,,,2,7,2,,,,4,,2024-04-17 20:11
204061,20406104,25,2022,27,5,1,862,2022m3,1,246,1,1,7,2,250,1,2,4,,2024-04-17 20:11
204061,20406105,25,2022,22,4,,,,,,,1,7,2,,,,4,,2024-04-17 20:11
204062,20406201,25,2022,39,3,1,561,2021m2,2,442,1,2,11,2,150,2,3,5,,2024-04-17 20:11
204062,20406202,25,2022,37,3,1,221,2018m5,1,832,1,2,11,1,287,1,3,4,,2024-04-17 20:11
204062,20406203,25,2022,15,2,,,,,,,1,11,2,,,,4,,2024-04-17 20:11
204063,20406301,25,2022,74,2,,,,,,,2,7,1,,,,5,,2024-04-17 20:11
204063,20406302,25,2022,65,2,,,,,,,2,7,2,,,,5,,2024-04-17 20:11
204063,20406303,25,2022,41,3,,,,,,,1,7,2,,,,5,,2024-04-17 20:11
204064,20406401,25,2022,81,2,,,,,,,2,7,2,,,,5,,2024-04-17 20:11
204064,20406402,25,2022,79,2,,,,,,,2,7,1,,,,5,,2024-04-17 20:11
204065,20406501,25,2022,76,2,,,,,,,2,7,1,,,,5,,2024-04-17 20:11
204065,20406502,25,2022,75,2,,,,,,,2,7,2,,,,5,,2024-04-17 20:11
204066,20406601,25,2022,75,2,,,,,,,2,7,1,,,,5,,2024-04-17 20:11
204066,20406602,25,2022,68,2,1,561,2022m2,3,441,1,2,7,2,32,2,2,5,,2024-04-17 20:11
204067,20406701,25,2022,78,2,,,,,,,2,7,1,,,,5,,2024-04-17 20:11
204067,20406702,25,2022,73,2,1,872,2022m2,2,941,1,2,7,2,30,2,2,5,,2024-04-17 20:11
204068,20406801,25,2022,62,3,1,311,1987m5,1,921,1,2,7,1,270,2,2,4,,2024-04-17 20:11
204068,20406802,25,2022,57,3,,,,,,,2,7,2,,,,4,,2024-04-17 20:11
204069,20406901,25,2022,65,2,1,301,1981m3,1,910,1,2,7,1,170,2,2,4,,2024-04-17 20:11
204069,20406902,25,2022,61,3,,,,,,,2,7,2,,,,4,,2024-04-17 20:11
204069,20406903,25,2022,36,6,1,855,2010m5,1,254,1,1,7,2,270,1,2,4,,2024-04-17 20:11
204070,20407001,25,2022,69,6,,,,,,,2,15,1,,,,3,,2024-04-17 20:11
204070,20407002,25,2022,69,3,,,,,,,2,15,2,,,,4,,2024-04-17 20:11
204071,20407101,25,2022,33,6,2,582,2015m7,4,222,2,2,15,1,200,,2,5,,2024-04-17 20:11
204071,20407102,25,2022,38,6,1,853,2020m11,2,312,1,2,15,2,210,2,2,5,,2024-04-17 20:11
204073,20407301,25,2022,26,6,1,872,2021m3,1,312,1,1,15,2,230,1,3,4,,2024-04-17 20:11
204074,20407401,25,2022,30,4,1,464,2020m10,1,274,1,3,15,1,310,1,3,5,,2024-04-17 20:11
204075,20407501,25,2022,58,6,2,492,2001m5,4,873,2,2,15,1,200,,3,4,,2024-04-17 20:11
204075,20407502,25,2022,57,5,2,961,2008m7,4,422,2,2,15,2,300,,2,4,,2024-04-17 20:11
204076,20407601,25,2022,57,3,1,426,2008m6,1,874,1,3,15,1,475,1,2,4,,2024-04-17 20:11
204076,20407602,25,2022,30,5,1,582,2018m4,1,222,1,1,15,1,235,1,2,4,,2024-04-17 20:11
204076,20407603,25,2022,23,4,,,,,,,1,15,1,,,,4,,2024-04-17 20:11
204079,20407901,25,2022,74,2,1,841,2020m1,2,941,1,3,15,1,27,2,2,6,,2024-04-17 20:11
210292,20407902,25,2022,64,2,2,953,2022m1,4,722,2,3,15,2,150,,2,5,,2024-04-17 20:11
204081,20408101,25,2022,51,3,1,303,2022m6,1,851,1,2,15,1,330,1,3,5,,2024-04-17 20:11
204081,20408102,25,2022,49,3,1,872,2018m3,2,421,1,2,15,2,100,2,2,4,,2024-04-17 20:11
204081,20408103,25,2022,21,3,,,,,,,1,15,1,,,,5,,2024-04-17 20:11
204081,20408104,25,2022,18,2,,,,,,,1,15,2,,,,4,,2024-04-17 20:11
204082,20408201,25,2022,56,5,1,463,2015m6,1,922,1,3,15,1,350,1,3,5,,2024-04-17 20:11
204082,20408202,25,2022,25,4,1,312,2021m1,1,743,1,1,15,1,220,1,2,4,,2024-04-17 20:11
204083,20408301,25,2022,42,5,1,292,2013m5,1,851,1,2,15,1,320,1,3,4,,2024-04-17 20:11
204083,20408302,25,2022,42,3,,,,,,,2,15,2,,,,4,,2024-04-17 20:11
204084,20408401,25,2022,68,2,,,,,,,3,2,1,,,,6,,2024-04-17 20:11
204085,20408501,25,2022,42,3,2,961,2022m6,4,422,2,1,2,2,200,,2,5,,2024-04-17 20:11
204085,20408502,25,2022,39,2,1,424,2022m4,3,783,1,1,2,1,190,2,3,5,,2024-04-17 20:11
204087,20408701,25,2022,78,2,,,,,,,3,2,2,,,,6,,2024-04-17 20:11
204089,20408901,25,2022,73,3,1,872,2017m3,2,941,1,3,2,2,27,2,2,5,,2024-04-17 20:11
204090,20409001,25,2022,73,1,,,,,,,3,2,2,,,,6,,2024-04-17 20:11
204090,20409002,25,2022,52,2,1,467,2019m7,1,941,1,1,2,1,130,1,2,6,,2024-04-17 20:11
204091,20409101,25,2022,70,2,1,751,2017m10,2,941,1,3,2,2,130,2,3,5,,2024-04-17 20:11
204092,20409201,25,2022,79,2,,,,,,,3,2,2,,,,6,,2024-04-17 20:11
204093,20409301,25,2022,48,6,1,869,2014m5,1,133,1,2,15,1,400,1,2,3,,2024-04-17 20:11
204093,20409302,25,2022,46,5,1,841,2021m4,1,243,1,2,15,2,160,2,2,4,,2024-04-17 20:11
204093,20409303,25,2022,17,2,,,,,,,1,15,2,,,,3,,2024-04-17 20:11
204094,20409401,25,2022,44,6,1,841,2005m3,1,311,1,2,15,1,400,1,2,4,,2024-04-17 20:11
204094,20409402,25,2022,41,5,1,861,2017m3,1,243,1,2,15,2,320,1,3,4,,2024-04-17 20:11
204096,20409601,25,2022,46,6,2,471,2012m10,4,521,2,2,15,1,450,,3,4,,2024-04-17 20:11
204096,20409602,25,2022,43,6,,,,,,,2,15,2,,,,4,,2024-04-17 20:11
204096,20409603,25,2022,15,2,,,,,,,1,15,1,,,,3,,2024-04-17 20:11
204097,20409701,25,2022,48,6,2,753,2002m3,4,761,2,2,15,1,700,,2,3,,2024-04-17 20:11
204097,20409702,25,2022,46,5,,,,,,,2,15,2,,,,4,,2024-04-17 20:11
204097,20409703,25,2022,20,4,,,,,,,1,15,2,,,,4,,2024-04-17 20:11
204097,20409704,25,2022,18,2,,,,,,,1,15,1,,,,4,,2024-04-17 20:11
204097,20409705,25,2022,16,2,,,,,,,1,15,2,,,,3,,2024-04-17 20:11
204098,20409801,25,2022,64,3,,,,,,,2,15,1,,,,4,,2024-04-17 20:11
204101,20410101,25,2022,70,2,,,,,,,2,15,1,,,,4,,2024-04-17 20:11
204101,20410102,25,2022,65,2,,,,,,,2,15,2,,,,4,,2024-04-17 20:11
204102,20410201,25,2022,68,6,,,,,,,2,2,1,,,,5,,2024-04-17 20:11
204102,20410202,25,2022,60,6,,,,,,,2,2,2,,,,4,,2024-04-17 20:11
204103,20410301,25,2022,84,2,,,,,,,2,2,1,,,,5,,2024-04-17 20:11
204103,20410302,25,2022,78,2,,,,,,,2,2,2,,,,5,,2024-04-17 20:11
204105,20410501,25,2022,67,2,1,424,1978m10,3,941,1,2,2,1,170,2,3,5,,2024-04-17 20:11
204105,20410502,25,2022,60,2,,,,,,,2,2,2,,,,5,,2024-04-17 20:11
204107,20410701,25,2022,75,3,,,,,,,2,2,1,,,,3,,2024-04-17 20:11
204107,20410702,25,2022,74,3,,,,,,,2,2,2,,,,3,,2024-04-17 20:11
204108,20410801,25,2022,86,1,,,,,,,3,2,2,,,,5,,2024-04-17 20:11
204108,20410802,25,2022,66,2,,,,,,,3,2,2,,,,5,,2024-04-17 20:11
204109,20410901,25,2022,85,1,,,,,,,2,2,1,,,,4,,2024-04-17 20:11
204109,20410902,25,2022,81,1,,,,,,,2,2,2,,,,4,,2024-04-17 20:11
204109,20410903,25,2022,56,6,1,852,1987m5,1,311,1,2,2,1,650,1,2,4,,2024-04-17 20:11
204109,20410904,25,2022,50,3,1,851,,1,311,1,2,2,2,550,1,2,4,,2024-04-17 20:11
204109,20410905,25,2022,22,4,,,,,,,1,2,2,,,,4,,2024-04-17 20:11
204109,20410906,25,2022,20,5,,,,,,,1,2,2,,,,4,,2024-04-17 20:11
204109,20410907,25,2022,18,2,,,,,,,1,2,1,,,,4,,2024-04-17 20:11
204110,20411001,25,2022,67,4,1,682,2006m6,1,139,1,3,7,2,300,1,2,3,,2024-04-17 20:11
204111,20411101,25,2022,73,2,,,,,,,3,7,2,,,,5,,2024-04-17 20:11
204112,20411201,25,2022,61,3,2,478,2017m10,4,521,2,3,7,2,30,,3,5,,2024-04-17 20:11
204113,20411301,25,2022,47,3,1,421,1999m2,3,782,1,1,7,1,240,2,3,6,,2024-04-17 20:11
204113,20411302,25,2022,45,2,1,421,1999m2,3,782,1,1,7,1,200,2,3,6,,2024-04-17 20:11
204114,20411401,25,2022,80,2,,,,,,,2,7,1,,,,5,,2024-04-17 20:11
204114,20411402,25,2022,72,2,,,,,,,2,7,2,,,,5,,2024-04-17 20:11
204115,20411501,25,2022,74,3,2,492,2014m10,4,873,2,3,7,1,150,,3,5,,2024-04-17 20:11
204116,20411601,25,2022,57,3,1,205,1985m3,3,743,1,2,7,1,300,2,3,5,,2024-04-17 20:11
204116,20411602,25,2022,52,3,,,,,,,2,7,2,,,,6,,2024-04-17 20:11
204117,20411702,25,2022,79,2,,,,,,,3,7,2,,,,5,,2024-04-17 20:11
204118,20411801,25,2022,48,3,1,561,2021m1,2,441,1,3,7,2,100,2,3,6,,2024-04-17 20:11
204119,20411902,25,2022,52,3,1,281,1995m1,1,151,1,2,7,1,700,1,2,3,,2024-04-17 20:11
204119,20411903,25,2022,51,3,,,,,,,2,7,2,,,,3,,2024-04-17 20:11
204119,20411904,25,2022,17,2,,,,,,,1,7,1,,,,3,,2024-04-17 20:11
204120,20412001,25,2022,78,1,,,,,,,2,7,1,,,,5,,2024-04-17 20:11
204120,20412002,25,2022,78,1,,,,,,,2,7,2,,,,4,,2024-04-17 20:11
204121,20412101,25,2022,77,2,,,,,,,2,7,1,,,,5,,2024-04-17 20:11
204121,20412102,25,2022,74,2,,,,,,,2,7,2,,,,5,,2024-04-17 20:11
204122,20412201,25,2022,55,3,1,411,1987m10,3,782,1,2,7,1,400,2,3,5,,2024-04-17 20:11
204122,20412202,25,2022,51,3,,,,,,,2,7,2,,,,4,,2024-04-17 20:11
204122,20412203,25,2022,28,5,1,301,2018m4,1,854,1,1,7,1,300,2,3,4,,2024-04-17 20:11
204122,20412204,25,2022,21,4,,,,,,,1,7,2,,,,5,,2024-04-17 20:11
204123,20412301,25,2022,49,2,1,463,2014m3,1,922,1,3,7,1,300,2,2,4,,2024-04-17 20:11
204124,20412401,25,2022,67,3,2,493,1995m3,4,873,2,2,7,1,300,,3,4,,2024-04-17 20:11
204124,20412402,25,2022,61,3,,,,,,,2,7,2,,,,4,,2024-04-17 20:11
204125,20412501,25,2022,42,5,1,192,2021m8,1,831,1,2,7,1,300,2,3,5,,2024-04-17 20:11
204125,20412502,25,2022,42,5,,,,,,,2,7,2,,,,5,,2024-04-17 20:11
204126,20412601,25,2022,75,2,,,,,,,2,7,1,,,,4,,2024-04-17 20:11
204126,20412602,25,2022,70,2,1,969,2007m3,2,951,1,2,7,2,60,2,3,4,,2024-04-17 20:11
204127,20412701,25,2022,86,1,,,,,,,3,7,2,,,,5,,2024-04-17 20:11
204128,20412801,25,2022,64,6,1,411,2018m11,3,762,1,2,2,1,320,2,3,5,,2024-04-17 20:11
204128,20412802,25,2022,64,3,,,,,,,2,2,2,,,,6,,2024-04-17 20:11
204128,20412803,25,2022,32,6,1,562,2022m1,2,441,1,1,2,2,150,2,3,5,,2024-04-17 20:11
204128,20412804,25,2022,31,5,1,649,2020m4,1,320,1,1,2,2,250,1,3,5,,2024-04-17 20:11
204129,20412901,25,2022,35,5,1,474,2018m1,1,521,1,1,2,2,250,1,3,4,,2024-04-17 20:11
204130,20413001,25,2022,33,6,2,479,2021m1,4,531,2,2,2,2,500,,2,5,,2024-04-17 20:11
204130,20413002,25,2022,33,4,1,844,2021m5,1,411,1,2,2,1,200,1,3,4,,2024-04-17 20:11
204131,20413101,25,2022,41,2,1,411,2016m2,1,312,1,1,2,1,350,1,2,4,,2024-04-17 20:11
204132,20413201,25,2022,37,6,1,551,2021m6,1,432,1,2,4,2,250,1,2,4,,2024-04-17 20:11
204132,20413202,25,2022,38,6,2,11,2016m1,4,611,2,2,4,1,500,,2,4,,2024-04-17 20:11
204133,20413301,25,2022,27,5,1,421,2021m4,2,312,1,1,2,1,300,2,2,3,,2024-04-17 20:11
204134,20413401,25,2022,51,6,1,452,2011m4,1,312,1,2,2,1,350,1,3,4,,2024-04-17 20:11
204134,20413402,25,2022,50,5,1,872,2015m3,1,247,1,2,2,2,240,1,3,4,,2024-04-17 20:11
204134,20413403,25,2022,21,4,,,,,,,1,2,1,,,,4,,2024-04-17 20:11
204134,20413404,25,2022,19,4,,,,,,,1,2,2,,,,4,,2024-04-17 20:11
204136,20413601,25,2022,66,2,1,742,2021m5,1,941,1,2,2,1,150,2,4,4,,2024-04-17 20:11
204136,20413602,25,2022,64,2,1,969,2021m6,1,421,1,2,2,2,65,2,2,4,,2024-04-17 20:11
204136,20413604,25,2022,39,4,,,,,,,1,2,1,,,,4,,2024-04-17 20:11
204138,20413801,25,2022,72,2,,,,,,,1,2,1,,,,6,,2024-04-17 20:11
204139,20413901,25,2022,69,2,1,872,2021m1,2,941,1,3,2,2,27,2,1,5,,2024-04-17 20:11
204140,20414001,25,2022,33,6,1,651,2015m3,1,320,1,2,8,1,700,1,2,3,,2024-04-17 20:11
204140,20414002,25,2022,33,6,1,872,2020m5,1,247,1,2,8,2,110,1,2,3,,2024-04-17 20:11
204143,20414301,25,2022,64,3,2,493,2006m10,4,873,2,2,8,1,450,,2,4,,2024-04-17 20:11
204143,20414302,25,2022,59,3,2,11,2022m3,4,611,2,2,8,2,40,,3,4,,2024-04-17 20:11
204144,20414401,25,2022,43,3,1,463,2020m10,1,873,1,1,8,1,220,1,3,5,,2024-04-17 20:11
204145,20414501,25,2022,67,3,2,11,1979m2,4,611,2,2,8,1,100,,3,5,,2024-04-17 20:11
204145,20414502,25,2022,62,2,3,11,1984m4,5,611,2,2,8,2,,,3,5,,2024-04-17 20:11
204145,20414503,25,2022,34,5,3,11,2022m1,5,611,2,1,8,1,,,4,5,,2024-04-17 20:11
204146,20414601,25,2022,79,2,2,11,1963m2,4,611,2,2,8,1,100,,3,3,,2024-04-17 20:11
204146,20414602,25,2022,77,2,3,11,1970m3,5,611,2,2,8,2,,,3,5,,2024-04-17 20:11
204147,20414701,25,2022,83,2,,,,,,,2,8,1,,,,5,,2024-04-17 20:11
204147,20414702,25,2022,78,2,,,,,,,2,8,2,,,,5,,2024-04-17 20:11
204148,20414801,25,2022,70,3,2,410,2000m1,4,141,2,2,8,1,200,,3,5,,2024-04-17 20:11
204149,20414901,25,2022,60,2,1,151,1990m2,3,721,1,1,8,1,64,2,4,6,,2024-04-17 20:11
204150,20415001,25,2022,39,5,1,861,2019m10,1,245,1,2,8,1,500,1,2,3,,2024-04-17 20:11
204150,20415002,25,2022,34,5,,,,,,,2,8,2,,,,3,,2024-04-17 20:11
204151,20415101,25,2022,42,6,1,582,2020m4,1,222,1,2,8,1,450,1,2,4,,2024-04-17 20:11
204151,20415102,25,2022,41,5,,,,,,,2,8,2,,,,4,,2024-04-17 20:11
204152,20415201,25,2022,45,6,2,462,2010m1,4,521,2,2,8,1,300,,3,5,,2024-04-17 20:11
204152,20415202,25,2022,45,6,1,471,2022m4,1,521,1,2,8,2,195,2,3,5,,2024-04-17 20:11
204154,20415401,25,2022,50,6,1,651,2004m3,1,312,1,2,8,1,580,1,3,4,,2024-04-17 20:11
204154,20415402,25,2022,48,6,,,,,,,2,8,2,,,,4,,2024-04-17 20:11
204154,20415403,25,2022,16,2,,,,,,,1,8,1,,,,4,,2024-04-17 20:11
204154,20415405,25,2022,81,6,1,841,2022m3,2,941,1,3,8,2,27,2,3,4,,2024-04-17 20:11
204155,20415501,25,2022,52,3,2,463,2009m8,4,521,2,2,8,1,500,,2,4,,2024-04-17 20:11
204155,20415502,25,2022,49,3,3,463,2009m2,5,521,2,2,8,2,,,2,4,,2024-04-17 20:11
204156,20415601,25,2022,82,3,,,,,,,2,8,1,,,,5,,2024-04-17 20:11
204156,20415602,25,2022,87,1,,,,,,,2,8,2,,,,5,,2024-04-17 20:11
204157,20415701,25,2022,58,3,2,339,1987m2,4,730,2,2,8,1,300,,3,5,,2024-04-17 20:11
204157,20415702,25,2022,56,2,,,,,,,2,8,2,,,,4,,2024-04-17 20:11
204157,20415704,25,2022,26,4,,,,,,,1,8,1,,,,5,,2024-04-17 20:11
204158,20415801,25,2022,50,6,2,855,2011m3,4,254,2,2,8,1,400,,3,4,,2024-04-17 20:11
204158,20415802,25,2022,51,5,3,855,2011m2,5,254,2,2,8,2,,,3,4,,2024-04-17 20:11
204158,20415803,25,2022,15,2,,,,,,,1,8,1,,,,4,,2024-04-17 20:11
204159,20415901,25,2022,76,3,1,841,2021m3,3,941,1,2,8,1,75,2,3,5,,2024-04-17 20:11
204159,20415902,25,2022,66,3,,,,,,,2,8,2,,,,5,,2024-04-17 20:11
204160,20416001,25,2022,74,2,,,,,,,3,8,2,,,,5,,2024-04-17 20:11
204161,20416101,25,2022,64,3,,,,,,,2,8,1,,,,5,,2024-04-17 20:11
204161,20416102,25,2022,61,3,,,,,,,2,8,2,,,,5,,2024-04-17 20:11
204162,20416201,25,2022,49,3,1,472,2015m1,1,521,1,3,8,2,190,2,3,5,,2024-04-17 20:11
204162,20416202,25,2022,21,4,,,,,,,1,8,1,,,,5,,2024-04-17 20:11
204163,20416302,25,2022,58,6,,,,,,,2,8,2,,,,4,,2024-04-17 20:11
204164,20416402,25,2022,68,6,1,426,2022m1,2,313,1,3,8,2,120,2,3,5,,2024-04-17 20:11
204165,20416501,25,2022,84,6,,,,,,,2,8,1,,,,3,,2024-04-17 20:11
204165,20416502,25,2022,74,3,,,,,,,2,8,2,,,,3,,2024-04-17 20:11
204166,20416601,25,2022,67,6,,,,,,,2,8,2,,,,3,,2024-04-17 20:11
204166,20416602,25,2022,68,6,2,291,1978m3,4,854,2,2,8,1,500,,2,3,,2024-04-17 20:11
204167,20416701,25,2022,73,6,,,,,,,2,8,1,,,,3,,2024-04-17 20:11
204167,20416702,25,2022,69,3,,,,,,,2,8,2,,,,3,,2024-04-17 20:11
204168,20416801,25,2022,80,6,,,,,,,2,8,1,,,,3,,2024-04-17 20:11
204168,20416802,25,2022,77,6,,,,,,,2,8,2,,,,3,,2024-04-17 20:11
204170,20417001,25,2022,50,6,1,721,2002m3,1,231,1,2,8,1,1000,1,2,3,,2024-04-17 20:11
204170,20417002,25,2022,46,6,,,,,,,2,8,2,,,,3,,2024-04-17 20:11
204170,20417003,25,2022,16,2,,,,,,,1,8,2,,,,3,,2024-04-17 20:11
204171,20417101,25,2022,54,6,1,721,1990m3,1,231,1,2,8,1,1000,1,2,3,,2024-04-17 20:11
204171,20417102,25,2022,53,6,,,,,,,2,8,2,,,,3,,2024-04-17 20:11
204171,20417103,25,2022,22,4,,,,,,,1,8,2,,,,3,,2024-04-17 20:11
204172,20417201,25,2022,56,6,1,261,1989m1,1,234,1,2,8,1,1250,1,1,3,,2024-04-17 20:11
204172,20417202,25,2022,53,6,,,,,,,2,8,2,,,,3,,2024-04-17 20:11
204172,20417203,25,2022,25,4,,,,,,,1,8,1,,,,3,,2024-04-17 20:11
204173,20417301,25,2022,55,6,1,582,1993m3,1,151,1,2,8,1,920,1,2,3,,2024-04-17 20:11
204173,20417302,25,2022,53,6,,,,,,,2,8,2,,,,3,,2024-04-17 20:11
204173,20417303,25,2022,28,6,1,582,2020m1,1,285,1,1,8,2,320,1,2,3,,2024-04-17 20:11
204173,20417304,25,2022,18,2,,,,,,,1,8,2,,,,3,,2024-04-17 20:11
204174,20417401,25,2022,45,6,1,631,2002m3,1,222,1,2,8,1,700,1,2,3,,2024-04-17 20:11
204174,20417402,25,2022,46,6,,,,,,,2,8,2,,,,3,,2024-04-17 20:11
204175,20417501,25,2022,74,3,,,,,,,3,8,2,,,,3,,2024-04-17 20:11
204177,20417701,25,2022,46,6,1,452,2002m5,1,312,1,2,1,1,650,1,2,4,,2024-04-17 20:11
204177,20417702,25,2022,43,6,,,,,,,2,1,2,,,,4,,2024-04-17 20:11
204178,20417801,25,2022,52,6,1,641,1996m3,1,132,1,2,8,1,1250,1,2,3,,2024-04-17 20:11
204178,20417802,25,2022,51,6,,,,,,,2,8,2,,,,3,,2024-04-17 20:11
204178,20417804,25,2022,20,4,,,,,,,1,8,1,,,,3,,2024-04-17 20:11
204179,20417901,25,2022,56,6,1,582,1998m3,1,222,1,2,8,1,500,1,2,3,,2024-04-17 20:11
204179,20417902,25,2022,47,6,,,,,,,2,8,2,,,,3,,2024-04-17 20:11
204179,20417903,25,2022,23,6,,,,,,,1,8,2,,,,4,,2024-04-17 20:11
204181,20418102,25,2022,41,5,,,,,,,2,8,2,,,,5,,2024-04-17 20:11
204182,20418201,25,2022,50,6,1,463,2003m5,1,710,1,2,8,1,420,1,3,5,,2024-04-17 20:11
204182,20418202,25,2022,48,6,,,,,,,2,8,2,,,,5,,2024-04-17 20:11
204182,20418203,25,2022,16,2,,,,,,,1,8,1,,,,5,,2024-04-17 20:11
204182,20418204,25,2022,15,2,,,,,,,1,8,1,,,,5,,2024-04-17 20:11
204183,20418301,25,2022,45,6,2,478,2007m6,4,521,2,2,8,1,300,,2,4,,2024-04-17 20:11
204183,20418302,25,2022,40,5,3,478,2006m6,5,521,2,2,8,2,,,2,5,,2024-04-17 20:11
204184,20418401,25,2022,79,6,,,,,,,2,8,1,,,,5,,2024-04-17 20:11
204184,20418402,25,2022,71,3,1,872,2021m2,2,941,1,2,8,2,98,2,2,5,,2024-04-17 20:11
204185,20418501,25,2022,63,3,1,132,2021m6,3,822,1,2,8,1,240,2,3,5,,2024-04-17 20:11
204185,20418502,25,2022,66,2,,,,,,,2,8,2,,,,5,,2024-04-17 20:11
204185,20418503,25,2022,25,6,1,262,2021m11,1,863,1,1,8,2,240,1,3,5,,2024-04-17 20:11
204185,20418504,25,2022,22,4,,,,,,,1,8,1,,,,5,,2024-04-17 20:11
204186,20418601,25,2022,63,3,2,492,2000m3,4,873,2,2,8,1,200,,3,5,,2024-04-17 20:11
204186,20418602,25,2022,65,3,,,,,,,2,8,2,,,,5,,2024-04-17 20:11
204187,20418701,25,2022,67,3,,,,,,,2,8,1,,,,5,,2024-04-17 20:11
204187,20418702,25,2022,64,2,1,742,2021m1,1,941,1,2,8,2,110,2,3,5,,2024-04-17 20:11
204188,20418801,25,2022,85,2,,,,,,,3,8,2,,,,5,,2024-04-17 20:11
204189,20418901,25,2022,60,3,1,242,1998m3,1,899,1,2,8,1,260,1,2,5,,2024-04-17 20:11
204189,20418902,25,2022,59,2,,,,,,,2,8,2,,,,5,,2024-04-17 20:11
204190,20419001,25,2022,79,2,1,872,2021m3,2,941,1,3,8,2,27,2,3,5,,2024-04-17 20:11
204191,20419101,25,2022,71,2,,,,,,,2,8,1,,,,5,,2024-04-17 20:11
204191,20419102,25,2022,67,2,1,872,2022m1,1,421,1,2,8,2,60,2,3,5,,2024-04-17 20:11
204192,20419201,25,2022,50,3,1,492,2018m11,1,873,1,3,8,1,215,2,2,5,,2024-04-17 20:11
204193,20419301,25,2022,46,3,1,969,2010m1,2,873,1,2,8,1,150,2,3,5,,2024-04-17 20:11
204193,20419302,25,2022,47,3,1,969,2010m1,2,392,1,2,8,2,125,2,3,5,,2024-04-17 20:11
204194,20419401,25,2022,81,1,,,,,,,3,8,2,,,,6,,2024-04-17 20:11
204196,20419601,25,2022,53,2,,,,,,,2,1,2,,,,4,,2024-04-17 20:11
204196,20419602,25,2022,69,3,,,,,,,2,1,1,,,,4,,2024-04-17 20:11
204196,20419604,25,2022,93,2,,,,,,,3,1,2,,,,4,,2024-04-17 20:11
204197,20419701,25,2022,47,5,1,467,2016m11,1,312,1,1,8,2,190,1,3,5,,2024-04-17 20:11
204197,20419702,25,2022,95,2,,,,,,,3,8,2,,,,5,,2024-04-17 20:11
204199,20419901,25,2022,42,3,1,651,2022m3,2,510,1,2,8,1,190,2,3,5,,2024-04-17 20:11
204199,20419902,25,2022,42,3,1,424,2021m12,2,782,1,2,8,2,130,2,4,5,,2024-04-17 20:11
204199,20419903,25,2022,18,2,,,,,,,1,8,2,,,,5,,2024-04-17 20:11
204200,20420001,25,2022,69,2,2,492,1989m9,4,873,2,2,16,1,136,,4,2,,2024-04-17 20:11
204200,20420002,25,2022,65,3,,,,,,,2,16,2,,,,3,,2024-04-17 20:11
204200,20420003,25,2022,39,5,1,612,2005m12,1,312,1,3,16,2,200,1,3,3,,2024-04-17 20:11
204201,20420101,25,2022,54,3,2,472,2006m11,4,710,2,2,16,1,180,,4,3,,2024-04-17 20:11
204201,20420102,25,2022,53,3,1,752,1989m7,3,432,1,2,16,2,120,2,3,2,,2024-04-17 20:11
204201,20420103,25,2022,22,5,,,,,,,1,16,2,,,,2,,2024-04-17 20:11
204202,20420201,25,2022,52,3,1,467,2014m5,1,875,1,2,16,1,480,1,3,3,,2024-04-17 20:11
204202,20420202,25,2022,52,3,1,561,2018m4,1,441,1,2,16,2,200,1,4,4,,2024-04-17 20:11
204202,20420204,25,2022,23,4,,,,,,,1,16,2,,,,3,,2024-04-17 20:11
204203,20420301,25,2022,54,3,1,411,2018m6,1,312,1,2,16,1,450,1,4,2,,2024-04-17 20:11
204203,20420302,25,2022,53,5,1,411,2018m1,1,231,1,2,16,2,150,1,4,6,,2024-04-17 20:11
204203,20420304,25,2022,25,4,,,,,,,1,16,1,,,,3,,2024-04-17 20:11
204203,20420305,25,2022,21,4,,,,,,,1,16,1,,,,3,,2024-04-17 20:11
204204,20420401,25,2022,78,2,,,,,,,2,16,1,,,,4,,2024-04-17 20:11
204204,20420402,25,2022,74,2,,,,,,,2,16,2,,,,4,,2024-04-17 20:11
204205,20420501,25,2022,51,3,2,493,2008m4,4,873,2,2,3,1,400,,3,4,,2024-04-17 20:11
204205,20420502,25,2022,49,3,,,,,,,2,3,2,,,,4,,2024-04-17 20:11
204205,20420503,25,2022,21,4,,,,,,,1,3,1,,,,4,,2024-04-17 20:11
204205,20420504,25,2022,20,4,,,,,,,1,3,1,,,,4,,2024-04-17 20:11
204206,20420601,25,2022,79,1,,,,,,,3,3,2,,,,5,,2024-04-17 20:11
204207,20420701,25,2022,48,5,1,411,2004m3,1,312,1,2,3,1,320,1,2,4,,2024-04-17 20:11
204207,20420702,25,2022,45,5,,,,,,,2,3,2,,,,4,,2024-04-17 20:11
204207,20420703,25,2022,20,3,1,292,2021m1,1,854,1,1,3,1,250,1,2,4,,2024-04-17 20:11
204207,20420704,25,2022,18,2,,,,,,,1,3,1,,,,4,,2024-04-17 20:11
204208,20420801,25,2022,59,3,1,281,2021m8,1,853,1,2,3,1,300,1,3,5,,2024-04-17 20:11
204208,20420802,25,2022,56,3,1,741,2021m10,2,441,1,2,3,2,100,2,2,4,,2024-04-17 20:11
204208,20420803,25,2022,31,6,1,562,2020m7,2,441,1,1,3,1,100,2,3,4,,2024-04-17 20:11
204209,20420901,25,2022,68,3,,,,,,,2,3,1,,,,4,,2024-04-17 20:11
204209,20420902,25,2022,68,3,,,,,,,2,3,2,,,,4,,2024-04-17 20:11
204210,20421001,25,2022,52,3,1,742,2021m8,1,799,1,2,3,1,250,1,3,4,,2024-04-17 20:11
204210,20421002,25,2022,52,3,1,872,2021m10,1,421,1,2,3,2,180,1,2,4,,2024-04-17 20:11
204210,20421003,25,2022,23,4,,,,,,,1,3,1,,,,4,,2024-04-17 20:11
204210,20421004,25,2022,21,3,1,221,2022m1,1,832,1,1,3,1,280,1,2,4,,2024-04-17 20:11
204212,20421201,25,2022,73,2,2,472,2005m3,4,521,2,2,3,1,180,,3,4,,2024-04-17 20:11
204212,20421202,25,2022,67,2,3,472,2005m3,5,521,2,2,3,2,,,3,4,,2024-04-17 20:11
204213,20421301,25,2022,48,6,2,759,2000m3,4,313,2,2,3,1,400,,3,5,,2024-04-17 20:11
204213,20421302,25,2022,49,5,,,,,,,2,3,2,,,,4,,2024-04-17 20:11
204214,20421401,25,2022,80,2,,,,,,,3,3,2,,,,6,,2024-04-17 20:11
204215,20421501,25,2022,48,3,2,561,2010m3,4,922,2,2,3,1,500,,3,4,,2024-04-17 20:11
204215,20421502,25,2022,47,3,3,561,2010m3,5,441,2,2,3,2,,,2,4,,2024-04-17 20:11
204215,20421503,25,2022,17,2,,,,,,,1,3,1,,,,4,,2024-04-17 20:11
204216,20421601,25,2022,26,6,1,562,2017m9,2,441,1,1,3,1,100,2,3,5,,2024-04-17 20:11
204217,20421701,25,2022,84,3,,,,,,,2,3,1,,,,4,,2024-04-17 20:11
204217,20421702,25,2022,79,2,,,,,,,2,3,2,,,,4,,2024-04-17 20:11
204218,20421801,25,2022,77,2,,,,,,,3,3,2,,,,5,,2024-04-17 20:11
204219,20421901,25,2022,67,2,,,,,,,2,3,1,,,,5,,2024-04-17 20:11
204219,20421902,25,2022,69,2,1,561,2021m2,3,952,1,2,3,2,100,2,3,5,,2024-04-17 20:11
204220,20422001,25,2022,72,6,1,855,2019m9,2,312,1,2,3,1,80,2,3,4,,2024-04-17 20:11
204220,20422002,25,2022,72,5,,,,,,,2,3,2,,,,4,,2024-04-17 20:11
204221,20422101,25,2022,79,1,,,,,,,2,3,1,,,,6,,2024-04-17 20:11
204221,20422102,25,2022,75,2,,,,,,,2,3,2,,,,6,,2024-04-17 20:11
204222,20422201,25,2022,72,2,,,,,,,2,3,1,,,,4,,2024-04-17 20:11
204222,20422202,25,2022,72,2,,,,,,,2,3,2,,,,4,,2024-04-17 20:11
204222,20422203,25,2022,39,3,1,303,2020m9,2,854,1,1,3,1,200,2,3,4,,2024-04-17 20:11
204223,20422301,25,2022,64,2,,,,,,,3,3,1,,,,4,,2024-04-17 20:11
204224,20422401,25,2022,55,6,1,411,2000m3,1,312,1,2,3,1,300,1,3,4,,2024-04-17 20:11
204224,20422402,25,2022,51,6,2,856,2000m3,4,254,2,2,3,2,100,,3,4,,2024-04-17 20:11
204224,20422403,25,2022,16,2,,,,,,,1,3,2,,,,4,,2024-04-17 20:11
204225,20422502,25,2022,82,2,,,,,,,3,3,2,,,,4,,2024-04-17 20:11
204226,20422601,25,2022,74,3,,,,,,,2,3,1,,,,5,,2024-04-17 20:11
204226,20422602,25,2022,68,2,,,,,,,2,3,2,,,,5,,2024-04-17 20:11
204226,20422603,25,2022,48,5,1,410,2019m8,3,910,1,1,3,1,120,2,3,5,,2024-04-17 20:11
204226,20422604,25,2022,47,4,1,902,2018m3,2,432,1,1,3,2,200,2,3,4,,2024-04-17 20:11
204227,20422701,25,2022,83,1,,,,,,,3,14,2,,,,5,,2024-04-17 20:11
204227,20422702,25,2022,52,1,,,,,,,1,14,2,,,,5,,2024-04-17 20:11
204228,20422801,25,2022,85,1,,,,,,,3,14,2,,,,5,,2024-04-17 20:11
204229,20422901,25,2022,73,2,,,,,,,3,14,2,,,,4,,2024-04-17 20:11
204230,20423001,25,2022,50,6,1,352,1999m3,1,312,1,2,3,1,860,1,2,3,,2024-04-17 20:11
204230,20423002,25,2022,49,6,,,,,,,2,3,2,,,,3,,2024-04-17 20:11
204230,20423003,25,2022,21,4,,,,,,,1,3,2,,,,3,,2024-04-17 20:11
204230,20423004,25,2022,19,4,,,,,,,1,3,2,,,,3,,2024-04-17 20:11
204230,20423005,25,2022,17,2,,,,,,,1,3,1,,,,3,,2024-04-17 20:11
204231,20423101,25,2022,55,6,1,853,2005m3,1,251,1,2,3,1,775,1,2,3,,2024-04-17 20:11
204231,20423102,25,2022,54,6,,,,,,,2,3,2,,,,3,,2024-04-17 20:11
204231,20423103,25,2022,23,4,,,,,,,1,3,2,,,,3,,2024-04-17 20:11
204231,20423104,25,2022,20,3,,,,,,,1,3,2,,,,3,,2024-04-17 20:11
204234,20423401,25,2022,63,6,1,853,2016m5,1,251,1,2,3,1,230,2,2,4,,2024-04-17 20:11
204234,20423402,25,2022,63,2,,,,,,,2,3,2,,,,4,,2024-04-17 20:11
204235,20423501,25,2022,76,3,,,,,,,2,3,1,,,,5,,2024-04-17 20:11
204235,20423502,25,2022,72,3,,,,,,,2,3,2,,,,6,,2024-04-17 20:11
204235,20423503,25,2022,41,4,2,107,2018m7,4,710,2,1,3,1,200,,3,5,,2024-04-17 20:11
204236,20423601,25,2022,77,3,,,,,,,2,3,1,,,,3,,2024-04-17 20:11
204236,20423602,25,2022,78,6,,,,,,,2,3,2,,,,4,,2024-04-17 20:11
204237,20423701,25,2022,73,3,,,,,,,3,3,2,,,,3,,2024-04-17 20:11
204239,20423901,25,2022,63,6,2,856,1986m2,4,286,2,2,3,1,350,,3,4,,2024-04-17 20:11
204239,20423902,25,2022,61,5,,,,,,,2,3,2,,,,4,,2024-04-17 20:11
204239,20423903,25,2022,31,6,,,,,,,1,3,2,,,,4,,2024-04-17 20:11
204239,20423904,25,2022,28,4,,,,,,,1,3,1,,,,4,,2024-04-17 20:11
204240,20424001,25,2022,69,3,,,,,,,3,3,2,,,,3,,2024-04-17 20:11
204241,20424102,25,2022,82,2,,,,,,,3,3,2,,,,4,,2024-04-17 20:11
204242,20424201,25,2022,70,3,,,,,,,2,15,1,,,,4,,2024-04-17 20:11
204242,20424202,25,2022,68,2,,,,,,,2,15,2,,,,4,,2024-04-17 20:11
204243,20424301,25,2022,60,6,1,303,2001m10,1,510,1,2,15,1,500,1,2,3,,2024-04-17 20:11
204243,20424302,25,2022,56,5,1,303,2007m11,1,313,1,2,15,2,300,1,2,3,,2024-04-17 20:11
204243,20424303,25,2022,30,6,1,521,2021m1,1,312,1,1,15,1,390,1,3,4,,2024-04-17 20:11
204243,20424304,25,2022,27,6,1,303,2022m5,1,851,1,1,15,1,220,1,3,4,,2024-04-17 20:11
204245,20424501,25,2022,48,6,1,303,2002m3,1,239,1,2,15,1,560,1,2,4,,2024-04-17 20:11
204245,20424502,25,2022,44,6,1,852,2020m4,2,252,1,2,15,2,141,2,2,4,,2024-04-17 20:11
204245,20424503,25,2022,16,2,,,,,,,1,15,2,,,,4,,2024-04-17 20:11
204246,20424601,25,2022,62,3,,,,,,,2,15,1,,,,5,,2024-04-17 20:11
204246,20424602,25,2022,58,3,,,,,,,2,15,2,,,,5,,2024-04-17 20:11
204246,20424603,25,2022,32,6,1,844,2017m11,1,411,1,1,15,1,250,1,2,4,,2024-04-17 20:11
204247,20424701,25,2022,62,3,,,,,,,3,15,2,,,,5,,2024-04-17 20:11
204249,20424901,25,2022,42,6,1,753,2013m5,1,412,1,2,15,1,300,1,3,4,,2024-04-17 20:11
204249,20424902,25,2022,45,5,,,,,,,2,15,2,,,,4,,2024-04-17 20:11
204251,20425101,25,2022,67,2,1,651,1998m6,2,510,1,3,15,2,100,2,3,4,,2024-04-17 20:11
204253,20425301,25,2022,69,2,,,,,,,2,15,1,,,,4,,2024-04-17 20:11
204253,20425302,25,2022,64,2,,,,,,,2,15,2,,,,4,,2024-04-17 20:11
204254,20425401,25,2022,55,3,1,242,2022m3,1,841,1,3,15,2,200,1,3,5,,2024-04-17 20:11
204254,20425402,25,2022,27,5,1,291,2021m8,1,743,1,1,15,1,235,1,3,4,,2024-04-17 20:11
204256,20425601,25,2022,55,5,1,721,2019m8,1,239,1,2,15,1,350,1,2,4,,2024-04-17 20:11
204256,20425602,25,2022,51,5,2,729,2012m11,4,239,2,2,15,2,350,,2,4,,2024-04-17 20:11
204256,20425603,25,2022,24,4,,,,,,,1,15,1,,,,4,,2024-04-17 20:11
204257,20425701,25,2022,60,2,3,561,2016m5,5,442,2,3,2,2,,,2,5,,2024-04-17 20:11
204257,20425702,25,2022,37,6,2,561,2016m5,4,441,2,1,2,1,300,,2,5,,2024-04-17 20:11
204258,20425802,25,2022,56,3,,,,,,,3,2,1,,,,5,,2024-04-17 20:11
204259,20425901,25,2022,67,3,,,,,,,2,15,2,,,,4,,2024-04-17 20:11
204259,20425902,25,2022,63,3,,,,,,,2,15,1,,,,4,,2024-04-17 20:11
204260,20426001,25,2022,77,2,,,,,,,3,2,2,,,,5,,2024-04-17 20:11
204261,20426101,25,2022,54,2,1,411,2016m1,3,910,1,2,2,1,240,2,3,5,,2024-04-17 20:11
204261,20426102,25,2022,51,3,1,851,2022m3,2,441,1,2,2,2,130,2,2,5,,2024-04-17 20:11
204261,20426103,25,2022,27,6,1,262,2021m6,1,312,1,1,2,1,250,1,2,5,,2024-04-17 20:11
204261,20426104,25,2022,25,4,,,,,,,1,2,1,,,,5,,2024-04-17 20:11
204262,20426201,25,2022,81,2,1,841,2017m1,2,941,1,3,2,2,27,2,2,5,,2024-04-17 20:11
204263,20426301,25,2022,73,3,1,841,2021m3,2,941,1,2,2,1,27,2,2,5,,2024-04-17 20:11
204263,20426302,25,2022,69,2,,,,,,,2,2,2,,,,5,,2024-04-17 20:11
204265,20426501,25,2022,91,2,,,,,,,3,2,1,,,,5,,2024-04-17 20:11
204265,20426502,25,2022,60,2,1,259,2015m5,1,842,1,2,2,1,250,1,2,5,,2024-04-17 20:11
204265,20426503,25,2022,58,2,,,,,,,2,2,2,,,,5,,2024-04-17 20:11
204266,20426601,25,2022,80,6,1,861,2020m1,2,242,1,2,2,1,200,2,2,5,,2024-04-17 20:11
204266,20426602,25,2022,74,5,,,,,,,2,2,2,,,,4,,2024-04-17 20:11
204267,20426701,25,2022,55,3,1,291,2017m10,1,753,1,2,2,1,400,1,2,5,,2024-04-17 20:11
204267,20426702,25,2022,48,3,,,,,,,2,2,2,,,,5,,2024-04-17 20:11
204268,20426801,25,2022,86,3,,,,,,,3,2,2,,,,5,,2024-04-17 20:11
204268,20426802,25,2022,63,6,1,863,1990m3,2,243,1,3,2,2,280,2,2,5,,2024-04-17 20:11
204269,20426901,25,2022,82,3,,,,,,,3,2,2,,,,4,,2024-04-17 20:11
204270,20427001,25,2022,90,2,,,,,,,3,2,2,,,,5,,2024-04-17 20:11
204270,20427002,25,2022,68,6,,,,,,,2,2,1,,,,4,,2024-04-17 20:11
204270,20427003,25,2022,60,3,,,,,,,2,2,2,,,,5,,2024-04-17 20:11
204271,20427101,25,2022,48,3,1,763,2000m2,1,874,1,2,2,1,400,1,3,5,,2024-04-17 20:11
204271,20427102,25,2022,44,5,,,,,,,2,2,2,,,,5,,2024-04-17 20:11
204271,20427103,25,2022,18,2,,,,,,,1,2,2,,,,4,,2024-04-17 20:11
204271,20427104,25,2022,15,2,,,,,,,1,2,2,,,,4,,2024-04-17 20:11
204272,20427201,25,2022,64,6,,,,,,,2,2,2,,,,5,,2024-04-17 20:11
204272,20427202,25,2022,63,6,,,,,,,2,2,1,,,,5,,2024-04-17 20:11
204273,20427301,25,2022,56,2,,,,,,,1,2,1,,,,6,,2024-04-17 20:11
204274,20427401,25,2022,63,5,1,477,2021m7,2,953,1,2,2,1,210,2,2,5,,2024-04-17 20:11
204274,20427402,25,2022,62,3,,,,,,,2,2,2,,,,5,,2024-04-17 20:11
204275,20427501,25,2022,85,2,,,,,,,3,2,2,,,,5,,2024-04-17 20:11
204275,20427502,25,2022,57,2,,,,,,,3,2,2,,,,5,,2024-04-17 20:11
204276,20427601,25,2022,75,2,,,,,,,2,2,1,,,,6,,2024-04-17 20:11
204276,20427602,25,2022,78,2,,,,,,,2,2,2,,,,6,,2024-04-17 20:11
204277,20427701,25,2022,62,5,1,721,2021m11,2,231,1,2,2,1,300,2,2,4,,2024-04-17 20:11
204277,20427702,25,2022,59,3,1,729,,1,235,1,2,2,2,400,1,2,4,,2024-04-17 20:11
204278,20427801,25,2022,71,3,,,,,,,2,2,2,,,,5,,2024-04-17 20:11
204278,20427802,25,2022,70,3,1,410,2018m10,3,910,1,2,2,1,250,2,3,5,,2024-04-17 20:11
204279,20427901,25,2022,76,2,,,,,,,2,2,2,,,,5,,2024-04-17 20:11
204279,20427902,25,2022,75,2,,,,,,,2,2,1,,,,5,,2024-04-17 20:11
204280,20428001,25,2022,69,3,,,,,,,2,2,1,,,,5,,2024-04-17 20:11
204280,20428002,25,2022,66,3,,,,,,,2,2,2,,,,5,,2024-04-17 20:11
204281,20428101,25,2022,78,2,,,,,,,3,2,2,,,,5,,2024-04-17 20:11
204283,20428301,25,2022,75,2,,,,,,,2,2,1,,,,5,,2024-04-17 20:11
204283,20428302,25,2022,71,2,,,,,,,2,2,2,,,,5,,2024-04-17 20:11
204283,20428303,25,2022,36,5,,,,,,,1,2,2,,,,5,,2024-04-17 20:11
204284,20428401,25,2022,68,3,,,,,,,3,2,2,,,,5,,2024-04-17 20:11
204284,20428402,25,2022,46,6,1,651,2008m1,1,510,1,2,2,1,400,1,2,5,,2024-04-17 20:11
204284,20428403,25,2022,42,6,,,,,,,2,2,2,,,,5,,2024-04-17 20:11
204285,20428502,25,2022,68,6,,,,,,,3,2,2,,,,5,,2024-04-17 20:11
204285,20428503,25,2022,46,3,1,471,2021m7,2,521,1,1,2,1,200,2,3,5,,2024-04-17 20:11
204285,20428504,25,2022,28,6,,,,,,,1,2,2,,,,5,,2024-04-17 20:11
204286,20428601,25,2022,78,3,,,,,,,2,2,1,,,,5,,2024-04-17 20:11
204286,20428602,25,2022,78,3,,,,,,,2,2,2,,,,5,,2024-04-17 20:11
204286,20428603,25,2022,50,6,1,651,2008m1,2,510,1,1,2,2,220,2,3,6,,2024-04-17 20:11
204288,20428801,25,2022,50,6,1,493,2000m1,1,873,1,2,2,1,250,1,2,5,,2024-04-17 20:11
204288,20428802,25,2022,46,6,1,851,2010m2,2,252,1,2,2,2,200,2,2,5,,2024-04-17 20:11
204289,20428901,25,2022,46,6,1,649,2003m3,1,320,1,2,2,1,800,1,2,4,,2024-04-17 20:11
204289,20428902,25,2022,43,6,,,,,,,2,2,2,,,,4,,2024-04-17 20:11
204290,20429001,25,2022,39,6,1,462,2017m9,1,521,1,2,8,1,300,1,3,4,,2024-04-17 20:11
204290,20429002,25,2022,35,6,,,,,,,2,8,2,,,,4,,2024-04-17 20:11
204291,20429101,25,2022,75,2,2,969,2006m2,4,,2,2,15,1,80,,3,5,,2024-04-17 20:11
204291,20429102,25,2022,64,2,3,969,2006m3,5,823,2,2,15,2,,,3,5,,2024-04-17 20:11
204292,20429201,25,2022,55,3,2,682,2017m1,4,274,2,2,15,1,200,,3,5,,2024-04-17 20:11
204292,20429202,25,2022,53,3,,,,,,,2,15,2,,,,5,,2024-04-17 20:11
204292,20429203,25,2022,22,3,,,,,,,1,15,2,,,,5,,2024-04-17 20:11
204293,20429301,25,2022,34,4,1,843,2009m3,1,980,1,2,6,1,125,1,2,4,,2024-04-17 20:11
204293,20429302,25,2022,34,6,1,851,2013m3,1,252,1,2,6,2,300,1,2,4,,2024-04-17 20:11
204294,20429401,25,2022,29,5,1,843,2020m2,1,311,1,1,10,1,250,1,2,4,,2024-04-17 20:11
204295,20429501,25,2022,72,2,,,,,,,2,2,1,,,,4,,2024-04-17 20:11
204295,20429502,25,2022,69,2,2,561,2018m8,4,441,2,2,2,2,300,,2,4,,2024-04-17 20:11
204296,20429601,25,2022,63,3,1,241,2022m2,1,874,1,2,2,1,380,2,2,3,,2024-04-17 20:11
204296,20429602,25,2022,59,6,1,841,2019m4,2,314,1,2,2,2,120,2,3,3,,2024-04-17 20:11
204296,20429603,25,2022,30,6,1,739,2017m1,3,283,1,1,2,2,300,2,2,3,,2024-04-17 20:11
204296,20429604,25,2022,27,6,1,862,2018m10,1,246,1,1,2,2,220,1,2,3,,2024-04-17 20:11
204296,20429605,25,2022,26,6,1,911,2022m4,2,286,1,1,2,1,200,2,3,3,,2024-04-17 20:11
204297,20429701,25,2022,48,3,2,424,2003m5,4,783,2,2,2,1,500,,2,5,,2024-04-17 20:11
204297,20429702,25,2022,46,5,,,,,,,2,2,2,,,,5,,2024-04-17 20:11
204297,20429703,25,2022,16,2,,,,,,,1,2,2,,,,5,,2024-04-17 20:11
204298,20429801,25,2022,65,2,1,422,1979m3,1,792,1,2,2,1,250,1,3,5,,2024-04-17 20:11
204298,20429802,25,2022,64,2,1,682,2008m2,1,941,1,2,2,2,130,2,3,5,,2024-04-17 20:11
204298,20429803,25,2022,40,6,,,,,,,1,2,1,,,,5,,2024-04-17 20:11
210293,20429804,25,2022,38,5,1,844,2007m3,1,873,1,2,15,1,350,1,3,5,,2024-04-17 20:11
204299,20429901,25,2022,59,4,2,465,1998m3,4,521,2,2,2,1,700,,2,5,,2024-04-17 20:11
204299,20429902,25,2022,60,3,3,465,1998m3,5,314,2,2,2,2,,,2,5,,2024-04-17 20:11
204299,20429903,25,2022,27,5,1,872,2021m11,1,247,1,1,2,2,180,1,3,5,,2024-04-17 20:11
204300,20430001,25,2022,60,3,1,424,1993m3,1,782,1,2,2,1,350,2,3,5,,2024-04-17 20:11
204300,20430002,25,2022,58,5,1,561,2015m3,2,442,1,2,2,2,170,2,3,5,,2024-04-17 20:11
210024,20430003,25,2022,32,6,,,,,,,2,2,2,,,,5,,2024-04-17 20:11
204300,20430004,25,2022,29,6,1,464,2016m3,1,312,1,1,2,1,250,1,2,5,,2024-04-17 20:11
204301,20430101,25,2022,59,3,,,,,,,2,2,1,,,,4,,2024-04-17 20:11
204301,20430102,25,2022,55,3,1,872,2020m8,2,441,1,2,2,2,60,2,2,4,,2024-04-17 20:11
210025,20430103,25,2022,31,6,,,,,,,2,2,2,,,,4,,2024-04-17 20:11
204302,20430201,25,2022,54,3,2,478,1998m5,4,246,2,2,2,1,300,,3,4,,2024-04-17 20:11
204302,20430202,25,2022,52,3,3,478,2015m3,5,941,2,2,2,2,,,3,5,,2024-04-17 20:11
210065,20430203,25,2022,28,6,,,,,,,2,1,1,,,,4,,2024-04-17 20:11
204303,20430301,25,2022,78,2,,,,,,,3,4,2,,,,4,,2024-04-17 20:11
204303,20430303,25,2022,52,3,,,,,,,1,4,2,,,,4,,2024-04-17 20:11
204303,20430304,25,2022,47,5,,,,,,,1,4,1,,,,4,,2024-04-17 20:11
204305,20430501,25,2022,73,2,1,682,2018m11,1,941,1,2,4,1,182,2,2,5,,2024-04-17 20:11
204305,20430502,25,2022,68,2,,,,,,,2,4,2,,,,5,,2024-04-17 20:11
204306,20430601,25,2022,74,2,1,651,1983m3,1,510,1,2,4,2,300,2,2,4,,2024-04-17 20:11
204306,20430602,25,2022,76,3,,,,,,,2,4,1,,,,4,,2024-04-17 20:11
204308,20430801,25,2022,79,3,,,,,,,3,1,1,,,,5,,2024-04-17 20:11
204311,20431101,25,2022,58,6,2,551,2021m12,4,432,2,2,1,1,,,4,6,,2024-04-17 20:11
204312,20431201,25,2022,31,6,1,591,2022m4,3,283,1,1,1,2,200,2,3,4,,2024-04-17 20:11
204313,20431301,25,2022,63,5,,,,,,,3,1,2,,,,5,,2024-04-17 20:11
204313,20431302,25,2022,35,6,1,,2015m2,1,,1,1,1,1,300,1,3,4,,2024-04-17 20:11
204314,20431401,25,2022,85,2,,,,,,,2,8,1,,,,5,,2024-04-17 20:11
204314,20431402,25,2022,79,2,,,,,,,2,8,2,,,,4,,2024-04-17 20:11
204314,20431403,25,2022,61,2,,,,,,,1,8,1,,,,5,,2024-04-17 20:11
204315,20431501,25,2022,63,3,,,,,,,3,12,1,,,,6,,2024-04-17 20:11
204318,20431801,25,2022,43,5,1,339,2006m8,1,312,1,2,8,1,500,1,2,4,,2024-04-17 20:11
204318,20431802,25,2022,36,5,1,651,2021m1,2,224,1,2,8,2,570,2,2,4,,2024-04-17 20:11
204320,20432001,25,2022,69,2,1,212,2016m2,2,942,1,2,1,1,210,2,3,5,,2024-04-17 20:11
204320,20432002,25,2022,65,2,1,141,1977m5,2,721,1,2,1,2,90,2,3,5,,2024-04-17 20:11
204321,20432101,25,2022,59,2,,,,,,,2,1,1,,,,5,,2024-04-17 20:11
204321,20432102,25,2022,53,2,,,,,,,2,1,2,,,,5,,2024-04-17 20:11
204322,20432201,25,2022,83,2,,,,,,,3,1,2,,,,5,,2024-04-17 20:11
204323,20432301,25,2022,85,3,,,,,,,2,1,1,,,,5,,2024-04-17 20:11
204323,20432302,25,2022,80,2,,,,,,,2,1,2,,,,5,,2024-04-17 20:11
204323,20432303,25,2022,59,3,,,,,,,3,1,2,,,,3,,2024-04-17 20:11
204324,20432401,25,2022,32,5,1,561,2014m10,1,710,1,1,5,2,310,1,3,4,,2024-04-17 20:11
204325,20432501,25,2022,67,2,1,492,2020m6,1,873,1,2,11,1,130,2,3,4,,2024-04-17 20:11
204325,20432502,25,2022,65,2,,,,,,,2,11,2,,,,4,,2024-04-17 20:11
204326,20432601,25,2022,74,2,1,841,2022m3,2,,1,2,1,1,27,2,3,5,,2024-04-17 20:11
204326,20432602,25,2022,70,2,,,,,,,2,1,2,,,,5,,2024-04-17 20:11
204327,20432701,25,2022,51,3,2,473,2010m2,4,521,2,2,8,1,250,,3,4,,2024-04-17 20:11
204327,20432702,25,2022,48,3,1,872,2018m8,1,,1,2,8,2,90,2,2,4,,2024-04-17 20:11
204328,20432801,25,2022,44,5,,,,,,,2,1,1,,,,4,,2024-04-17 20:11
204328,20432802,25,2022,41,6,,,,,,,2,1,2,,,,4,,2024-04-17 20:11
204329,20432901,25,2022,66,3,1,492,2018m5,1,873,1,2,1,1,245,1,3,4,,2024-04-17 20:11
204329,20432902,25,2022,67,2,,,,,,,2,1,2,,,,4,,2024-04-17 20:11
204331,20433101,25,2022,65,3,,,,,,,2,15,1,,,,4,,2024-04-17 20:11
204331,20433102,25,2022,61,3,,,,,,,2,15,2,,,,4,,2024-04-17 20:11
204331,20433103,25,2022,36,5,1,682,2020m1,1,274,1,1,15,2,200,2,3,4,,2024-04-17 20:11
204332,20433201,25,2022,51,3,1,331,2000m2,1,791,1,2,8,1,400,1,2,4,,2024-04-17 20:11
204332,20433202,25,2022,49,3,1,851,2017m3,1,441,1,2,8,2,180,1,3,5,,2024-04-17 20:11
204332,20433203,25,2022,26,6,1,861,2021m5,1,245,1,1,8,1,300,2,3,4,,2024-04-17 20:11
204332,20433204,25,2022,24,6,1,713,2022m6,1,283,1,1,8,2,200,1,3,4,,2024-04-17 20:11
204333,20433301,25,2022,80,2,,,,,,,2,8,1,,,,5,,2024-04-17 20:11
204333,20433302,25,2022,76,2,,,,,,,2,8,2,,,,5,,2024-04-17 20:11
204334,20433401,25,2022,63,2,,,,,,,3,8,2,,,,4,,2024-04-17 20:11
204334,20433403,25,2022,39,3,1,464,2022m5,2,312,1,1,8,1,300,2,3,4,,2024-04-17 20:11
204335,20433501,25,2022,72,3,,,,,,,3,8,2,,,,6,,2024-04-17 20:11
204336,20433601,25,2022,73,1,,,,,,,3,8,2,,,,5,,2024-04-17 20:11
204337,20433701,25,2022,49,3,2,961,1997m3,4,422,2,2,8,2,200,,3,5,,2024-04-17 20:11
204337,20433702,25,2022,50,3,2,426,2010m3,4,875,2,2,8,1,300,,3,5,,2024-04-17 20:11
204337,20433703,25,2022,23,5,,,,,,,1,8,2,,,,5,,2024-04-17 20:11
204337,20433704,25,2022,21,4,,,,,,,1,8,2,,,,5,,2024-04-17 20:11
204337,20433705,25,2022,16,2,,,,,,,1,8,1,,,,5,,2024-04-17 20:11
204338,20433801,25,2022,63,3,2,476,1981m3,4,521,2,2,8,1,200,,3,5,,2024-04-17 20:11
204338,20433802,25,2022,61,3,,,,,,,2,8,2,,,,5,,2024-04-17 20:11
204339,20433901,25,2022,50,3,2,561,1995m12,4,441,2,2,8,2,200,,3,5,,2024-04-17 20:11
204339,20433902,25,2022,51,3,,,,,,,2,8,1,,,,5,,2024-04-17 20:11
204340,20434001,25,2022,57,3,2,912,2020m10,4,521,2,2,8,1,300,,3,5,,2024-04-17 20:11
204341,20434101,25,2022,68,3,2,478,2003m6,4,521,2,2,8,2,200,,3,5,,2024-04-17 20:11
204341,20434102,25,2022,71,3,,,,,,,2,8,1,,,,5,,2024-04-17 20:11
204342,20434201,25,2022,72,1,,,,,,,3,9,2,,,,5,,2024-04-17 20:11
204343,20434302,25,2022,48,3,1,464,2019m6,1,532,1,2,9,2,190,1,3,4,,2024-04-17 20:11
204345,20434501,25,2022,83,1,,,,,,,3,9,2,,,,5,,2024-04-17 20:11
204346,20434601,25,2022,81,2,1,872,2022m4,2,941,1,2,9,1,27,2,2,4,,2024-04-17 20:11
204346,20434602,25,2022,80,2,1,872,2022m1,2,941,1,2,9,2,27,2,2,4,,2024-04-17 20:11
204347,20434701,25,2022,80,2,1,872,2019m2,2,941,1,3,9,2,27,2,2,4,,2024-04-17 20:11
204348,20434801,25,2022,78,2,1,102,1985m1,3,710,1,3,9,2,40,2,3,5,,2024-04-17 20:11
204349,20434901,25,2022,81,2,,,,,,,3,9,2,,,,4,,2024-04-17 20:11
204350,20435001,25,2022,54,3,2,426,2000m3,4,874,2,2,10,1,500,,2,4,,2024-04-17 20:11
204350,20435002,25,2022,53,3,,,,,,,2,10,2,,,,4,,2024-04-17 20:11
204350,20435003,25,2022,27,3,3,426,2021m9,5,874,2,1,10,1,,,2,4,,2024-04-17 20:11
204350,20435004,25,2022,21,3,,,,,,,1,10,1,,,,4,,2024-04-17 20:11
204351,20435101,25,2022,84,2,,,,,,,2,10,1,,,,5,,2024-04-17 20:11
204351,20435102,25,2022,81,2,,,,,,,2,10,2,,,,6,,2024-04-17 20:11
204352,20435201,25,2022,44,6,1,581,2007m3,1,399,1,2,10,1,300,1,2,4,,2024-04-17 20:11
204352,20435202,25,2022,40,3,1,411,2022m6,1,313,1,2,10,2,185,1,3,4,,2024-04-17 20:11
204353,20435301,25,2022,41,3,1,101,2016m10,2,930,1,2,10,1,185,2,3,5,,2024-04-17 20:11
204353,20435302,25,2022,45,2,,,,,,,2,10,2,,,,5,,2024-04-17 20:11
204353,20435305,25,2022,63,2,,,,,,,3,10,2,,,,5,,2024-04-17 20:11
204356,20435601,25,2022,72,2,,,,,,,3,10,1,,,,6,,2024-04-17 20:11
204358,20435801,25,2022,75,2,,,,,,,2,10,1,,,,5,,2024-04-17 20:11
204358,20435802,25,2022,68,2,1,561,2022m3,1,442,1,2,10,2,190,1,2,5,,2024-04-17 20:11
204359,20435901,25,2022,62,3,1,682,2019m4,2,274,1,2,10,1,200,1,3,4,,2024-04-17 20:11
204359,20435902,25,2022,65,3,,,,,,,2,10,2,,,,5,,2024-04-17 20:11
204359,20435903,25,2022,41,5,1,841,2019m1,2,399,1,1,10,2,160,2,3,5,,2024-04-17 20:11
204360,20436001,25,2022,60,6,,,,,,,2,11,1,,,,4,,2024-04-17 20:11
204360,20436002,25,2022,56,5,,,,,,,2,11,2,,,,4,,2024-04-17 20:11
204360,20436003,25,2022,17,2,,,,,,,1,11,1,,,,3,,2024-04-17 20:11
204361,20436101,25,2022,36,6,1,467,2015m9,1,521,1,2,11,1,470,1,2,3,,2024-04-17 20:11
204361,20436102,25,2022,36,6,,,,,,,2,11,2,,,,4,,2024-04-17 20:11
204362,20436201,25,2022,42,4,1,464,2021m9,1,521,1,2,11,1,300,1,2,4,,2024-04-17 20:11
204362,20436202,25,2022,40,4,,,,,,,2,11,2,,,,4,,2024-04-17 20:11
204364,20436401,25,2022,34,3,1,262,2008m3,1,236,1,1,11,2,390,1,3,4,,2024-04-17 20:11
204365,20436501,25,2022,47,3,1,212,2018m9,1,286,1,1,11,1,100,1,3,3,,2024-04-17 20:11
204366,20436601,25,2022,43,3,1,620,2012m4,1,221,1,2,11,1,345,1,3,5,,2024-04-17 20:11
204366,20436602,25,2022,43,3,1,471,1999m3,1,521,1,2,11,2,308,1,3,5,,2024-04-17 20:11
204367,20436701,25,2022,57,6,1,451,1995m3,1,312,1,2,11,1,600,1,2,3,,2024-04-17 20:11
204367,20436702,25,2022,53,5,1,871,2012m3,1,312,1,2,11,2,300,1,2,4,,2024-04-17 20:11
204367,20436703,25,2022,26,6,1,871,2020m4,2,247,1,1,11,2,200,1,3,4,,2024-04-17 20:11
204367,20436704,25,2022,23,6,,,,,,,1,11,2,,,,4,,2024-04-17 20:11
204368,20436801,25,2022,50,6,2,651,2020m5,4,510,2,2,11,2,25,,2,4,,2024-04-17 20:11
204368,20436802,25,2022,86,2,,,,,,,3,11,1,,,,6,,2024-04-17 20:11
204368,20436803,25,2022,53,6,2,651,2020m2,4,510,2,2,11,1,400,,3,5,,2024-04-17 20:11
204368,20436804,25,2022,22,4,,,,,,,1,11,2,,,,4,,2024-04-17 20:11
204369,20436901,25,2022,48,5,1,262,2003m4,1,234,1,2,11,1,475,1,3,3,,2024-04-17 20:11
204369,20436902,25,2022,48,5,1,464,2021m11,3,930,1,2,11,2,70,2,4,4,,2024-04-17 20:11
204369,20436903,25,2022,17,2,,,,,,,1,11,2,,,,3,,2024-04-17 20:11
204371,20437101,25,2022,45,6,1,264,2013m3,1,753,1,2,11,1,500,1,2,4,,2024-04-17 20:11
204371,20437102,25,2022,43,6,,,,,,,2,11,2,,,,4,,2024-04-17 20:11
204373,20437301,25,2022,54,6,1,861,1989m4,1,312,1,2,11,1,554,1,2,3,,2024-04-17 20:11
204373,20437302,25,2022,52,3,1,841,2003m10,1,391,1,2,11,2,221,1,3,3,,2024-04-17 20:11
210187,20437303,25,2022,27,4,1,465,2021m12,1,274,1,2,11,1,197,1,3,4,,2024-04-17 20:11
204373,20437304,25,2022,23,6,1,851,2020m11,1,247,1,1,11,2,248,1,3,3,,2024-04-17 20:11
204374,20437401,25,2022,67,2,2,339,1968m3,4,892,2,2,11,1,150,,3,4,,2024-04-17 20:11
204374,20437402,25,2022,66,,,,,,,,2,11,2,,,,5,,2024-04-17 20:11
204375,20437501,25,2022,81,4,,,,,,,2,11,1,,,,5,,2024-04-17 20:11
204375,20437502,25,2022,79,3,,,,,,,2,11,2,,,,5,,2024-04-17 20:11
204375,20437503,25,2022,41,6,,,,,,,1,11,2,,,,5,,2024-04-17 20:11
204376,20437601,25,2022,54,3,1,303,2019m11,1,851,1,2,11,1,345,1,3,4,,2024-04-17 20:11
204376,20437602,25,2022,53,3,1,411,2014m2,1,313,1,2,11,2,247,1,3,4,,2024-04-17 20:11
210026,20437603,25,2022,28,6,1,412,2019m6,1,231,1,1,1,1,300,1,2,4,,2024-04-17 20:11
204378,20437801,25,2022,58,3,1,763,2010m11,1,312,1,2,12,1,225,1,3,5,,2024-04-17 20:11
204378,20437802,25,2022,49,3,,,,,,,2,12,2,,,,4,,2024-04-17 20:11
204378,20437803,25,2022,15,2,,,,,,,1,12,1,,,,4,,2024-04-17 20:11
204379,20437901,25,2022,59,2,1,492,1999m2,1,751,1,2,12,1,268,1,3,4,,2024-04-17 20:11
204379,20437902,25,2022,59,2,,,,,,,2,12,2,,,,5,,2024-04-17 20:11
204379,20437903,25,2022,18,2,,,,,,,1,12,1,,,,5,,2024-04-17 20:11
204379,20437904,25,2022,73,2,1,382,2019m7,2,,1,3,12,1,149,2,3,5,,2024-04-17 20:11
204382,20438201,25,2022,41,6,1,466,2018m3,1,,1,3,12,2,200,1,3,5,,2024-04-17 20:11
204382,20438202,25,2022,15,2,,,,,,,1,12,1,,,,4,,2024-04-17 20:11
204384,20438401,25,2022,52,6,1,259,2021m8,1,874,1,2,12,1,280,1,2,4,,2024-04-17 20:11
204384,20438402,25,2022,49,5,2,856,2010m2,4,254,2,2,12,2,170,,4,4,,2024-04-17 20:11
204384,20438403,25,2022,19,4,,,,,,,1,12,2,,,,4,,2024-04-17 20:11
204384,20438404,25,2022,16,2,,,,,,,1,12,1,,,,4,,2024-04-17 20:11
204386,20438601,25,2022,42,3,2,426,2001m3,4,875,2,2,12,1,450,,2,5,,2024-04-17 20:11
204386,20438602,25,2022,36,3,,,,,,,2,12,2,,,,5,,2024-04-17 20:11
204387,20438701,25,2022,49,3,2,422,2008m2,4,761,2,2,12,1,700,,2,5,,2024-04-17 20:11
204387,20438702,25,2022,49,3,3,422,2008m6,5,313,2,2,12,2,,,2,5,,2024-04-17 20:11
204387,20438703,25,2022,24,3,1,251,2020m11,1,930,1,1,12,1,280,1,2,5,,2024-04-17 20:11
204387,20438704,25,2022,22,4,,,,,,,1,12,1,,,,4,,2024-04-17 20:11
204388,20438801,25,2022,48,5,,,,,,,3,12,1,,,,5,,2024-04-17 20:11
204388,20438802,25,2022,19,3,,,,,,,1,12,2,,,,5,,2024-04-17 20:11
204388,20438803,25,2022,17,2,,,,,,,1,12,2,,,,5,,2024-04-17 20:11
204388,20438804,25,2022,15,2,,,,,,,1,12,2,,,,5,,2024-04-17 20:11
204389,20438901,25,2022,50,3,1,701,2015m3,1,862,1,2,12,1,380,1,2,4,,2024-04-17 20:11
204389,20438902,25,2022,50,3,1,682,2020m1,1,139,1,2,12,2,280,1,2,4,,2024-04-17 20:11
204390,20439001,25,2022,45,3,,,,,,,2,12,1,,,,6,,2024-04-17 20:11
204390,20439002,25,2022,60,3,,,,,,,2,12,2,,,,6,,2024-04-17 20:11
204390,20439003,25,2022,19,3,,,,,,,1,12,2,,,,6,,2024-04-17 20:11
204390,20439004,25,2022,18,2,,,,,,,1,12,2,,,,6,,2024-04-17 20:11
204391,20439101,25,2022,58,3,1,424,2020m6,1,783,1,2,12,1,500,1,2,5,,2024-04-17 20:11
204391,20439102,25,2022,53,3,,,,,,,2,12,2,,,,4,,2024-04-17 20:11
210188,20439103,25,2022,29,6,1,582,2021m3,1,222,1,1,1,1,230,1,2,5,,2024-04-17 20:11
204391,20439104,25,2022,18,2,,,,,,,1,12,2,,,,4,,2024-04-17 20:11
204391,20439105,25,2022,30,6,,,,,,,1,12,1,,,,6,,2024-04-17 20:11
204392,20439201,25,2022,53,5,1,651,2019m1,2,510,1,3,12,2,250,2,3,5,,2024-04-17 20:11
204393,20439301,25,2022,57,6,2,952,2011m4,4,751,2,2,12,1,800,,2,4,,2024-04-17 20:11
204393,20439302,25,2022,54,3,,,,,,,2,12,2,,,,4,,2024-04-17 20:11
204393,20439303,25,2022,22,4,,,,,,,1,12,1,,,,4,,2024-04-17 20:11
204394,20439401,25,2022,35,2,1,101,2017m3,2,710,1,2,12,2,250,2,2,5,,2024-04-17 20:11
204394,20439402,25,2022,37,2,1,259,2016m5,1,842,1,2,12,1,300,1,2,5,,2024-04-17 20:11
204394,20439403,25,2022,15,2,,,,,,,1,12,2,,,,5,,2024-04-17 20:11
204395,20439501,25,2022,48,6,1,742,2010m3,1,899,1,2,12,1,350,1,2,5,,2024-04-17 20:11
204395,20439502,25,2022,47,5,1,651,2016m3,3,510,1,2,12,2,380,2,3,5,,2024-04-17 20:11
204395,20439503,25,2022,19,4,,,,,,,1,12,2,,,,5,,2024-04-17 20:11
204396,20439601,25,2022,70,2,,,,,,,3,13,1,,,,6,,2024-04-17 20:11
210100,20439603,25,2022,36,3,,,,,,,2,13,2,,,,5,,2024-04-17 20:11
204398,20439801,25,2022,62,3,,,,,,,2,13,1,,,,4,,2024-04-17 20:11
204398,20439802,25,2022,56,3,1,561,2020m2,3,442,1,2,13,2,155,2,3,5,,2024-04-17 20:11
204399,20439901,25,2022,70,3,,,,,,,2,13,1,,,,5,,2024-04-17 20:11
204399,20439902,25,2022,65,2,1,682,2022m2,3,941,1,2,13,2,160,2,2,5,,2024-04-17 20:11
204400,20440001,25,2022,53,6,1,582,2020m12,1,222,1,2,13,1,200,1,2,6,,2024-04-17 20:11
204400,20440002,25,2022,39,3,1,179,2022m4,1,891,1,2,13,2,145,1,2,5,,2024-04-17 20:11
204400,20440004,25,2022,79,2,,,,,,,3,13,2,,,,6,,2024-04-17 20:11
204401,20440101,25,2022,68,6,2,949,2019m2,4,248,2,2,13,1,100,,2,5,,2024-04-17 20:11
204401,20440102,25,2022,65,2,1,872,2021m1,1,421,1,2,13,2,70,1,2,5,,2024-04-17 20:11
204402,20440201,25,2022,67,2,,,,,,,1,13,1,,,,6,,2024-04-17 20:11
204403,20440301,25,2022,79,1,,,,,,,3,13,2,,,,5,,2024-04-17 20:11
204404,20440401,25,2022,35,3,1,612,2009m4,1,772,1,2,13,1,330,1,3,4,,2024-04-17 20:11
204404,20440402,25,2022,33,3,,,,,,,2,13,2,,,,4,,2024-04-17 20:11
204405,20440502,25,2022,40,3,1,102,2022m7,2,710,1,2,13,2,220,2,2,5,,2024-04-17 20:11
204406,20440601,25,2022,56,6,1,451,2018m12,1,510,1,2,13,1,300,1,4,5,,2024-04-17 20:11
204406,20440602,25,2022,53,6,2,855,2021m7,4,254,2,2,13,2,95,,3,5,,2024-04-17 20:11
204406,20440603,25,2022,29,4,,,,,,,1,13,1,,,,5,,2024-04-17 20:11
204406,20440604,25,2022,27,6,1,841,2020m10,1,311,1,1,13,1,200,1,2,5,,2024-04-17 20:11
204406,20440605,25,2022,17,2,,,,,,,1,13,1,,,,5,,2024-04-17 20:11
204407,20440702,25,2022,51,3,1,862,2021m5,1,246,1,3,13,2,240,1,2,6,,2024-04-17 20:11
204408,20440801,25,2022,47,6,1,721,2001m3,1,312,1,2,13,1,530,1,2,3,,2024-04-17 20:11
204408,20440802,25,2022,43,6,,,,,,,2,13,2,,,,3,,2024-04-17 20:11
204408,20440804,25,2022,71,2,,,,,,,3,13,2,,,,4,,2024-04-17 20:11
204409,20440901,25,2022,46,3,2,969,2020m6,4,873,2,2,13,1,150,,4,6,,2024-04-17 20:11
204409,20440902,25,2022,45,3,1,651,2015m2,2,510,1,2,13,2,250,2,4,6,,2024-04-17 20:11
204410,20441001,25,2022,41,6,1,202,2007m3,1,753,1,2,13,1,450,1,2,3,,2024-04-17 20:11
204410,20441002,25,2022,41,3,,,,,,,2,13,2,,,,3,,2024-04-17 20:11
204411,20441101,25,2022,39,5,1,252,2006m1,1,743,1,2,14,1,560,1,3,4,,2024-04-17 20:11
204411,20441102,25,2022,41,5,,,,,,,2,14,2,,,,4,,2024-04-17 20:11
204413,20441301,25,2022,43,6,1,292,2015m3,1,753,1,2,14,1,380,1,3,4,,2024-04-17 20:11
204413,20441302,25,2022,40,3,2,856,2003m2,4,254,2,2,14,2,100,,3,4,,2024-04-17 20:11
204414,20441401,25,2022,58,6,2,492,2014m3,4,873,2,2,14,1,150,,4,4,,2024-04-17 20:11
204414,20441402,25,2022,56,6,1,872,2020m8,2,421,1,2,14,2,86,2,3,4,,2024-04-17 20:11
204414,20441403,25,2022,29,6,1,422,2018m6,1,753,1,1,14,1,250,1,3,4,,2024-04-17 20:11
204414,20441404,25,2022,27,6,,,,,,,1,14,2,,,,4,,2024-04-17 20:11
204415,20441501,25,2022,55,3,2,561,2021m6,4,441,2,2,3,1,700,,3,4,,2024-04-17 20:11
204415,20441502,25,2022,56,3,1,259,1988m3,1,854,1,2,3,2,270,1,3,4,,2024-04-17 20:11
204415,20441503,25,2022,27,5,2,561,2022m3,4,441,2,1,3,2,500,,3,4,,2024-04-17 20:11
204415,20441504,25,2022,23,5,1,561,2021m10,1,922,1,1,3,2,180,2,3,4,,2024-04-17 20:11
204415,20441505,25,2022,17,2,,,,,,,1,3,1,,,,4,,2024-04-17 20:11
204416,20441601,25,2022,41,6,1,949,2008m1,1,248,1,2,14,1,400,1,3,4,,2024-04-17 20:11
204416,20441602,25,2022,43,5,2,855,2002m5,4,254,2,2,14,2,100,,3,4,,2024-04-17 20:11
204418,20441801,25,2022,40,5,2,12,2007m1,4,613,2,2,3,1,300,,3,4,,2024-04-17 20:11
204418,20441802,25,2022,40,5,2,855,2017m1,4,254,2,2,3,2,300,,2,4,,2024-04-17 20:11
204419,20441901,25,2022,49,3,1,320,2015m1,1,730,1,2,14,1,300,1,3,4,,2024-04-17 20:11
204419,20441902,25,2022,48,5,1,872,2022m6,2,421,1,2,14,2,70,2,3,4,,2024-04-17 20:11
204419,20441903,25,2022,20,4,,,,,,,1,14,1,,,,4,,2024-04-17 20:11
204419,20441904,25,2022,16,2,,,,,,,1,14,1,,,,4,,2024-04-17 20:11
204420,20442001,25,2022,46,6,1,841,2005m3,1,311,1,2,14,1,420,1,2,3,,2024-04-17 20:11
204420,20442002,25,2022,46,6,,,,,,,2,14,2,,,,3,,2024-04-17 20:11
204422,20442201,25,2022,65,3,2,410,1987m1,4,231,2,2,14,1,400,,2,3,,2024-04-17 20:11
204425,20442501,25,2022,48,5,1,953,2000m1,1,761,1,2,14,1,420,1,2,3,,2024-04-17 20:11
204425,20442502,25,2022,47,5,1,872,2000m3,1,247,1,2,14,2,220,1,2,3,,2024-04-17 20:11
204425,20442503,25,2022,21,4,,,,,,,1,14,2,,,,3,,2024-04-17 20:11
204425,20442504,25,2022,18,2,,,,,,,1,14,1,,,,3,,2024-04-17 20:11
204428,20442801,25,2022,29,5,1,871,2020m11,1,245,1,1,15,2,230,1,3,5,,2024-04-17 20:11
204429,20442901,25,2022,61,2,1,751,2021m3,1,942,1,2,15,1,230,1,2,4,,2024-04-17 20:11
204429,20442902,25,2022,57,2,2,107,2008m2,4,710,2,2,15,2,70,,3,4,,2024-04-17 20:11
204430,20443001,25,2022,48,6,,,,,,,1,15,2,,,,5,,2024-04-17 20:11
204431,20443101,25,2022,61,2,,,,,,,3,15,2,,,,4,,2024-04-17 20:11
204432,20443201,25,2022,66,2,,,,,,,2,15,1,,,,4,,2024-04-17 20:11
204432,20443202,25,2022,63,2,,,,,,,2,15,2,,,,4,,2024-04-17 20:11
204433,20443301,25,2022,23,2,1,751,2022m3,3,900,1,2,15,2,180,2,3,6,,2024-04-17 20:11
204433,20443302,25,2022,25,3,1,259,2021m11,1,851,1,2,15,1,250,1,3,5,,2024-04-17 20:11
204434,20443401,25,2022,70,3,,,,,,,3,15,2,,,,4,,2024-04-17 20:11
204435,20443501,25,2022,61,6,,,,,,,2,15,1,,,,3,,2024-04-17 20:11
204435,20443502,25,2022,59,6,2,901,1985m2,4,284,2,2,15,2,200,,3,2,,2024-04-17 20:11
204436,20443601,25,2022,38,6,1,311,2009m2,1,312,1,2,15,1,380,1,2,2,,2024-04-17 20:11
204436,20443602,25,2022,39,5,,,,,,,2,15,2,,,,3,,2024-04-17 20:11
204437,20443701,25,2022,39,3,1,311,2006m3,1,312,1,2,15,1,550,1,2,2,,2024-04-17 20:11
204437,20443702,25,2022,37,6,1,857,2015m3,1,254,1,2,15,2,200,2,2,3,,2024-04-17 20:11
204438,20443801,25,2022,50,5,1,311,1996m7,1,236,1,2,15,1,620,1,2,3,,2024-04-17 20:11
204438,20443802,25,2022,45,3,,,,,,,2,15,2,,,,3,,2024-04-17 20:11
204438,20443803,25,2022,19,4,,,,,,,1,15,1,,,,3,,2024-04-17 20:11
204439,20443901,25,2022,44,6,2,729,2022m2,4,235,2,2,15,1,700,,3,2,,2024-04-17 20:11
204439,20443902,25,2022,46,6,,,,,,,2,15,2,,,,2,,2024-04-17 20:11
204440,20444001,25,2022,48,6,1,311,2001m2,1,312,1,2,15,1,450,1,2,2,,2024-04-17 20:11
204440,20444002,25,2022,46,6,,,,,,,2,15,2,,,,2,,2024-04-17 20:11
204441,20444101,25,2022,49,3,1,311,1996m9,1,874,1,3,15,1,600,1,2,3,,2024-04-17 20:11
204442,20444201,25,2022,46,3,1,410,2016m4,3,743,1,2,15,1,500,2,4,2,,2024-04-17 20:11
204442,20444202,25,2022,45,5,2,855,2021m11,4,254,2,2,15,2,200,,1,2,,2024-04-17 20:11
204442,20444203,25,2022,17,2,,,,,,,1,15,2,,,,2,,2024-04-17 20:11
204442,20444204,25,2022,16,2,,,,,,,1,15,1,,,,2,,2024-04-17 20:11
204444,20444401,25,2022,43,5,1,651,2010m1,1,510,1,2,16,1,350,1,4,3,,2024-04-17 20:11
204444,20444402,25,2022,43,5,,,,,,,2,16,2,,,,3,,2024-04-17 20:11
204446,20444601,25,2022,56,3,2,11,2019m4,4,611,2,2,16,1,100,,4,4,,2024-04-17 20:11
204446,20444602,25,2022,54,3,1,463,2000m3,1,521,1,2,16,2,200,1,4,4,,2024-04-17 20:11
204446,20444603,25,2022,28,4,,,,,,,1,16,1,,,,3,,2024-04-17 20:11
204446,20444604,25,2022,26,4,,,,,,,1,16,1,,,,3,,2024-04-17 20:11
204447,20444701,25,2022,62,2,,,,,,,3,16,2,,,,2,,2024-04-17 20:11
204447,20444702,25,2022,38,6,,,,,,,1,16,1,,,,6,,2024-04-17 20:11
204448,20444801,25,2022,26,6,1,861,2021m7,1,243,1,1,1,2,330,1,2,4,,2024-04-17 20:11
204449,20444901,25,2022,57,3,1,969,2022m3,2,951,1,3,1,2,100,2,3,4,,2024-04-17 20:11
204450,20445001,25,2022,71,2,,,,,,,3,1,2,,,,4,,2024-04-17 20:11
204452,20445201,25,2022,40,6,,,,,,,1,1,1,,,,5,,2024-04-17 20:11
210147,20445301,25,2022,86,3,,,,,,,3,1,2,,,,5,,2024-04-17 20:11
204453,20445302,25,2022,52,5,1,949,2014m5,2,248,1,1,1,2,200,2,2,6,,2024-04-17 20:11
204454,20445401,25,2022,74,2,,,,,,,3,1,2,,,,6,,2024-04-17 20:11
204455,20445501,25,2022,43,3,1,492,2012m2,1,873,1,2,1,1,400,1,2,4,,2024-04-17 20:11
204455,20445502,25,2022,43,5,,,,,,,2,1,2,,,,4,,2024-04-17 20:11
204456,20445601,25,2022,44,6,1,411,2016m3,1,141,1,2,1,1,500,1,2,4,,2024-04-17 20:11
204456,20445602,25,2022,45,6,,,,,,,2,1,2,,,,4,,2024-04-17 20:11
204457,20445701,25,2022,45,5,1,492,2021m11,1,873,1,2,1,1,250,1,3,4,,2024-04-17 20:11
204457,20445702,25,2022,41,5,,,,,,,2,1,2,,,,4,,2024-04-17 20:11
204458,20445801,25,2022,52,6,1,861,2022m3,1,941,1,2,1,1,180,1,3,5,,2024-04-17 20:11
204458,20445802,25,2022,45,3,1,861,2019m10,1,399,1,2,1,2,180,1,3,5,,2024-04-17 20:11
204458,20445803,25,2022,16,2,,,,,,,1,1,1,,,,5,,2024-04-17 20:11
204459,20445901,25,2022,48,6,1,949,2013m3,1,248,1,2,1,1,250,1,2,5,,2024-04-17 20:11
204459,20445902,25,2022,43,6,1,872,2021m10,1,247,1,2,1,2,210,1,2,4,,2024-04-17 20:11
204460,20446001,25,2022,51,6,2,661,2010m2,4,272,2,2,9,1,500,,2,4,,2024-04-17 20:11
204460,20446002,25,2022,43,6,1,851,2022m3,2,254,1,2,9,2,50,2,3,4,,2024-04-17 20:11
204461,20446101,25,2022,52,6,2,855,2018m5,4,254,2,2,1,1,250,,3,5,,2024-04-17 20:11
204461,20446102,25,2022,46,6,,,,,,,2,1,2,,,,5,,2024-04-17 20:11
204461,20446103,25,2022,16,2,,,,,,,1,1,1,,,,5,,2024-04-17 20:11
204465,20446501,25,2022,46,3,,,,,,,1,1,2,,,,6,,2024-04-17 20:11
204468,20446801,25,2022,76,2,,,,,,,2,1,1,,,,4,,2024-04-17 20:11
204468,20446802,25,2022,65,3,1,855,2019m4,2,941,1,2,1,2,78,2,2,6,,2024-04-17 20:11
204469,20446901,25,2022,72,1,,,,,,,3,1,2,,,,6,,2024-04-17 20:11
204469,20446902,25,2022,49,2,,,,,,,1,1,1,,,,6,,2024-04-17 20:11
204470,20447001,25,2022,72,2,,,,,,,3,1,2,,,,6,,2024-04-17 20:11
204471,20447101,25,2022,80,3,,,,,,,3,1,2,,,,6,,2024-04-17 20:11
204473,20447301,25,2022,74,2,,,,,,,3,1,1,,,,6,,2024-04-17 20:11
204474,20447401,25,2022,73,1,,,,,,,3,1,2,,,,6,,2024-04-17 20:11
204475,20447501,25,2022,59,3,,,,,,,2,1,2,,,,5,,2024-04-17 20:11
204475,20447502,25,2022,64,3,2,492,1990m1,4,873,2,2,1,1,200,,3,5,,2024-04-17 20:11
204475,20447503,25,2022,25,4,,,,,,,1,1,2,,,,5,,2024-04-17 20:11
204476,20447601,25,2022,71,2,,,,,,,3,1,2,,,,5,,2024-04-17 20:11
204476,20447603,25,2022,41,3,1,902,2015m3,1,942,1,2,1,1,280,1,2,4,,2024-04-17 20:11
204476,20447604,25,2022,43,3,1,561,2018m1,1,952,1,2,1,2,170,2,3,4,,2024-04-17 20:11
204477,20447701,25,2022,53,3,,,,,,,2,1,2,,,,5,,2024-04-17 20:11
204477,20447702,25,2022,53,3,1,423,2013m5,1,141,1,2,1,1,300,1,2,5,,2024-04-17 20:11
204478,20447801,25,2022,47,3,1,471,2017m1,1,521,1,2,1,2,200,2,3,5,,2024-04-17 20:11
204478,20447802,25,2022,49,3,1,493,2010m3,1,873,1,2,1,1,300,1,2,5,,2024-04-17 20:11
204478,20447803,25,2022,19,4,,,,,,,1,1,1,,,,5,,2024-04-17 20:11
204478,20447804,25,2022,16,2,,,,,,,1,1,1,,,,5,,2024-04-17 20:11
204479,20447901,25,2022,41,3,,,,,,,2,1,2,,,,5,,2024-04-17 20:11
204479,20447902,25,2022,42,6,1,411,2008m3,1,312,1,2,1,1,400,1,2,4,,2024-04-17 20:11
204480,20448001,25,2022,42,3,1,464,2020m7,1,521,1,2,1,2,170,1,2,4,,2024-04-17 20:11
204480,20448002,25,2022,46,3,2,479,2018m1,4,531,2,2,1,1,400,,2,4,,2024-04-17 20:11
204480,20448003,25,2022,16,2,,,,,,,1,1,1,,,,4,,2024-04-17 20:11
204481,20448101,25,2022,54,5,1,872,2019m1,1,247,1,2,1,2,200,1,2,5,,2024-04-17 20:11
204481,20448102,25,2022,57,5,1,682,2021m1,1,992,1,2,1,1,200,2,3,4,,2024-04-17 20:11
204481,20448103,25,2022,29,4,,,,,,,1,1,2,,,,4,,2024-04-17 20:11
204482,20448201,25,2022,54,5,1,862,2017m12,1,246,1,2,1,2,333,1,2,4,,2024-04-17 20:11
204483,20448301,25,2022,60,2,,,,,,,2,1,1,,,,6,,2024-04-17 20:11
204483,20448302,25,2022,61,2,1,561,2017m5,1,952,1,2,1,2,200,2,3,6,,2024-04-17 20:11
204484,20448401,25,2022,54,3,,,,,,,2,1,2,,,,4,,2024-04-17 20:11
204484,20448402,25,2022,60,5,,,,,,,2,1,1,,,,4,,2024-04-17 20:11
204484,20448403,25,2022,24,5,,,,,,,1,1,2,,,,4,,2024-04-17 20:11
204484,20448404,25,2022,22,4,,,,,,,1,1,1,,,,4,,2024-04-17 20:11
204485,20448501,25,2022,63,2,,,,,,,2,1,2,,,,4,,2024-04-17 20:11
204485,20448502,25,2022,71,2,2,492,1990m3,4,873,2,2,1,1,150,,2,5,,2024-04-17 20:11
204486,20448601,25,2022,76,2,,,,,,,3,1,2,,,,6,,2024-04-17 20:11
204487,20448701,25,2022,57,5,1,411,2022m4,2,910,1,2,1,1,300,2,3,5,,2024-04-17 20:11
204487,20448702,25,2022,55,5,1,872,2020m2,1,247,1,2,1,2,100,2,2,5,,2024-04-17 20:11
204488,20448801,25,2022,46,3,,,,,,,2,1,2,,,,4,,2024-04-17 20:11
204488,20448802,25,2022,47,3,1,423,2021m7,2,762,1,2,1,1,300,2,4,4,,2024-04-17 20:11
204488,20448803,25,2022,18,4,,,,,,,1,1,1,,,,4,,2024-04-17 20:11
204488,20448804,25,2022,16,2,,,,,,,1,1,1,,,,4,,2024-04-17 20:11
204489,20448901,25,2022,81,2,,,,,,,3,1,2,,,,4,,2024-04-17 20:11
204490,20449001,25,2022,61,3,1,259,1983m10,1,312,1,2,1,1,350,1,2,4,,2024-04-17 20:11
204490,20449002,25,2022,58,3,,,,,,,2,1,2,,,,4,,2024-04-17 20:11
210148,20449003,25,2022,31,6,,,,,,,1,5,1,,,,4,,2024-04-17 20:11
204490,20449004,25,2022,25,6,1,721,2022m1,1,312,1,1,1,1,250,1,3,4,,2024-04-17 20:11
204491,20449101,25,2022,34,3,1,841,2013m3,1,311,1,2,5,1,358,1,2,4,,2024-04-17 20:11
204491,20449102,25,2022,33,5,1,759,2017m10,1,392,1,2,5,2,210,1,2,4,,2024-04-17 20:11
204492,20449201,25,2022,40,3,2,463,2011m3,4,151,2,2,1,1,400,,3,4,,2024-04-17 20:11
204492,20449202,25,2022,39,3,,,,,,,2,1,2,,,,4,,2024-04-17 20:11
204493,20449301,25,2022,66,2,,,,,,,2,1,1,,,,4,,2024-04-17 20:11
204493,20449302,25,2022,63,3,,,,,,,2,1,2,,,,4,,2024-04-17 20:11
204493,20449304,25,2022,30,3,2,479,2021m1,4,531,2,1,1,1,,,2,3,,2024-04-17 20:11
204494,20449402,25,2022,39,3,1,478,2022m5,2,521,1,2,1,2,80,2,3,4,,2024-04-17 20:11
204495,20449502,25,2022,79,2,,,,,,,3,1,2,,,,4,,2024-04-17 20:11
204497,20449701,25,2022,45,5,1,582,2009m5,1,222,1,2,8,1,360,1,2,3,,2024-04-17 20:11
204497,20449702,25,2022,45,5,1,641,2004m5,1,222,1,2,8,2,500,1,2,3,,2024-04-17 20:11
204498,20449801,25,2022,41,6,1,741,2015m5,1,782,1,2,8,1,330,1,2,3,,2024-04-17 20:11
204498,20449802,25,2022,41,6,,,,,,,2,8,2,,,,3,,2024-04-17 20:11
204499,20449902,25,2022,46,3,,,,,,,2,1,2,,,,4,,2024-04-17 20:11
204500,20450001,25,2022,34,6,1,855,2020m6,1,254,1,1,1,2,350,1,3,4,,2024-04-17 20:11
204501,20450101,25,2022,53,3,1,682,2021m1,2,941,1,2,1,1,250,2,3,4,,2024-04-17 20:11
204501,20450102,25,2022,53,3,,,,,,,2,1,2,,,,4,,2024-04-17 20:11
204501,20450104,25,2022,15,2,,,,,,,1,1,1,,,,4,,2024-04-17 20:11
204502,20450202,25,2022,58,3,1,422,1988m3,1,313,1,2,1,2,180,1,3,5,,2024-04-17 20:11
204503,20450301,25,2022,47,3,3,561,2022m9,5,442,2,2,1,1,,,2,4,,2024-04-17 20:11
204503,20450302,25,2022,55,3,2,561,2018m6,4,441,2,2,1,2,600,,2,4,,2024-04-17 20:11
204503,20450303,25,2022,80,2,,,,,,,3,1,1,,,,5,,2024-04-17 20:11
204504,20450401,25,2022,46,3,1,423,2000m2,1,274,1,2,1,1,550,1,2,4,,2024-04-17 20:11
204504,20450402,25,2022,47,3,,,,,,,2,1,2,,,,5,,2024-04-17 20:11
204505,20450501,25,2022,83,2,,,,,,,2,1,1,,,,4,,2024-04-17 20:11
204505,20450502,25,2022,79,2,,,,,,,2,1,2,,,,4,,2024-04-17 20:11
204506,20450601,25,2022,55,3,2,463,2008m3,4,521,2,2,1,1,200,,4,5,,2024-04-17 20:11
204506,20450602,25,2022,50,3,3,561,2022m4,5,441,2,2,1,2,,,4,5,,2024-04-17 20:11
204506,20450603,25,2022,28,3,2,561,2022m4,4,441,2,1,1,1,100,,3,5,,2024-04-17 20:11
204506,20450604,25,2022,23,5,1,761,2022m1,1,522,1,1,1,1,220,1,3,5,,2024-04-17 20:11
204507,20450702,25,2022,54,3,,,,,,,2,1,2,,,,4,,2024-04-17 20:11
204508,20450801,25,2022,59,2,1,466,2003m1,2,953,1,3,1,1,10,2,3,6,,2024-04-17 20:11
204509,20450901,25,2022,81,2,,,,,,,3,1,2,,,,4,,2024-04-17 20:11
204511,20451101,25,2022,77,2,,,,,,,3,1,2,,,,6,,2024-04-17 20:11
204512,20451201,25,2022,68,1,,,,,,,3,1,2,,,,6,,2024-04-17 20:11
204513,20451301,25,2022,28,3,1,562,2022m6,1,441,1,1,1,1,250,1,2,5,,2024-04-17 20:11
204513,20451302,25,2022,29,6,1,715,2019m9,1,271,1,1,1,2,500,1,2,5,,2024-04-17 20:11
204514,20451401,25,2022,76,3,1,682,2021m11,2,942,1,2,1,1,120,2,2,4,,2024-04-17 20:11
204514,20451402,25,2022,69,6,,,,,,,2,1,2,,,,4,,2024-04-17 20:11
204515,20451501,25,2022,42,3,1,753,2019m1,1,412,1,2,1,1,400,1,2,5,,2024-04-17 20:11
204515,20451502,25,2022,31,3,,,,,,,2,1,2,,,,4,,2024-04-17 20:11
204516,20451601,25,2022,70,3,1,861,2019m3,1,783,1,3,1,1,195,1,2,5,,2024-04-17 20:11
204517,20451701,25,2022,54,6,1,861,2000m3,1,312,1,2,1,1,400,1,2,3,,2024-04-17 20:11
204517,20451704,25,2022,45,6,,,,,,,2,1,2,,,,3,,2024-04-17 20:11
204518,20451801,25,2022,68,3,,,,,,,3,1,1,,,,5,,2024-04-17 20:11
204520,20452001,25,2022,60,3,,,,,,,2,1,2,,,,3,,2024-04-17 20:11
204520,20452002,25,2022,26,4,,,,,,,1,1,1,,,,3,,2024-04-17 20:11
204520,20452003,25,2022,25,6,,,,,,,1,1,2,,,,3,,2024-04-17 20:11
204520,20452004,25,2022,60,3,2,463,1990m2,4,521,2,2,1,1,600,,2,3,,2024-04-17 20:11
204521,20452101,25,2022,51,3,1,141,2021m7,3,721,1,2,1,1,270,2,3,4,,2024-04-17 20:11
210294,20452103,25,2022,27,3,1,561,2021m10,1,441,1,1,1,2,250,1,3,5,,2024-04-17 20:11
204522,20452201,25,2022,50,3,2,911,2010m9,4,432,2,2,1,1,500,,2,3,,2024-04-17 20:11
204522,20452202,25,2022,50,3,,,,,,,2,1,2,,,,3,,2024-04-17 20:11
204523,20452301,25,2022,50,3,1,492,2003m10,1,873,1,2,1,1,400,1,2,4,,2024-04-17 20:11
204523,20452302,25,2022,46,3,,,,,,,2,1,2,,,,3,,2024-04-17 20:11
204523,20452303,25,2022,20,3,,,,,,,1,1,2,,,,4,,2024-04-17 20:11
204523,20452304,25,2022,18,2,,,,,,,1,1,1,,,,3,,2024-04-17 20:11
204524,20452401,25,2022,29,6,1,641,2017m1,1,320,1,1,2,2,300,1,2,5,,2024-04-17 20:11
204525,20452501,25,2022,30,5,1,460,2020m9,2,873,1,1,2,1,250,2,2,5,,2024-04-17 20:11
204527,20452701,25,2022,59,3,1,467,2000m3,2,873,1,3,2,1,300,2,2,5,,2024-04-17 20:11
204528,20452801,25,2022,65,3,2,561,2008m3,4,521,2,2,2,1,300,,3,5,,2024-04-17 20:11
204528,20452802,25,2022,64,3,3,561,2008m5,5,441,2,2,2,2,,,3,5,,2024-04-17 20:11
204529,20452901,25,2022,62,3,2,561,2019m12,4,441,2,2,2,1,300,,2,5,,2024-04-17 20:11
204529,20452902,25,2022,57,3,,,,,,,2,2,2,,,,5,,2024-04-17 20:11
204530,20453001,25,2022,40,6,1,651,2019m12,2,510,1,2,2,2,200,2,2,5,,2024-04-17 20:11
204530,20453002,25,2022,46,3,1,952,1995m4,1,751,1,2,2,1,200,1,2,5,,2024-04-17 20:11
204531,20453101,25,2022,66,2,1,241,2013m4,1,851,1,2,3,1,250,2,2,4,,2024-04-17 20:11
204531,20453102,25,2022,67,2,,,,,,,2,3,2,,,,4,,2024-04-17 20:11
204532,20453201,25,2022,81,2,,,,,,,2,3,1,,,,6,,2024-04-17 20:11
204532,20453202,25,2022,74,2,,,,,,,2,3,2,,,,5,,2024-04-17 20:11
204532,20453203,25,2022,48,3,,,,,,,1,3,1,,,,5,,2024-04-17 20:11
204533,20453301,25,2022,51,3,1,311,1997m4,1,742,1,2,3,1,230,2,3,5,,2024-04-17 20:11
204533,20453302,25,2022,55,2,1,132,2021m6,1,822,1,2,3,2,185,2,3,5,,2024-04-17 20:11
204533,20453303,25,2022,23,6,,,,,,,1,3,2,,,,5,,2024-04-17 20:11
204533,20453305,25,2022,82,1,,,,,,,3,3,2,,,,5,,2024-04-17 20:11
204534,20453401,25,2022,72,2,,,,,,,3,3,2,,,,5,,2024-04-17 20:11
204535,20453501,25,2022,70,2,,,,,,,3,3,2,,,,5,,2024-04-17 20:11
204535,20453502,25,2022,60,3,1,561,2020m4,1,952,1,3,3,2,180,2,3,4,,2024-04-17 20:11
204536,20453601,25,2022,62,2,1,474,2013m9,2,521,1,2,3,1,230,2,3,4,,2024-04-17 20:11
204536,20453602,25,2022,60,2,,,,,,,2,3,2,,,,5,,2024-04-17 20:11
204537,20453701,25,2022,58,3,1,132,2002m4,1,753,1,2,3,1,250,1,3,4,,2024-04-17 20:11
204537,20453702,25,2022,50,3,,,,,,,2,3,2,,,,4,,2024-04-17 20:11
204539,20453901,25,2022,31,6,1,861,2015m3,1,243,1,1,3,2,250,1,3,4,,2024-04-17 20:11
204539,20453902,25,2022,28,6,1,474,2022m10,2,521,1,1,3,2,200,2,3,4,,2024-04-17 20:11
204540,20454001,25,2022,31,6,1,451,2021m7,1,312,1,1,3,1,250,1,2,4,,2024-04-17 20:11
204540,20454002,25,2022,28,6,1,561,2019m2,1,244,1,1,3,2,200,1,3,4,,2024-04-17 20:11
204541,20454101,25,2022,54,6,2,855,2002m5,4,254,2,2,6,1,200,,3,4,,2024-04-17 20:11
204541,20454102,25,2022,51,6,1,853,2021m3,1,251,1,2,6,2,300,2,2,4,,2024-04-17 20:11
204541,20454103,25,2022,24,6,1,855,2021m5,2,254,1,1,6,2,100,2,2,4,,2024-04-17 20:11
204541,20454104,25,2022,23,4,1,561,2022m2,2,442,1,1,6,1,70,2,2,4,,2024-04-17 20:11
204542,20454201,25,2022,59,6,1,841,1989m2,1,311,1,2,6,1,390,1,2,4,,2024-04-17 20:11
204542,20454202,25,2022,55,3,,,,,,,2,6,2,,,,4,,2024-04-17 20:11
204542,20454203,25,2022,28,6,2,961,2022m1,4,422,2,1,6,2,,,3,4,,2024-04-17 20:11
204543,20454301,25,2022,54,3,1,426,2019m2,1,874,1,2,6,1,280,1,2,4,,2024-04-17 20:11
204543,20454302,25,2022,51,3,1,861,2022m5,1,246,1,2,6,2,165,1,2,4,,2024-04-17 20:11
204545,20454501,25,2022,47,5,2,561,1998m5,4,441,2,2,6,2,500,,3,4,,2024-04-17 20:11
204545,20454502,25,2022,51,3,3,561,1998m5,5,442,2,2,6,1,,,3,4,,2024-04-17 20:11
204545,20454503,25,2022,21,4,,,,,,,1,6,2,,,,4,,2024-04-17 20:11
204545,20454504,25,2022,20,3,,,,,,,1,6,2,,,,4,,2024-04-17 20:11
204546,20454601,25,2022,46,6,1,844,2006m2,1,411,1,2,6,1,275,1,2,4,,2024-04-17 20:11
204546,20454602,25,2022,44,6,,,,,,,2,6,2,,,,4,,2024-04-17 20:11
204547,20454701,25,2022,68,2,2,493,2000m3,4,873,2,2,6,1,350,,3,5,,2024-04-17 20:11
204547,20454702,25,2022,64,2,,,,,,,2,6,2,,,,5,,2024-04-17 20:11
204547,20454703,25,2022,36,6,,,,,,,1,6,2,,,,5,,2024-04-17 20:11
204547,20454704,25,2022,39,6,1,412,2015m3,1,231,1,1,6,1,300,1,3,5,,2024-04-17 20:11
204548,20454801,25,2022,52,6,2,492,2015m2,4,873,2,2,6,1,350,,4,5,,2024-04-17 20:11
204548,20454802,25,2022,49,5,1,872,2021m11,1,247,1,2,6,2,270,1,3,5,,2024-04-17 20:11
204548,20454804,25,2022,18,2,,,,,,,1,6,1,,,,5,,2024-04-17 20:11
204549,20454901,25,2022,60,6,1,412,1988m3,1,784,1,2,6,1,500,1,3,4,,2024-04-17 20:11
204549,20454902,25,2022,56,3,,,,,,,2,6,2,,,,4,,2024-04-17 20:11
204549,20454903,25,2022,27,6,,,,,,,1,6,1,,,,5,,2024-04-17 20:11
204550,20455001,25,2022,56,6,1,651,2010m3,1,510,1,2,6,1,500,1,2,4,,2024-04-17 20:11
204550,20455002,25,2022,53,5,,,,,,,2,6,2,,,,4,,2024-04-17 20:11
204550,20455003,25,2022,28,6,1,501,2021m2,1,392,1,1,6,2,200,1,3,4,,2024-04-17 20:11
204550,20455004,25,2022,24,5,,,,,,,1,6,1,,,,4,,2024-04-17 20:11
204551,20455101,25,2022,72,2,2,492,2016m5,4,873,2,2,6,1,150,,3,4,,2024-04-17 20:11
204551,20455102,25,2022,66,2,,,,,,,2,6,2,,,,4,,2024-04-17 20:11
204552,20455201,25,2022,73,2,1,872,2020m6,2,941,1,3,6,2,27,2,2,6,,2024-04-17 20:11
204552,20455202,25,2022,45,3,1,872,2016m12,3,930,1,1,6,1,30,2,3,6,,2024-04-17 20:11
210101,20455301,25,2022,33,6,1,856,2018m9,1,254,1,2,6,2,100,2,2,5,,2024-04-17 20:11
204553,20455302,25,2022,28,5,,,,,,,1,6,2,,,,5,,2024-04-17 20:11
204553,20455303,25,2022,66,6,,,,,,,3,6,1,,,,5,,2024-04-17 20:11
204554,20455401,25,2022,43,6,,,,,,,2,6,1,,,,5,,2024-04-17 20:11
204554,20455402,25,2022,35,6,,,,,,,2,6,2,,,,5,,2024-04-17 20:11
204555,20455501,25,2022,37,6,2,479,2022m4,4,531,2,1,6,1,200,,3,5,,2024-04-17 20:11
204556,20455601,25,2022,62,6,1,463,1986m3,1,151,1,3,6,1,200,1,3,5,,2024-04-17 20:11
204557,20455701,25,2022,85,3,,,,,,,2,6,1,,,,4,,2024-04-17 20:11
204557,20455702,25,2022,63,3,,,,,,,2,6,2,,,,4,,2024-04-17 20:11
204559,20455901,25,2022,51,3,1,841,2021m2,2,941,1,3,6,2,100,2,3,6,,2024-04-17 20:11
204560,20456001,25,2022,66,2,2,471,2002m3,4,521,2,3,6,2,200,,3,5,,2024-04-17 20:11
204561,20456101,25,2022,91,6,,,,,,,3,6,1,,,,5,,2024-04-17 20:11
204561,20456102,25,2022,63,5,1,872,2022m6,1,421,1,3,6,2,150,2,3,5,,2024-04-17 20:11
204561,20456103,25,2022,35,5,1,712,2009m3,1,313,1,1,6,2,200,1,3,4,,2024-04-17 20:11
204562,20456201,25,2022,60,3,2,423,1990m5,4,762,2,2,6,1,500,,3,4,,2024-04-17 20:11
204562,20456202,25,2022,57,3,,,,,,,2,6,2,,,,5,,2024-04-17 20:11
204562,20456203,25,2022,21,4,,,,,,,1,6,2,,,,5,,2024-04-17 20:11
204562,20456204,25,2022,18,2,,,,,,,1,6,2,,,,5,,2024-04-17 20:11
204563,20456301,25,2022,47,6,2,464,2001m3,4,922,2,2,6,1,300,,3,5,,2024-04-17 20:11
204563,20456302,25,2022,43,6,,,,,,,2,6,2,,,,5,,2024-04-17 20:11
204563,20456303,25,2022,16,2,,,,,,,1,6,2,,,,5,,2024-04-17 20:11
204564,20456401,25,2022,59,6,1,651,1990m3,1,262,1,2,6,1,500,1,2,4,,2024-04-17 20:11
204564,20456402,25,2022,55,6,1,852,1990m3,1,252,1,2,6,2,600,1,2,4,,2024-04-17 20:11
210295,20456404,25,2022,27,6,1,851,2021m8,1,252,1,1,13,1,250,1,1,4,,2024-04-17 20:11
204565,20456501,25,2022,75,2,1,872,2021m3,2,922,1,3,6,1,27,2,3,5,,2024-04-17 20:11
204565,20456503,25,2022,25,5,1,872,2019m3,1,247,1,1,6,2,200,1,3,5,,2024-04-17 20:11
204566,20456601,25,2022,62,6,1,711,1987m1,1,330,1,2,6,1,350,1,2,4,,2024-04-17 20:11
204566,20456602,25,2022,61,6,2,478,1990m3,4,242,2,2,6,2,300,,1,4,,2024-04-17 20:11
204567,20456701,25,2022,66,2,,,,,,,2,6,1,,,,5,,2024-04-17 20:11
204567,20456702,25,2022,63,3,,,,,,,2,6,2,,,,5,,2024-04-17 20:11
204569,20456901,25,2022,44,5,2,561,2017m7,4,442,2,2,6,1,700,,3,3,,2024-04-17 20:11
204569,20456902,25,2022,44,5,3,561,2017m7,5,952,2,2,6,2,,,3,3,,2024-04-17 20:11
204570,20457001,25,2022,50,3,1,291,1995m4,1,743,1,2,6,1,710,1,3,4,,2024-04-17 20:11
204570,20457002,25,2022,47,5,,,,,,,2,6,2,,,,4,,2024-04-17 20:11
204571,20457101,25,2022,47,6,1,411,2003m3,1,141,1,2,6,1,600,1,3,4,,2024-04-17 20:11
204571,20457102,25,2022,43,3,1,861,2021m4,1,246,1,2,6,2,230,1,3,4,,2024-04-17 20:11
204572,20457201,25,2022,46,5,2,493,1999m10,4,873,2,2,6,1,700,,3,3,,2024-04-17 20:11
204572,20457202,25,2022,43,5,1,851,2013m3,2,254,1,2,6,2,60,2,3,4,,2024-04-17 20:11
204573,20457301,25,2022,44,6,1,221,2009m2,1,874,1,2,6,1,500,1,3,4,,2024-04-17 20:11
204573,20457302,25,2022,41,6,,,,,,,2,6,2,,,,4,,2024-04-17 20:11
204574,20457402,25,2022,39,6,1,681,2022m4,1,313,1,2,6,2,240,1,3,4,,2024-04-17 20:11
204575,20457501,25,2022,42,6,1,841,2014m4,1,311,1,1,6,1,320,1,3,3,,2024-04-17 20:11
204576,20457601,25,2022,37,3,1,291,2002m3,1,753,1,2,6,1,630,1,3,4,,2024-04-17 20:11
204576,20457602,25,2022,39,6,1,851,2021m6,2,254,1,2,6,2,70,2,3,4,,2024-04-17 20:11
204577,20457701,25,2022,45,6,1,292,2005m1,1,274,1,2,6,1,500,1,3,4,,2024-04-17 20:11
204577,20457702,25,2022,47,6,,,,,,,2,6,2,,,,3,,2024-04-17 20:11
204578,20457801,25,2022,49,5,1,841,1997m10,1,311,1,2,6,1,580,1,2,3,,2024-04-17 20:11
204578,20457802,25,2022,46,3,1,103,2018m11,1,313,1,2,6,2,230,1,3,4,,2024-04-17 20:11
204578,20457803,25,2022,19,4,,,,,,,1,6,1,,,,3,,2024-04-17 20:11
204579,20457901,25,2022,64,2,1,970,2010m3,3,951,1,3,8,2,200,2,3,5,,2024-04-17 20:11
204581,20458101,25,2022,52,3,1,759,2008m5,1,399,1,3,8,2,200,1,3,5,,2024-04-17 20:11
204582,20458201,25,2022,72,3,2,493,2000m1,4,873,2,2,8,1,150,,2,4,,2024-04-17 20:11
204582,20458202,25,2022,63,3,,,,,,,2,8,2,,,,4,,2024-04-17 20:11
204583,20458301,25,2022,50,3,1,424,1996m1,1,141,1,2,8,1,300,1,3,5,,2024-04-17 20:11
204583,20458302,25,2022,49,3,1,681,2000m1,1,942,1,2,8,2,200,1,2,5,,2024-04-17 20:11
204583,20458303,25,2022,16,2,,,,,,,1,8,2,,,,2,,2024-04-17 20:11
204584,20458401,25,2022,80,2,,,,,,,3,8,2,,,,5,,2024-04-17 20:11
204585,20458501,25,2022,34,6,2,472,2017m1,4,442,2,2,1,1,300,,3,4,,2024-04-17 20:11
204586,20458601,25,2022,50,3,1,471,2018m2,2,953,1,3,8,2,210,2,3,4,,2024-04-17 20:11
204586,20458602,25,2022,23,4,,,,,,,1,8,1,,,,3,,2024-04-17 20:11
204587,20458702,25,2022,50,3,1,471,2021m6,1,521,1,3,8,2,200,2,2,5,,2024-04-17 20:11
204589,20458901,25,2022,87,2,,,,,,,2,8,1,,,,5,,2024-04-17 20:11
204589,20458902,25,2022,86,2,,,,,,,2,8,2,,,,6,,2024-04-17 20:11
204590,20459001,25,2022,77,2,2,467,2014m3,4,941,2,2,8,1,60,,2,4,,2024-04-17 20:11
204590,20459002,25,2022,74,2,,,,,,,2,8,2,,,,4,,2024-04-17 20:11
204591,20459101,25,2022,41,3,1,872,2020m1,2,941,1,1,8,1,50,2,2,5,,2024-04-17 20:11
204592,20459201,25,2022,71,2,1,841,2021m2,2,942,1,2,8,1,36,2,3,5,,2024-04-17 20:11
204592,20459202,25,2022,69,2,,,,,,,2,8,2,,,,5,,2024-04-17 20:11
204592,20459203,25,2022,42,3,1,721,2022m1,1,231,1,1,8,1,200,1,3,5,,2024-04-17 20:11
204593,20459301,25,2022,80,3,,,,,,,2,8,1,,,,4,,2024-04-17 20:11
204593,20459302,25,2022,75,2,,,,,,,2,8,2,,,,4,,2024-04-17 20:11
204594,20459401,25,2022,74,2,2,493,,4,873,2,2,8,1,150,,3,5,,2024-04-17 20:11
204594,20459402,25,2022,72,2,,,,,,,2,8,2,,,,5,,2024-04-17 20:11
204594,20459403,25,2022,46,3,1,423,2015m3,1,762,1,1,8,1,190,1,3,5,,2024-04-17 20:11
204595,20459501,25,2022,69,2,,,,,,,2,8,1,,,,5,,2024-04-17 20:11
204595,20459502,25,2022,64,2,1,471,2020m3,1,941,1,2,8,2,145,2,3,5,,2024-04-17 20:11
204596,20459601,25,2022,79,2,,,,,,,2,8,1,,,,5,,2024-04-17 20:11
204596,20459602,25,2022,70,2,1,872,2021m4,1,421,1,2,8,2,90,2,3,5,,2024-04-17 20:11
204597,20459701,25,2022,68,2,,,,,,,2,8,1,,,,5,,2024-04-17 20:11
204597,20459702,25,2022,66,2,,,,,,,2,8,2,,,,5,,2024-04-17 20:11
204598,20459801,25,2022,77,2,,,,,,,3,8,2,,,,5,,2024-04-17 20:11
204599,20459901,25,2022,66,2,,,,,,,3,8,2,,,,4,,2024-04-17 20:11
204600,20460001,25,2022,78,2,,,,,,,2,8,1,,,,5,,2024-04-17 20:11
204600,20460002,25,2022,74,2,,,,,,,2,8,2,,,,5,,2024-04-17 20:11
204600,20460003,25,2022,49,3,1,411,2010m3,1,875,1,1,8,1,250,1,3,5,,2024-04-17 20:11
204601,20460101,25,2022,68,2,2,493,2015m1,4,873,2,2,8,1,150,,3,5,,2024-04-17 20:11
204601,20460102,25,2022,63,2,,,,,,,2,8,2,,,,5,,2024-04-17 20:11
204602,20460201,25,2022,50,6,1,844,2005m3,1,411,1,2,8,1,380,1,2,5,,2024-04-17 20:11
204602,20460202,25,2022,42,5,1,872,2020m3,1,247,1,2,8,2,190,1,3,5,,2024-04-17 20:11
204602,20460203,25,2022,15,2,,,,,,,1,8,1,,,,4,,2024-04-17 20:11
204603,20460301,25,2022,85,2,,,,,,,3,2,2,,,,3,,2024-04-17 20:11
204604,20460401,25,2022,61,3,,,,,,,2,8,1,,,,5,,2024-04-17 20:11
204604,20460402,25,2022,61,3,,,,,,,2,8,2,,,,5,,2024-04-17 20:11
204606,20460602,25,2022,39,6,1,841,2016m12,1,311,1,2,1,2,150,1,3,4,,2024-04-17 20:11
204607,20460701,25,2022,48,3,1,682,2010m3,1,862,1,2,8,1,300,1,3,4,,2024-04-17 20:11
204607,20460702,25,2022,51,3,,,,,,,2,8,2,,,,5,,2024-04-17 20:11
204607,20460703,25,2022,23,5,1,872,2021m7,1,247,1,1,8,2,190,2,3,5,,2024-04-17 20:11
204607,20460704,25,2022,18,2,,,,,,,1,8,1,,,,5,,2024-04-17 20:11
204608,20460801,25,2022,55,6,1,843,2007m3,1,262,1,2,8,1,500,1,2,4,,2024-04-17 20:11
204608,20460802,25,2022,51,5,,,,,,,2,8,2,,,,5,,2024-04-17 20:11
204609,20460901,25,2022,48,6,2,479,2015m3,4,531,2,2,8,1,500,,3,5,,2024-04-17 20:11
204609,20460902,25,2022,48,6,,,,,,,2,8,2,,,,5,,2024-04-17 20:11
204609,20460903,25,2022,19,4,,,,,,,1,8,1,,,,5,,2024-04-17 20:11
204609,20460904,25,2022,15,2,,,,,,,1,8,2,,,,5,,2024-04-17 20:11
204610,20461001,25,2022,55,6,1,853,1995m3,1,312,1,2,8,1,400,1,2,5,,2024-04-17 20:11
204610,20461002,25,2022,52,3,,,,,,,2,8,2,,,,4,,2024-04-17 20:11
204610,20461003,25,2022,24,4,,,,,,,1,8,1,,,,5,,2024-04-17 20:11
204610,20461004,25,2022,22,4,,,,,,,1,8,2,,,,5,,2024-04-17 20:11
204611,20461102,25,2022,58,3,,,,,,,2,8,2,,,,5,,2024-04-17 20:11
204612,20461201,25,2022,48,6,2,561,2019m3,4,441,2,2,8,1,300,,3,5,,2024-04-17 20:11
204612,20461202,25,2022,46,3,1,862,2013m3,1,392,1,2,8,2,190,1,2,5,,2024-04-17 20:11
204612,20461203,25,2022,19,4,,,,,,,1,8,1,,,,5,,2024-04-17 20:11
204612,20461204,25,2022,16,2,,,,,,,1,8,1,,,,5,,2024-04-17 20:11
204613,20461301,25,2022,68,2,1,492,2021m1,1,873,1,2,8,1,190,2,3,5,,2024-04-17 20:11
204613,20461302,25,2022,68,2,,,,,,,2,8,2,,,,5,,2024-04-17 20:11
204614,20461401,25,2022,43,5,1,551,2017m11,1,862,1,2,8,1,235,1,3,5,,2024-04-17 20:11
204614,20461402,25,2022,44,5,,,,,,,2,8,2,,,,5,,2024-04-17 20:11
204615,20461501,25,2022,78,2,,,,,,,2,8,2,,,,5,,2024-04-17 20:11
204616,20461601,25,2022,85,2,,,,,,,3,8,2,,,,5,,2024-04-17 20:11
204617,20461701,25,2022,76,6,,,,,,,3,8,2,,,,5,,2024-04-17 20:11
204619,20461901,25,2022,76,3,1,351,2016m8,1,942,1,2,8,1,160,2,3,5,,2024-04-17 20:11
204619,20461902,25,2022,74,2,,,,,,,2,8,2,,,,5,,2024-04-17 20:11
204620,20462001,25,2022,56,3,1,843,2004m3,1,313,1,2,8,1,375,1,3,5,,2024-04-17 20:11
204620,20462002,25,2022,54,3,1,861,2022m5,1,421,1,2,8,2,190,2,3,5,,2024-04-17 20:11
204620,20462003,25,2022,23,4,,,,,,,1,8,1,,,,5,,2024-04-17 20:11
204620,20462004,25,2022,19,4,,,,,,,1,8,1,,,,5,,2024-04-17 20:11
204622,20462201,25,2022,64,2,,,,,,,2,8,1,,,,5,,2024-04-17 20:11
204622,20462202,25,2022,68,2,,,,,,,2,8,2,,,,5,,2024-04-17 20:11
204623,20462301,25,2022,41,6,,,,,,,2,8,2,,,,5,,2024-04-17 20:11
204624,20462401,25,2022,86,2,,,,,,,3,8,1,,,,5,,2024-04-17 20:11
204625,20462501,25,2022,70,3,1,424,,3,141,1,2,8,1,240,2,3,5,,2024-04-17 20:11
204625,20462502,25,2022,67,3,,,,,,,2,8,2,,,,5,,2024-04-17 20:11
204626,20462601,25,2022,46,3,1,424,,3,910,1,2,8,1,390,2,3,5,,2024-04-17 20:11
204626,20462602,25,2022,46,3,,,,,,,2,8,2,,,,5,,2024-04-17 20:11
204626,20462603,25,2022,18,4,,,,,,,1,8,1,,,,5,,2024-04-17 20:11
204626,20462604,25,2022,15,2,,,,,,,1,8,2,,,,5,,2024-04-17 20:11
204627,20462701,25,2022,72,2,,,,,,,2,8,1,,,,5,,2024-04-17 20:11
204627,20462702,25,2022,62,2,,,,,,,2,8,2,,,,5,,2024-04-17 20:11
204628,20462802,25,2022,60,3,1,561,2021m9,1,441,1,3,8,2,190,2,3,5,,2024-04-17 20:11
204629,20462901,25,2022,84,2,,,,,,,2,8,1,,,,5,,2024-04-17 20:11
204629,20462902,25,2022,79,2,,,,,,,2,8,2,,,,5,,2024-04-17 20:11
204630,20463001,25,2022,32,3,1,465,2014m11,1,874,1,2,8,1,280,1,3,5,,2024-04-17 20:11
204630,20463002,25,2022,30,3,1,862,2019m10,1,246,1,2,8,2,190,1,3,5,,2024-04-17 20:11
204631,20463101,25,2022,76,2,,,,,,,2,8,1,,,,5,,2024-04-17 20:11
204631,20463102,25,2022,71,2,,,,,,,2,8,2,,,,4,,2024-04-17 20:11
204632,20463201,25,2022,73,2,1,753,2013m5,1,942,1,2,8,1,190,2,3,5,,2024-04-17 20:11
204632,20463202,25,2022,71,2,,,,,,,2,8,2,,,,5,,2024-04-17 20:11
204633,20463301,25,2022,45,6,1,290,2020m1,1,235,1,2,8,1,480,1,3,5,,2024-04-17 20:11
204633,20463302,25,2022,43,6,,,,,,,2,8,2,,,,4,,2024-04-17 20:11
204634,20463401,25,2022,75,2,,,,,,,2,8,1,,,,5,,2024-04-17 20:11
204634,20463402,25,2022,72,2,,,,,,,2,8,2,,,,5,,2024-04-17 20:11
204634,20463403,25,2022,46,6,,,,,,,1,8,2,,,,5,,2024-04-17 20:11
204635,20463501,25,2022,49,6,2,661,2014m3,4,320,2,2,8,1,400,,3,4,,2024-04-17 20:11
204635,20463502,25,2022,50,6,,,,,,,2,8,2,,,,4,,2024-04-17 20:11
204635,20463503,25,2022,16,2,,,,,,,1,8,2,,,,4,,2024-04-17 20:11
204636,20463601,25,2022,86,2,,,,,,,2,8,1,,,,5,,2024-04-17 20:11
204636,20463602,25,2022,81,2,,,,,,,2,8,2,,,,5,,2024-04-17 20:11
204637,20463701,25,2022,65,3,2,426,,4,875,2,2,8,1,300,,3,5,,2024-04-17 20:11
204637,20463702,25,2022,58,3,,,,,,,2,8,2,,,,4,,2024-04-17 20:11
204638,20463801,25,2022,41,6,1,582,2016m3,1,222,1,2,8,1,550,1,3,5,,2024-04-17 20:11
204638,20463802,25,2022,39,6,,,,,,,2,8,2,,,,5,,2024-04-17 20:11
204639,20463901,25,2022,67,3,1,303,2011m5,1,873,1,2,8,1,230,1,3,5,,2024-04-17 20:11
204639,20463902,25,2022,66,3,,,,,,,2,8,2,,,,5,,2024-04-17 20:11
204640,20464001,25,2022,64,6,,,,,,,2,8,1,,,,5,,2024-04-17 20:11
204640,20464002,25,2022,62,6,,,,,,,2,8,2,,,,5,,2024-04-17 20:11
204641,20464101,25,2022,66,6,,,,,,,2,8,1,,,,3,,2024-04-17 20:11
204641,20464102,25,2022,66,6,,,,,,,2,8,2,,,,4,,2024-04-17 20:11
204642,20464201,25,2022,46,6,1,841,2003m3,1,311,1,2,8,1,500,1,2,4,,2024-04-17 20:11
204642,20464202,25,2022,46,6,1,841,2004m3,1,311,1,2,8,2,500,1,2,5,,2024-04-17 20:11
204642,20464203,25,2022,16,2,,,,,,,1,8,1,,,,4,,2024-04-17 20:11
204645,20464501,25,2022,70,6,1,303,2019m1,2,235,1,2,8,1,230,2,2,4,,2024-04-17 20:11
204645,20464502,25,2022,67,3,,,,,,,2,8,2,,,,4,,2024-04-17 20:11
204646,20464601,25,2022,49,6,1,285,1999m8,1,234,1,2,8,1,650,1,2,3,,2024-04-17 20:11
204646,20464602,25,2022,46,6,,,,,,,2,8,2,,,,3,,2024-04-17 20:11
204647,20464701,25,2022,74,6,1,682,2009m1,1,139,1,2,8,1,200,1,2,4,,2024-04-17 20:11
204647,20464702,25,2022,73,3,,,,,,,2,8,2,,,,4,,2024-04-17 20:11
204648,20464801,25,2022,65,3,2,11,2016m5,4,611,2,2,13,1,250,,3,4,,2024-04-17 20:11
204648,20464802,25,2022,61,3,3,11,2021m10,5,611,2,2,13,2,,,5,4,,2024-04-17 20:11
204649,20464902,25,2022,63,3,1,872,2008m5,2,421,1,2,8,2,120,2,2,4,,2024-04-17 20:11
204650,20465001,25,2022,75,2,,,,,,,3,8,2,,,,5,,2024-04-17 20:11
204651,20465101,25,2022,37,3,2,562,2020m2,4,442,2,2,8,1,400,,3,4,,2024-04-17 20:11
204651,20465102,25,2022,38,3,1,872,2004m3,1,247,1,2,8,2,230,1,2,4,,2024-04-17 20:11
204652,20465201,25,2022,63,2,1,682,2021m8,2,941,1,3,8,2,150,2,3,5,,2024-04-17 20:11
204653,20465301,25,2022,37,6,1,862,2013m2,1,245,1,1,8,1,450,1,2,5,,2024-04-17 20:11
204654,20465401,25,2022,92,3,,,,,,,3,8,1,,,,5,,2024-04-17 20:11
204655,20465501,25,2022,55,5,1,107,1991m5,1,811,1,2,8,1,500,1,2,5,,2024-04-17 20:11
204655,20465502,25,2022,51,3,1,561,2021m3,2,941,1,2,8,2,240,2,2,4,,2024-04-17 20:11
204656,20465601,25,2022,35,6,1,649,2019m10,1,272,1,2,8,1,650,2,2,3,,2024-04-17 20:11
204656,20465602,25,2022,35,6,1,582,2011m5,1,222,1,2,8,2,400,1,2,3,,2024-04-17 20:11
204657,20465701,25,2022,39,3,1,340,2005m1,1,762,1,2,8,1,320,1,2,4,,2024-04-17 20:11
204657,20465702,25,2022,39,3,1,473,2008m10,1,313,1,2,8,2,250,1,2,4,,2024-04-17 20:11
204658,20465801,25,2022,46,6,1,423,2022m5,1,762,1,2,8,1,290,1,2,5,,2024-04-17 20:11
204658,20465802,25,2022,42,5,,,,,,,2,8,2,,,,5,,2024-04-17 20:11
204659,20465901,25,2022,73,2,2,492,1995m3,4,873,2,3,8,1,200,,2,5,,2024-04-17 20:11
204661,20466101,25,2022,34,6,1,303,2013m2,1,222,1,2,8,1,270,1,3,5,,2024-04-17 20:11
204661,20466102,25,2022,34,6,,,,,,,2,8,2,,,,5,,2024-04-17 20:11
204662,20466201,25,2022,68,2,,,,,,,3,8,2,,,,4,,2024-04-17 20:11
204663,20466301,25,2022,73,2,,,,,,,3,8,2,,,,4,,2024-04-17 20:11
204664,20466401,25,2022,48,6,,,,,,,2,8,2,,,,4,,2024-04-17 20:11
204665,20466501,25,2022,47,5,1,651,2020m3,1,510,1,2,8,2,200,2,3,3,,2024-04-17 20:11
204665,20466502,25,2022,53,3,2,493,2019m9,4,873,2,2,8,1,300,,3,4,,2024-04-17 20:11
204666,20466601,25,2022,68,2,1,742,2010m1,2,941,1,3,8,2,150,2,3,4,,2024-04-17 20:11
204667,20466701,25,2022,88,2,,,,,,,2,8,1,,,,4,,2024-04-17 20:11
204667,20466702,25,2022,79,2,,,,,,,2,8,2,,,,4,,2024-04-17 20:11
204668,20466801,25,2022,60,6,1,582,2014m3,1,222,1,2,8,1,300,1,3,3,,2024-04-17 20:11
204668,20466802,25,2022,50,3,1,759,2010m1,1,930,1,2,8,2,150,1,3,4,,2024-04-17 20:11
204668,20466803,25,2022,21,3,,,,,,,1,8,1,,,,4,,2024-04-17 20:11
204668,20466804,25,2022,87,2,,,,,,,3,8,2,,,,4,,2024-04-17 20:11
204669,20466901,25,2022,48,3,1,855,2018m1,1,312,1,3,8,2,400,1,3,4,,2024-04-17 20:11
204669,20466902,25,2022,22,4,,,,,,,1,8,2,,,,4,,2024-04-17 20:11
204669,20466903,25,2022,18,2,,,,,,,1,8,2,,,,4,,2024-04-17 20:11
204669,20466904,25,2022,15,2,,,,,,,1,8,2,,,,4,,2024-04-17 20:11
204670,20467001,25,2022,42,3,1,862,2013m1,1,246,1,3,8,2,250,1,3,4,,2024-04-17 20:11
204670,20467002,25,2022,17,2,,,,,,,1,8,1,,,,4,,2024-04-17 20:11
204670,20467003,25,2022,15,2,,,,,,,1,8,1,,,,4,,2024-04-17 20:11
204671,20467101,25,2022,39,3,,,,,,,1,8,2,,,,5,,2024-04-17 20:11
204672,20467201,25,2022,66,5,,,,,,,3,8,2,,,,4,,2024-04-17 20:11
204672,20467203,25,2022,39,4,,,,,,,1,8,2,,,,4,,2024-04-17 20:11
204673,20467301,25,2022,84,1,1,841,2022m1,2,941,1,3,8,2,27,2,3,4,,2024-04-17 20:11
204673,20467302,25,2022,27,3,1,561,2016m5,2,922,1,1,8,1,200,2,3,4,,2024-04-17 20:11
204674,20467401,25,2022,77,6,,,,,,,2,8,1,,,,3,,2024-04-17 20:11
204674,20467402,25,2022,72,3,,,,,,,2,8,2,,,,3,,2024-04-17 20:11
204675,20467501,25,2022,60,6,,,,,,,2,8,1,,,,3,,2024-04-17 20:11
204675,20467502,25,2022,57,3,,,,,,,2,8,2,,,,3,,2024-04-17 20:11
204675,20467503,25,2022,33,6,1,107,2012m3,1,710,1,1,8,2,230,1,3,3,,2024-04-17 20:11
204676,20467601,25,2022,57,6,2,561,1995m1,4,441,2,2,8,1,300,,3,3,,2024-04-17 20:11
204676,20467602,25,2022,52,6,3,561,2010m1,5,952,2,2,8,2,,,3,3,,2024-04-17 20:11
204676,20467603,25,2022,26,3,1,561,2017m6,1,441,1,1,8,1,300,1,3,3,,2024-04-17 20:11
204676,20467604,25,2022,24,6,,,,,,,1,8,1,,,,3,,2024-04-17 20:11
204677,20467701,25,2022,49,6,1,855,2019m1,1,254,1,2,8,2,300,2,3,3,,2024-04-17 20:11
204677,20467702,25,2022,56,6,2,466,1993m1,4,521,2,2,8,1,300,,2,3,,2024-04-17 20:11
204678,20467801,25,2022,49,6,2,855,,4,254,2,2,8,2,300,,2,3,,2024-04-17 20:11
204678,20467802,25,2022,48,6,1,107,2000m1,1,239,1,2,8,1,500,1,2,3,,2024-04-17 20:11
204678,20467803,25,2022,19,4,,,,,,,1,8,1,,,,3,,2024-04-17 20:11
204679,20467901,25,2022,51,5,1,953,2019m12,3,761,1,2,8,2,205,2,4,4,,2024-04-17 20:11
204679,20467902,25,2022,53,5,1,465,2022m5,1,151,1,2,8,1,630,1,2,3,,2024-04-17 20:11
204679,20467903,25,2022,25,5,,,,,,,1,8,2,,,,4,,2024-04-17 20:11
204679,20467904,25,2022,22,4,,,,,,,1,8,2,,,,4,,2024-04-17 20:11
204680,20468001,25,2022,80,6,1,423,2000m1,1,510,1,2,8,1,200,1,3,3,,2024-04-17 20:11
204680,20468002,25,2022,75,3,,,,,,,2,8,2,,,,3,,2024-04-17 20:11
204682,20468201,25,2022,41,6,1,852,2008m3,1,252,1,2,8,1,500,1,2,3,,2024-04-17 20:11
204682,20468202,25,2022,40,6,,,,,,,2,8,2,,,,3,,2024-04-17 20:11
204683,20468301,25,2022,66,3,,,,,,,1,8,1,,,,4,,2024-04-17 20:11
204683,20468302,25,2022,86,2,,,,,,,3,8,2,,,,4,,2024-04-17 20:11
204684,20468401,25,2022,57,6,,,,,,,2,8,2,,,,3,,2024-04-17 20:11
204684,20468402,25,2022,61,6,1,411,2020m3,2,312,1,2,8,1,600,2,2,3,,2024-04-17 20:11
204684,20468403,25,2022,30,6,1,212,2021m1,1,211,1,1,8,1,385,1,2,3,,2024-04-17 20:11
204684,20468404,25,2022,28,6,1,213,2020m3,1,211,1,1,8,1,375,1,2,3,,2024-04-17 20:11
204685,20468501,25,2022,86,3,,,,,,,2,8,1,,,,3,,2024-04-17 20:11
204685,20468502,25,2022,80,3,,,,,,,2,8,2,,,,3,,2024-04-17 20:11
204686,20468601,25,2022,60,3,,,,,,,2,8,2,,,,3,,2024-04-17 20:11
204686,20468602,25,2022,59,6,1,111,1989m3,1,312,1,2,8,1,600,1,2,3,,2024-04-17 20:11
204686,20468603,25,2022,19,4,,,,,,,1,8,1,,,,3,,2024-04-17 20:11
204687,20468701,25,2022,49,6,1,262,1998m3,1,234,1,2,8,1,500,1,2,3,,2024-04-17 20:11
204687,20468702,25,2022,44,6,,,,,,,2,8,2,,,,3,,2024-04-17 20:11
204687,20468703,25,2022,18,2,,,,,,,1,8,2,,,,3,,2024-04-17 20:11
204688,20468802,25,2022,62,3,,,,,,,2,8,2,,,,4,,2024-04-17 20:11
204689,20468901,25,2022,77,3,,,,,,,2,8,1,,,,3,,2024-04-17 20:11
204689,20468902,25,2022,75,2,,,,,,,2,8,2,,,,3,,2024-04-17 20:11
204690,20469001,25,2022,51,6,,,,,,,2,8,2,,,,5,,2024-04-17 20:11
204691,20469101,25,2022,68,2,2,494,2020m3,4,922,2,2,8,1,100,,4,5,,2024-04-17 20:11
204691,20469102,25,2022,72,2,,,,,,,2,8,2,,,,5,,2024-04-17 20:11
204693,20469301,25,2022,64,2,1,871,2022m5,1,421,1,2,8,2,190,1,3,5,,2024-04-17 20:11
204693,20469302,25,2022,70,2,,,,,,,2,8,1,,,,5,,2024-04-17 20:11
204693,20469303,25,2022,39,3,2,620,2006m5,4,224,2,1,8,2,300,,3,5,,2024-04-17 20:11
204695,20469501,25,2022,67,3,,,,,,,3,8,1,,,,6,,2024-04-17 20:11
204696,20469601,25,2022,71,2,,,,,,,2,8,1,,,,5,,2024-04-17 20:11
204696,20469602,25,2022,69,2,,,,,,,2,8,2,,,,4,,2024-04-17 20:11
204696,20469603,25,2022,31,3,1,412,2020m3,1,875,1,1,8,1,270,1,3,4,,2024-04-17 20:11
204697,20469701,25,2022,67,3,1,969,2021m11,3,441,1,3,8,2,100,2,3,5,,2024-04-17 20:11
204700,20470001,25,2022,43,5,1,715,2022m3,1,710,1,2,8,2,220,1,3,4,,2024-04-17 20:11
204700,20470003,25,2022,16,2,,,,,,,1,8,1,,,,4,,2024-04-17 20:11
204701,20470101,25,2022,40,6,2,911,,4,286,2,2,8,1,500,,2,3,,2024-04-17 20:11
204701,20470102,25,2022,39,6,,,,,,,2,8,2,,,,3,,2024-04-17 20:11
204702,20470201,25,2022,41,6,,,,,,,2,8,2,,,,4,,2024-04-17 20:11
204703,20470301,25,2022,64,3,2,11,2019m3,4,611,2,2,11,1,284,,2,3,,2024-04-17 20:11
204703,20470302,25,2022,62,3,3,11,2019m2,5,611,2,2,11,2,,,3,3,,2024-04-17 20:11
210102,20470303,25,2022,34,6,1,492,2017m9,1,871,1,1,8,1,350,1,2,4,,2024-04-17 20:11
210102,20470304,25,2022,28,6,,,,,,,1,8,1,,,,4,,2024-04-17 20:11
204704,20470402,25,2022,38,5,,,,,,,3,8,2,,,,6,,2024-04-17 20:11
204705,20470501,25,2022,65,2,,,,,,,2,8,1,,,,5,,2024-04-17 20:11
204705,20470502,25,2022,60,2,,,,,,,2,8,2,,,,5,,2024-04-17 20:11
204706,20470601,25,2022,74,2,2,471,1988m3,4,521,2,2,8,1,50,,4,5,,2024-04-17 20:11
204706,20470602,25,2022,66,2,,,,,,,2,8,2,,,,5,,2024-04-17 20:11
204707,20470701,25,2022,63,3,2,562,2021m3,4,441,2,2,8,1,300,,2,5,,2024-04-17 20:11
204707,20470702,25,2022,58,3,,,,,,,2,8,2,,,,5,,2024-04-17 20:11
204708,20470801,25,2022,67,2,2,476,1977m9,4,521,2,2,8,1,150,,3,5,,2024-04-17 20:11
204708,20470802,25,2022,64,2,,,,,,,2,8,2,,,,5,,2024-04-17 20:11
204709,20470901,25,2022,70,1,,,,,,,3,8,1,,,,6,,2024-04-17 20:11
204710,20471001,25,2022,80,2,,,,,,,2,8,1,,,,5,,2024-04-17 20:11
204710,20471002,25,2022,74,2,,,,,,,2,8,2,,,,5,,2024-04-17 20:11
204710,20471003,25,2022,46,3,2,551,2012m5,4,432,2,2,8,1,250,,3,5,,2024-04-17 20:11
204711,20471101,25,2022,57,3,1,411,2019m1,3,910,1,3,8,1,150,2,3,5,,2024-04-17 20:11
204711,20471102,25,2022,79,2,,,,,,,3,8,2,,,,6,,2024-04-17 20:11
204712,20471201,25,2022,73,1,,,,,,,2,8,1,,,,5,,2024-04-17 20:11
204712,20471202,25,2022,68,2,,,,,,,2,8,2,,,,5,,2024-04-17 20:11
204713,20471301,25,2022,61,3,2,11,1989m2,4,611,2,2,9,1,350,,2,3,,2024-04-17 20:11
204713,20471302,25,2022,56,3,3,11,1995m3,5,611,2,2,9,2,,,2,3,,2024-04-17 20:11
204714,20471401,25,2022,28,5,1,872,2015m5,1,421,1,2,9,2,206,1,2,4,,2024-04-17 20:11
204714,20471402,25,2022,33,6,1,852,2015m2,1,286,1,2,9,1,237,1,2,4,,2024-04-17 20:11
204715,20471501,25,2022,58,3,2,11,1990m3,4,611,2,2,9,1,300,,3,3,,2024-04-17 20:11
204715,20471502,25,2022,55,3,3,11,2008m6,5,611,2,2,9,2,,,3,3,,2024-04-17 20:11
204716,20471601,25,2022,58,3,2,11,1989m3,4,611,2,2,9,1,250,,2,4,,2024-04-17 20:11
204716,20471602,25,2022,57,3,3,11,1991m3,5,611,2,2,9,2,,,2,4,,2024-04-17 20:11
204717,20471701,25,2022,29,5,1,851,2018m3,1,286,1,1,9,1,225,1,2,5,,2024-04-17 20:11
204718,20471801,25,2022,58,3,2,11,1986m5,4,611,2,2,9,1,260,,2,4,,2024-04-17 20:11
204718,20471802,25,2022,57,3,3,11,1995m3,5,611,2,2,9,2,,,2,4,,2024-04-17 20:11
204719,20471901,25,2022,52,3,,,,,,,2,9,2,,,,4,,2024-04-17 20:11
204719,20471902,25,2022,53,3,2,467,1992m10,4,521,2,2,9,1,300,,2,4,,2024-04-17 20:11
204720,20472001,25,2022,42,2,,,,,,,2,9,2,,,,4,,2024-04-17 20:11
204721,20472101,25,2022,76,2,,,,,,,3,9,2,,,,4,,2024-04-17 20:11
204722,20472202,25,2022,58,2,1,871,2020m4,1,421,1,2,9,2,230,1,2,4,,2024-04-17 20:11
204722,20472203,25,2022,29,5,,,,,,,1,9,1,,,,4,,2024-04-17 20:11
204722,20472204,25,2022,21,4,,,,,,,1,9,1,,,,4,,2024-04-17 20:11
204724,20472402,25,2022,66,2,1,11,2019m3,3,991,1,2,9,2,140,2,2,4,,2024-04-17 20:11
204725,20472502,25,2022,77,2,,,,,,,3,9,2,,,,4,,2024-04-17 20:11
204726,20472601,25,2022,63,2,1,11,2019m3,3,991,1,3,9,2,160,2,2,4,,2024-04-17 20:11
204727,20472701,25,2022,58,3,1,233,1991m3,1,843,1,2,12,1,450,1,2,4,,2024-04-17 20:11
204727,20472702,25,2022,54,3,1,471,2008m9,1,521,1,2,12,2,325,1,2,4,,2024-04-17 20:11
204728,20472801,25,2022,36,6,1,492,2019m3,2,873,1,1,12,1,270,2,3,5,,2024-04-17 20:11
204729,20472901,25,2022,55,3,2,472,2004m4,4,521,2,2,12,1,500,,2,4,,2024-04-17 20:11
204729,20472902,25,2022,42,3,3,463,2021m7,5,521,2,2,12,2,,,2,5,,2024-04-17 20:11
204729,20472903,25,2022,15,2,,,,,,,1,12,1,,,,4,,2024-04-17 20:11
204730,20473001,25,2022,58,3,1,682,2011m3,1,862,1,2,12,1,350,1,2,4,,2024-04-17 20:11
204730,20473002,25,2022,55,3,,,,,,,2,12,2,,,,4,,2024-04-17 20:11
204731,20473101,25,2022,43,5,1,422,2005m4,1,792,1,1,12,1,300,1,2,5,,2024-04-17 20:11
204732,20473201,25,2022,52,6,1,952,2019m3,1,751,1,2,12,1,370,1,2,5,,2024-04-17 20:11
204732,20473202,25,2022,52,6,1,472,2012m3,1,521,1,2,12,2,300,1,2,4,,2024-04-17 20:11
204733,20473301,25,2022,53,3,2,426,1987m1,4,875,2,1,12,1,350,,2,5,,2024-04-17 20:11
204734,20473401,25,2022,53,5,1,753,2000m3,1,412,1,2,12,1,400,1,2,5,,2024-04-17 20:11
204734,20473402,25,2022,48,6,2,561,2019m10,4,441,2,2,12,2,250,,2,4,,2024-04-17 20:11
204734,20473403,25,2022,22,3,,,,,,,1,12,2,,,,4,,2024-04-17 20:11
204735,20473501,25,2022,66,2,,,,,,,3,16,2,,,,6,,2024-04-17 20:11
204736,20473601,25,2022,73,3,1,682,2014m1,2,942,1,2,16,1,120,2,3,5,,2024-04-17 20:11
204737,20473701,25,2022,55,5,2,856,2019m3,4,254,2,1,16,2,100,,2,4,,2024-04-17 20:11
204738,20473801,25,2022,39,5,1,712,2016m5,1,313,1,3,16,2,200,1,3,4,,2024-04-17 20:11
204739,20473901,25,2022,52,6,1,851,2021m6,2,421,1,3,16,2,90,2,3,6,,2024-04-17 20:11
204740,20474001,25,2022,41,3,1,952,2020m5,1,751,1,1,16,1,300,1,3,3,,2024-04-17 20:11
204741,20474101,25,2022,31,6,1,465,2018m8,1,312,1,2,1,2,450,1,2,4,,2024-04-17 20:11
204745,20474501,25,2022,76,2,,,,,,,3,1,2,,,,4,,2024-04-17 20:11
204746,20474601,25,2022,76,2,1,851,2020m9,2,952,1,3,1,2,27,2,2,5,,2024-04-17 20:11
204747,20474701,25,2022,55,6,1,464,2000m1,1,922,1,2,1,1,300,1,2,4,,2024-04-17 20:11
204747,20474702,25,2022,47,6,1,464,2020m1,1,312,1,2,1,2,250,1,2,4,,2024-04-17 20:11
204747,20474703,25,2022,23,6,1,107,2022m3,1,285,1,1,1,2,230,1,2,4,,2024-04-17 20:11
204747,20474704,25,2022,21,4,,,,,,,1,1,1,,,,5,,2024-04-17 20:11
204748,20474801,25,2022,78,1,,,,,,,3,10,2,,,,5,,2024-04-17 20:11
204750,20475001,25,2022,27,6,1,861,2021m5,1,243,1,1,1,2,310,1,2,4,,2024-04-17 20:11
204752,20475202,25,2022,59,5,1,411,2017m10,1,313,1,2,1,2,500,1,2,4,,2024-04-17 20:11
210296,20475203,25,2022,31,6,1,411,2021m2,1,141,1,1,1,1,350,1,3,4,,2024-04-17 20:11
204752,20475204,25,2022,28,6,,,,,,,1,1,1,,,,4,,2024-04-17 20:11
204754,20475401,25,2022,64,2,2,492,2013m1,4,873,2,2,1,1,200,,3,4,,2024-04-17 20:11
204754,20475402,25,2022,63,2,,,,,,,2,1,2,,,,4,,2024-04-17 20:11
204754,20475403,25,2022,41,5,1,465,2022m5,2,521,1,1,1,1,300,2,3,4,,2024-04-17 20:11
204755,20475501,25,2022,83,1,,,,,,,3,1,2,,,,6,,2024-04-17 20:11
204756,20475601,25,2022,30,6,1,651,2021m11,1,312,1,1,1,2,240,1,2,5,,2024-04-17 20:11
204758,20475802,25,2022,63,3,,,,,,,2,1,2,,,,4,,2024-04-17 20:11
204758,20475803,25,2022,31,3,,,,,,,1,1,1,,,,4,,2024-04-17 20:11
204770,20477001,25,2022,57,3,,,,,,,1,1,1,,,,4,,2024-04-17 20:11
204771,20477101,25,2022,68,6,,,,,,,2,1,1,,,,3,,2024-04-17 20:11
204771,20477102,25,2022,66,6,,,,,,,2,1,2,,,,3,,2024-04-17 20:11
204774,20477402,25,2022,58,3,,,,,,,2,1,2,,,,4,,2024-04-17 20:11
204775,20477501,25,2022,45,5,,,,,,,2,1,2,,,,5,,2024-04-17 20:11
204775,20477502,25,2022,46,6,1,107,2015m3,1,710,1,2,1,1,320,1,3,5,,2024-04-17 20:11
204775,20477503,25,2022,15,2,,,,,,,1,1,2,,,,5,,2024-04-17 20:11
204777,20477701,25,2022,72,3,1,682,2015m1,1,942,1,2,1,1,200,1,3,4,,2024-04-17 20:11
204777,20477702,25,2022,67,2,1,682,2018m6,1,941,1,2,1,2,190,2,3,5,,2024-04-17 20:11
204778,20477802,25,2022,72,2,,,,,,,2,1,2,,,,4,,2024-04-17 20:11
204779,20477901,25,2022,62,5,2,662,1993m4,4,510,2,2,1,1,300,,3,4,,2024-04-17 20:11
204780,20478001,25,2022,59,3,,,,,,,2,1,2,,,,4,,2024-04-17 20:11
204781,20478101,25,2022,51,6,1,872,2021m7,2,314,1,3,8,2,120,2,4,6,,2024-04-17 20:11
204782,20478201,25,2022,62,3,1,911,2018m3,2,432,1,1,1,1,200,2,3,4,,2024-04-17 20:11
204784,20478401,25,2022,43,4,2,423,2021m9,4,761,2,2,1,1,500,,2,4,,2024-04-17 20:11
204784,20478402,25,2022,43,3,1,712,2016m5,1,313,1,2,1,2,350,1,3,4,,2024-04-17 20:11
204785,20478502,25,2022,52,6,,,,,,,2,1,2,,,,5,,2024-04-17 20:11
204785,20478503,25,2022,17,2,,,,,,,1,1,1,,,,4,,2024-04-17 20:11
204786,20478601,25,2022,43,5,2,562,2021m12,4,441,2,2,1,1,150,,3,5,,2024-04-17 20:11
204786,20478602,25,2022,46,6,1,853,2022m5,2,251,1,2,1,2,60,2,2,5,,2024-04-17 20:11
204787,20478701,25,2022,43,3,1,411,2009m2,1,239,1,2,1,1,400,1,2,5,,2024-04-17 20:11
204787,20478702,25,2022,43,3,,,,,,,2,1,2,,,,5,,2024-04-17 20:11
204788,20478801,25,2022,43,3,1,381,2014m2,1,941,1,2,1,1,360,1,3,5,,2024-04-17 20:11
204788,20478802,25,2022,43,4,,,,,,,2,1,2,,,,5,,2024-04-17 20:11
204789,20478901,25,2022,45,6,1,561,2022m2,1,442,1,2,1,1,350,1,3,5,,2024-04-17 20:11
204789,20478902,25,2022,44,6,1,856,2016m2,1,254,1,2,1,2,180,1,4,5,,2024-04-17 20:11
204789,20478903,25,2022,15,2,,,,,,,1,1,2,,,,5,,2024-04-17 20:11
204790,20479001,25,2022,43,6,1,952,2022m3,2,751,1,2,1,1,300,2,2,4,,2024-04-17 20:11
204790,20479002,25,2022,44,6,2,856,2013m4,4,312,2,2,1,2,400,,2,4,,2024-04-17 20:11
204791,20479102,25,2022,46,4,1,701,2021m10,1,213,1,2,1,2,550,1,2,4,,2024-04-17 20:11
204792,20479201,25,2022,43,6,1,581,2013m6,1,285,1,2,1,1,440,1,2,4,,2024-04-17 20:11
204792,20479202,25,2022,42,6,2,855,2019m1,4,254,2,2,1,2,100,,2,4,,2024-04-17 20:11
204793,20479302,25,2022,42,3,,,,,,,2,1,2,,,,5,,2024-04-17 20:11
204794,20479401,25,2022,65,2,1,471,2021m9,2,941,1,3,1,2,150,2,4,6,,2024-04-17 20:11
204795,20479501,25,2022,54,4,1,464,2012m3,1,521,1,1,1,1,190,1,3,5,,2024-04-17 20:11
204799,20479901,25,2022,57,3,1,751,2019m10,3,910,1,2,1,1,300,2,3,5,,2024-04-17 20:11
204799,20479902,25,2022,48,5,1,872,2021m2,1,246,1,2,1,2,180,1,2,5,,2024-04-17 20:11
204799,20479903,25,2022,21,5,,,,,,,1,1,1,,,,5,,2024-04-17 20:11
204799,20479904,25,2022,18,2,,,,,,,1,1,1,,,,5,,2024-04-17 20:11
204800,20480001,25,2022,84,2,1,872,2018m3,2,922,1,2,1,1,27,2,2,5,,2024-04-17 20:11
204800,20480002,25,2022,78,2,,,,,,,2,1,2,,,,5,,2024-04-17 20:11
204801,20480102,25,2022,48,6,1,842,2012m2,1,311,1,2,1,2,280,1,2,4,,2024-04-17 20:11
204801,20480103,25,2022,19,4,,,,,,,1,1,1,,,,4,,2024-04-17 20:11
204801,20480104,25,2022,17,2,,,,,,,1,1,1,,,,4,,2024-04-17 20:11
204802,20480201,25,2022,48,5,2,465,2008m1,4,771,2,2,1,1,600,,3,4,,2024-04-17 20:11
204802,20480202,25,2022,48,3,1,712,2021m3,1,313,1,2,1,2,230,1,2,4,,2024-04-17 20:11
204802,20480203,25,2022,20,4,,,,,,,1,1,1,,,,4,,2024-04-17 20:11
204802,20480204,25,2022,17,2,,,,,,,1,1,1,,,,4,,2024-04-17 20:11
204804,20480401,25,2022,45,3,1,467,2019m10,1,874,1,2,1,1,350,1,3,4,,2024-04-17 20:11
204804,20480402,25,2022,43,3,1,961,2022m2,2,422,1,2,1,2,170,2,2,5,,2024-04-17 20:11
204805,20480501,25,2022,77,2,,,,,,,2,1,1,,,,5,,2024-04-17 20:11
204805,20480502,25,2022,73,2,,,,,,,2,1,2,,,,5,,2024-04-17 20:11
204806,20480601,25,2022,74,2,,,,,,,2,1,1,,,,4,,2024-04-17 20:11
204806,20480602,25,2022,60,2,,,,,,,2,1,2,,,,4,,2024-04-17 20:11
204807,20480701,25,2022,51,5,1,861,1997m2,1,245,1,2,1,1,500,1,2,4,,2024-04-17 20:11
204807,20480702,25,2022,49,3,1,467,2019m10,2,314,1,2,1,2,70,2,3,4,,2024-04-17 20:11
204807,20480703,25,2022,19,4,,,,,,,1,1,1,,,,4,,2024-04-17 20:11
204807,20480704,25,2022,17,2,,,,,,,1,1,2,,,,4,,2024-04-17 20:11
204808,20480801,25,2022,39,6,1,582,2022m4,1,222,1,2,1,1,430,1,2,4,,2024-04-17 20:11
204808,20480802,25,2022,39,5,1,872,2019m9,2,312,1,2,1,2,60,2,2,4,,2024-04-17 20:11
204809,20480901,25,2022,76,2,,,,,,,2,11,1,,,,4,,2024-04-17 20:11
204809,20480902,25,2022,75,2,,,,,,,2,11,2,,,,4,,2024-04-17 20:11
204810,20481001,25,2022,83,1,,,,,,,3,1,2,,,,5,,2024-04-17 20:11
204811,20481101,25,2022,47,3,2,426,2005m6,4,875,2,2,1,1,1500,,1,4,,2024-04-17 20:11
204811,20481102,25,2022,44,5,,,,,,,2,1,2,,,,4,,2024-04-17 20:11
204811,20481103,25,2022,20,4,,,,,,,1,1,1,,,,4,,2024-04-17 20:11
204811,20481104,25,2022,18,2,,,,,,,1,1,1,,,,4,,2024-04-17 20:11
204812,20481201,25,2022,50,3,1,529,2021m9,1,312,1,2,1,1,470,1,3,4,,2024-04-17 20:11
204812,20481202,25,2022,47,3,,,,,,,2,1,2,,,,4,,2024-04-17 20:11
204812,20481203,25,2022,18,2,,,,,,,1,1,1,,,,4,,2024-04-17 20:11
204812,20481204,25,2022,16,2,,,,,,,1,1,1,,,,5,,2024-04-17 20:11
204813,20481302,25,2022,45,3,1,651,2019m12,2,510,1,2,1,2,350,2,2,5,,2024-04-17 20:11
204813,20481303,25,2022,20,4,1,901,2022m1,2,392,1,1,1,2,36,2,3,4,,2024-04-17 20:11
204813,20481304,25,2022,19,4,1,561,2022m1,2,442,1,1,1,2,55,2,3,5,,2024-04-17 20:11
204814,20481401,25,2022,50,3,1,681,2014m9,2,274,1,2,1,1,400,2,3,4,,2024-04-17 20:11
204814,20481402,25,2022,48,3,1,851,2020m3,1,441,1,2,1,2,200,1,2,4,,2024-04-17 20:11
204814,20481403,25,2022,20,3,,,,,,,1,1,2,,,,4,,2024-04-17 20:11
204814,20481404,25,2022,18,2,1,561,2021m10,3,442,1,1,1,1,100,2,3,5,,2024-04-17 20:11
204814,20481405,25,2022,16,2,,,,,,,1,1,1,,,,4,,2024-04-17 20:11
204815,20481502,25,2022,40,5,,,,,,,2,1,2,,,,4,,2024-04-17 20:11
204816,20481601,25,2022,51,3,2,422,2011m4,4,792,2,2,1,1,400,,3,5,,2024-04-17 20:11
204816,20481602,25,2022,48,3,1,682,2020m9,2,314,1,2,1,2,60,2,3,4,,2024-04-17 20:11
204816,20481603,25,2022,20,4,,,,,,,1,1,1,,,,5,,2024-04-17 20:11
204816,20481604,25,2022,19,4,,,,,,,1,1,1,,,,5,,2024-04-17 20:11
204817,20481702,25,2022,41,3,,,,,,,2,1,2,,,,4,,2024-04-17 20:11
204818,20481801,25,2022,40,6,1,424,2019m11,3,783,1,2,8,1,300,2,3,5,,2024-04-17 20:11
204818,20481802,25,2022,43,4,,,,,,,2,8,2,,,,5,,2024-04-17 20:11
204818,20481803,25,2022,15,2,,,,,,,1,8,1,,,,5,,2024-04-17 20:11
204819,20481901,25,2022,45,6,1,424,2019m1,3,783,1,2,1,1,200,2,4,5,,2024-04-17 20:11
204819,20481902,25,2022,46,3,2,474,2019m11,4,521,2,2,1,2,100,,3,5,,2024-04-17 20:11
204819,20481903,25,2022,15,2,,,,,,,1,1,1,,,,5,,2024-04-17 20:11
204820,20482001,25,2022,52,6,1,844,1998m2,1,411,1,2,1,1,600,1,2,4,,2024-04-17 20:11
204820,20482002,25,2022,45,3,1,464,2022m6,2,953,1,2,1,2,220,2,2,4,,2024-04-17 20:11
204820,20482003,25,2022,18,2,,,,,,,1,1,1,,,,4,,2024-04-17 20:11
204820,20482004,25,2022,16,2,,,,,,,1,1,1,,,,4,,2024-04-17 20:11
204821,20482101,25,2022,85,6,,,,,,,3,1,2,,,,5,,2024-04-17 20:11
204822,20482201,25,2022,58,3,1,411,2016m3,3,910,1,2,8,1,250,2,3,5,,2024-04-17 20:11
204822,20482202,25,2022,58,3,,,,,,,2,8,2,,,,5,,2024-04-17 20:11
204823,20482301,25,2022,84,1,,,,,,,2,1,1,,,,6,,2024-04-17 20:11
204823,20482302,25,2022,77,2,,,,,,,2,1,2,,,,6,,2024-04-17 20:11
204824,20482401,25,2022,75,2,,,,,,,2,1,1,,,,5,,2024-04-17 20:11
204824,20482402,25,2022,74,2,,,,,,,2,1,2,,,,6,,2024-04-17 20:11
204825,20482501,25,2022,72,2,,,,,,,3,1,2,,,,6,,2024-04-17 20:11
204827,20482701,25,2022,81,1,,,,,,,3,1,2,,,,6,,2024-04-17 20:11
204828,20482801,25,2022,68,2,,,,,,,1,1,2,,,,6,,2024-04-17 20:11
204830,20483001,25,2022,84,2,1,872,2022m2,2,941,1,2,1,1,27,2,3,5,,2024-04-17 20:11
204830,20483002,25,2022,79,2,,,,,,,2,1,2,,,,6,,2024-04-17 20:11
204831,20483101,25,2022,78,2,,,,,,,2,1,1,,,,6,,2024-04-17 20:11
204831,20483102,25,2022,72,3,,,,,,,2,1,2,,,,6,,2024-04-17 20:11
204832,20483201,25,2022,80,2,,,,,,,2,1,1,,,,6,,2024-04-17 20:11
204832,20483202,25,2022,78,2,,,,,,,2,1,2,,,,6,,2024-04-17 20:11
204833,20483301,25,2022,60,2,,,,,,,3,1,2,,,,6,,2024-04-17 20:11
204834,20483401,25,2022,78,2,,,,,,,2,1,1,,,,6,,2024-04-17 20:11
204834,20483402,25,2022,71,3,,,,,,,2,1,2,,,,5,,2024-04-17 20:11
204835,20483501,25,2022,70,2,1,682,2015m3,2,941,1,3,1,2,130,2,3,4,,2024-04-17 20:11
204836,20483601,25,2022,68,3,,,,,,,2,1,1,,,,3,,2024-04-17 20:11
204836,20483602,25,2022,66,3,,,,,,,2,1,2,,,,3,,2024-04-17 20:11
204837,20483701,25,2022,60,3,,,,,,,2,1,1,,,,5,,2024-04-17 20:11
204837,20483702,25,2022,56,3,1,842,2019m5,1,941,1,2,1,2,260,1,3,5,,2024-04-17 20:11
204838,20483801,25,2022,40,6,1,721,2010m5,1,312,1,2,1,1,460,1,2,3,,2024-04-17 20:11
204839,20483901,25,2022,68,6,,,,,,,3,1,2,,,,5,,2024-04-17 20:11
204840,20484001,25,2022,83,1,,,,,,,3,1,2,,,,5,,2024-04-17 20:11
204842,20484201,25,2022,77,2,,,,,,,2,1,1,,,,5,,2024-04-17 20:11
204842,20484202,25,2022,75,2,1,841,2021m3,2,941,1,2,1,2,27,2,3,6,,2024-04-17 20:11
204843,20484301,25,2022,89,1,1,872,2021m3,2,941,1,3,1,2,27,2,3,5,,2024-04-17 20:11
204844,20484401,25,2022,70,6,,,,,,,2,1,1,,,,6,,2024-04-17 20:11
204844,20484402,25,2022,64,6,,,,,,,2,1,2,,,,6,,2024-04-17 20:11
204845,20484501,25,2022,72,2,,,,,,,2,1,1,,,,4,,2024-04-17 20:11
204845,20484502,25,2022,65,3,,,,,,,2,1,2,,,,4,,2024-04-17 20:11
204848,20484801,25,2022,35,5,2,582,2021m9,4,222,2,2,1,1,550,,2,3,,2024-04-17 20:11
204848,20484802,25,2022,35,5,,,,,,,2,1,2,,,,4,,2024-04-17 20:11
204849,20484901,25,2022,72,3,1,423,2010m3,1,762,1,2,1,1,400,1,3,5,,2024-04-17 20:11
204849,20484902,25,2022,67,2,,,,,,,2,1,2,,,,2,,2024-04-17 20:11
204850,20485001,25,2022,57,5,1,872,2012m6,1,421,1,1,1,2,380,1,2,4,,2024-04-17 20:11
204852,20485201,25,2022,84,2,,,,,,,2,1,1,,,,4,,2024-04-17 20:11
204852,20485202,25,2022,77,2,,,,,,,2,1,2,,,,4,,2024-04-17 20:11
204853,20485301,25,2022,62,5,,,,,,,1,1,1,,,,3,,2024-04-17 20:11
204854,20485401,25,2022,53,5,1,851,2011m3,2,421,1,3,1,2,210,2,2,3,,2024-04-17 20:11
204854,20485402,25,2022,27,5,1,465,2020m8,2,953,1,1,1,1,140,2,3,4,,2024-04-17 20:11
204854,20485403,25,2022,19,4,,,,,,,1,1,1,,,,4,,2024-04-17 20:11
204856,20485601,25,2022,87,1,,,,,,,3,1,2,,,,4,,2024-04-17 20:11
204857,20485701,25,2022,59,5,1,651,2003m5,3,510,1,2,1,2,250,2,3,4,,2024-04-17 20:11
204857,20485702,25,2022,61,6,2,478,2010m1,4,521,2,2,1,1,100,,4,4,,2024-04-17 20:11
204857,20485704,25,2022,29,6,,,,,,,1,1,1,,,,4,,2024-04-17 20:11
204858,20485801,25,2022,41,3,1,521,2020m5,1,312,1,2,1,1,300,1,2,5,,2024-04-17 20:11
204858,20485802,25,2022,31,3,1,682,2021m3,1,313,1,2,1,2,230,1,2,5,,2024-04-17 20:11
204859,20485901,25,2022,28,3,1,410,2017m1,1,910,1,1,1,1,200,2,3,5,,2024-04-17 20:11
204860,20486001,25,2022,50,3,1,861,2020m5,1,246,1,2,1,2,200,1,2,5,,2024-04-17 20:11
204860,20486002,25,2022,57,3,1,411,2000m2,3,743,1,2,1,1,300,2,3,5,,2024-04-17 20:11
204860,20486003,25,2022,24,5,1,682,2021m1,1,274,1,1,1,1,150,2,3,5,,2024-04-17 20:11
204860,20486004,25,2022,20,4,,,,,,,1,1,2,,,,4,,2024-04-17 20:11
204860,20486005,25,2022,17,2,,,,,,,1,1,2,,,,5,,2024-04-17 20:11
204861,20486101,25,2022,78,2,1,841,2019m3,2,421,1,2,1,2,27,2,2,6,,2024-04-17 20:11
204861,20486102,25,2022,80,2,,,,,,,2,1,1,,,,6,,2024-04-17 20:11
204862,20486201,25,2022,57,3,1,339,2020m2,1,930,1,2,1,2,150,1,2,6,,2024-04-17 20:11
204862,20486202,25,2022,60,5,1,952,2000m1,1,751,1,2,1,1,200,1,3,6,,2024-04-17 20:11
204863,20486301,25,2022,75,2,1,682,2015m3,1,942,1,2,1,1,150,2,3,4,,2024-04-17 20:11
204863,20486302,25,2022,71,2,,,,,,,2,1,2,,,,4,,2024-04-17 20:11
204864,20486401,25,2022,55,3,1,850,2002m3,1,952,1,2,1,2,160,2,3,4,,2024-04-17 20:11
204864,20486402,25,2022,59,3,1,,2000m3,1,412,1,2,1,1,400,1,2,4,,2024-04-17 20:11
204864,20486404,25,2022,28,6,1,861,2017m2,1,243,1,1,1,2,330,1,2,4,,2024-04-17 20:11
204864,20486405,25,2022,24,4,,,,,,,1,1,1,,,,4,,2024-04-17 20:11
204865,20486501,25,2022,48,3,,,,,,,2,1,2,,,,5,,2024-04-17 20:11
204865,20486502,25,2022,45,3,1,423,2005m3,3,762,1,2,1,1,400,2,3,5,,2024-04-17 20:11
204866,20486601,25,2022,67,3,1,682,2021m1,2,941,1,2,1,2,70,2,2,5,,2024-04-17 20:11
204866,20486602,25,2022,73,3,1,855,2010m2,1,873,1,2,1,1,150,2,2,5,,2024-04-17 20:11
204866,20486603,25,2022,43,5,1,241,2005m10,1,312,1,1,1,2,230,1,2,5,,2024-04-17 20:11
204867,20486701,25,2022,72,2,,,,,,,2,10,2,,,,4,,2024-04-17 20:11
204867,20486702,25,2022,74,2,,,,,,,2,10,1,,,,5,,2024-04-17 20:11
204868,20486801,25,2022,55,2,1,141,2013m5,1,721,1,2,1,2,150,1,3,5,,2024-04-17 20:11
204868,20486802,25,2022,59,2,2,492,2000m1,4,873,2,2,1,1,300,,3,5,,2024-04-17 20:11
204868,20486804,25,2022,28,3,1,464,2020m5,1,312,1,1,1,2,210,1,2,5,,2024-04-17 20:11
204868,20486805,25,2022,27,4,1,107,2019m3,1,930,1,1,1,1,180,1,3,5,,2024-04-17 20:11
204869,20486901,25,2022,52,2,1,141,2019m2,1,721,1,2,1,1,200,2,3,5,,2024-04-17 20:11
204869,20486902,25,2022,55,2,1,141,2019m2,1,721,1,2,1,2,160,2,3,5,,2024-04-17 20:11
204870,20487001,25,2022,78,2,,,,,,,2,1,2,,,,6,,2024-04-17 20:11
204870,20487002,25,2022,80,3,,,,,,,2,1,1,,,,6,,2024-04-17 20:11
204871,20487101,25,2022,37,6,1,222,2014m3,1,312,1,2,1,2,350,1,2,4,,2024-04-17 20:11
204871,20487102,25,2022,41,6,1,641,2017m3,1,312,1,2,1,1,250,1,2,4,,2024-04-17 20:11
204875,20487501,25,2022,62,3,1,841,2022m2,2,421,1,2,1,2,50,2,2,5,,2024-04-17 20:11
204875,20487502,25,2022,63,3,1,682,2020m7,1,942,1,2,1,1,160,2,3,5,,2024-04-17 20:11
204875,20487503,25,2022,31,6,,,,,,,1,1,2,,,,5,,2024-04-17 20:11
204877,20487701,25,2022,76,2,,,,,,,3,1,2,,,,3,,2024-04-17 20:11
204879,20487901,25,2022,51,3,1,411,2011m5,1,141,1,2,1,1,500,1,3,5,,2024-04-17 20:11
204879,20487902,25,2022,45,3,1,651,2021m9,2,510,1,2,1,2,100,2,3,5,,2024-04-17 20:11
204880,20488001,25,2022,45,6,1,582,2021m12,1,312,1,2,1,1,700,1,2,4,,2024-04-17 20:11
204880,20488002,25,2022,42,6,,,,,,,2,1,2,,,,4,,2024-04-17 20:11
204881,20488101,25,2022,38,6,1,649,2011m12,1,320,1,2,8,1,400,1,2,4,,2024-04-17 20:11
204881,20488102,25,2022,32,5,,,,,,,2,8,2,,,,4,,2024-04-17 20:11
204882,20488201,25,2022,60,3,1,141,2021m1,1,721,1,2,1,1,300,1,3,5,,2024-04-17 20:11
204882,20488202,25,2022,59,3,1,471,2019m6,2,941,1,2,1,2,185,2,2,5,,2024-04-17 20:11
204883,20488301,25,2022,71,2,,,,,,,2,1,1,,,,6,,2024-04-17 20:11
204883,20488302,25,2022,74,2,1,841,2022m3,2,922,1,2,1,2,27,2,2,6,,2024-04-17 20:11
204884,20488401,25,2022,40,5,2,479,2022m9,4,532,2,2,8,1,500,,2,4,,2024-04-17 20:11
204884,20488402,25,2022,39,3,3,472,2022m9,5,953,2,2,8,2,,,2,4,,2024-04-17 20:11
204885,20488501,25,2022,57,3,2,422,2016m2,4,792,2,2,1,1,350,,3,5,,2024-04-17 20:11
204885,20488502,25,2022,53,3,1,181,2008m10,1,799,1,2,1,2,215,1,2,5,,2024-04-17 20:11
204888,20488801,25,2022,61,6,1,841,1988m2,1,311,1,2,8,2,400,1,2,5,,2024-04-17 20:11
204890,20489001,25,2022,84,2,,,,,,,3,1,1,,,,4,,2024-04-17 20:11
204890,20489002,25,2022,57,2,1,141,2002m3,3,,1,3,1,1,200,2,3,4,,2024-04-17 20:11
204890,20489003,25,2022,22,3,,,,,,,1,1,1,,,,4,,2024-04-17 20:11
204891,20489101,25,2022,47,2,,,,,,,3,1,1,,,,4,,2024-04-17 20:11
204891,20489102,25,2022,25,3,,,,,,,1,1,2,,,,4,,2024-04-17 20:11
204891,20489103,25,2022,23,3,,,,,,,1,1,1,,,,4,,2024-04-17 20:11
204892,20489201,25,2022,90,2,,,,,,,2,1,1,,,,4,,2024-04-17 20:11
204892,20489202,25,2022,79,2,,,,,,,2,1,2,,,,4,,2024-04-17 20:11
204894,20489401,25,2022,32,6,1,582,2021m11,1,222,1,1,1,2,350,1,3,3,,2024-04-17 20:11
204895,20489501,25,2022,89,2,,,,,,,2,1,1,,,,4,,2024-04-17 20:11
204895,20489502,25,2022,82,2,,,,,,,2,1,2,,,,4,,2024-04-17 20:11
204896,20489601,25,2022,50,3,2,651,,4,510,2,3,1,2,200,,3,4,,2024-04-17 20:11
204898,20489801,25,2022,80,2,1,872,2019m2,2,942,1,2,1,1,27,2,3,4,,2024-04-17 20:11
204898,20489802,25,2022,74,2,,,,,,,2,1,2,,,,4,,2024-04-17 20:11
204899,20489901,25,2022,84,3,1,872,2019m3,2,,1,2,1,1,27,2,2,5,,2024-04-17 20:11
204899,20489902,25,2022,82,2,,,,,,,2,1,2,,,,5,,2024-04-17 20:11
204900,20490001,25,2022,47,6,,,,,,,1,1,1,,,,5,,2024-04-17 20:11
204901,20490101,25,2022,80,2,,,,,,,2,1,1,,,,6,,2024-04-17 20:11
204901,20490102,25,2022,69,2,,,,,,,2,1,2,,,,6,,2024-04-17 20:11
204902,20490201,25,2022,79,2,,,,,,,3,1,2,,,,6,,2024-04-17 20:11
204902,20490202,25,2022,56,2,,,,,,,1,1,1,,,,6,,2024-04-17 20:11
204904,20490401,25,2022,79,2,,,,,,,3,1,2,,,,5,,2024-04-17 20:11
204905,20490501,25,2022,62,3,2,493,2000m4,4,873,2,2,2,1,300,,3,4,,2024-04-17 20:11
204905,20490502,25,2022,59,2,1,472,2010m2,2,521,1,2,2,2,180,2,3,4,,2024-04-17 20:11
204906,20490601,25,2022,42,3,1,221,2002m6,1,832,1,2,2,1,400,1,2,5,,2024-04-17 20:11
204906,20490602,25,2022,38,4,,,,,,,2,2,2,,,,5,,2024-04-17 20:11
204907,20490701,25,2022,36,6,1,844,2014m6,1,411,1,2,2,1,320,1,2,3,,2024-04-17 20:11
204907,20490702,25,2022,35,6,1,841,2012m5,1,313,1,2,2,2,320,1,2,3,,2024-04-17 20:11
204908,20490801,25,2022,48,5,2,340,2016m5,4,761,2,2,2,1,400,,2,4,,2024-04-17 20:11
204908,20490802,25,2022,47,5,1,682,2019m2,1,313,1,2,2,2,240,1,3,4,,2024-04-17 20:11
204908,20490803,25,2022,21,3,1,478,2022m4,1,314,1,1,2,2,200,1,3,4,,2024-04-17 20:11
204909,20490901,25,2022,41,3,1,265,2002m5,1,864,1,2,2,1,320,1,2,3,,2024-04-17 20:11
204909,20490902,25,2022,42,5,2,493,2018m3,4,312,2,2,2,2,1000,,3,3,,2024-04-17 20:11
204909,20490903,25,2022,17,2,,,,,,,1,2,2,,,,4,,2024-04-17 20:11
204910,20491001,25,2022,37,5,,,,,,,2,2,2,,,,4,,2024-04-17 20:11
210297,20491002,25,2022,65,2,1,561,2021m7,3,441,1,3,2,2,72,2,3,6,,2024-04-17 20:11
204910,20491003,25,2022,38,4,1,259,2010m4,1,851,1,2,2,1,270,1,3,5,,2024-04-17 20:11
204911,20491101,25,2022,37,4,1,911,2019m10,2,286,1,2,15,1,400,2,2,4,,2024-04-17 20:11
204911,20491102,25,2022,39,4,1,872,2022m2,2,421,1,2,15,2,52,2,2,3,,2024-04-17 20:11
204912,20491201,25,2022,74,2,,,,,,,2,2,1,,,,4,,2024-04-17 20:11
204912,20491202,25,2022,67,2,,,,,,,2,2,2,,,,5,,2024-04-17 20:11
204912,20491203,25,2022,45,6,1,581,2011m4,1,892,1,1,2,1,250,1,3,4,,2024-04-17 20:11
204913,20491301,25,2022,61,6,2,493,2000m7,4,921,2,2,3,1,500,,3,5,,2024-04-17 20:11
204913,20491302,25,2022,57,3,1,471,2019m6,2,953,1,2,3,2,190,2,3,6,,2024-04-17 20:11
204915,20491501,25,2022,58,6,1,721,2000m1,1,231,1,2,3,1,460,1,2,4,,2024-04-17 20:11
204915,20491502,25,2022,55,5,,,,,,,2,3,2,,,,3,,2024-04-17 20:11
204915,20491503,25,2022,23,4,,,,,,,1,3,1,,,,3,,2024-04-17 20:11
204915,20491504,25,2022,23,4,,,,,,,1,3,1,,,,3,,2024-04-17 20:11
204916,20491601,25,2022,31,6,2,471,2021m3,4,521,2,1,7,1,2000,,1,4,,2024-04-17 20:11
204917,20491701,25,2022,70,2,,,,,,,3,3,1,,,,6,,2024-04-17 20:11
204918,20491801,25,2022,42,4,,,,,,,1,11,2,,,,5,,2024-04-17 20:11
204919,20491901,25,2022,76,2,1,872,2019m3,2,429,1,3,3,2,27,2,2,4,,2024-04-17 20:11
204920,20492001,25,2022,62,6,1,949,2013m1,1,248,1,2,3,1,250,1,2,4,,2024-04-17 20:11
204920,20492002,25,2022,58,6,1,841,2022m4,2,314,1,2,3,2,178,2,3,4,,2024-04-17 20:11
204920,20492003,25,2022,16,2,,,,,,,1,3,1,,,,4,,2024-04-17 20:11
204921,20492101,25,2022,80,3,,,,,,,3,3,1,,,,5,,2024-04-17 20:11
204922,20492201,25,2022,47,5,1,303,2022m1,1,312,1,2,3,1,500,2,3,4,,2024-04-17 20:11
204922,20492202,25,2022,47,5,1,855,2021m10,1,254,1,2,3,2,170,1,3,4,,2024-04-17 20:11
204922,20492203,25,2022,25,5,1,473,2021m2,1,531,1,1,3,1,230,2,3,4,,2024-04-17 20:11
204922,20492204,25,2022,19,4,,,,,,,1,3,2,,,,4,,2024-04-17 20:11
204923,20492301,25,2022,44,6,1,852,2005m3,1,252,1,2,3,1,600,1,2,3,,2024-04-17 20:11
204923,20492302,25,2022,42,6,1,852,2004m3,1,252,1,2,3,2,550,1,2,3,,2024-04-17 20:11
204925,20492501,25,2022,41,6,1,852,2006m3,1,252,1,2,3,1,650,1,2,3,,2024-04-17 20:11
204925,20492502,25,2022,40,6,1,852,2008m3,1,252,1,2,3,2,450,1,2,3,,2024-04-17 20:11
204926,20492601,25,2022,54,5,1,311,1998m2,1,312,1,2,3,1,500,1,2,4,,2024-04-17 20:11
204926,20492602,25,2022,51,3,,,,,,,2,3,2,,,,4,,2024-04-17 20:11
204927,20492701,25,2022,48,6,1,411,2000m8,1,141,1,2,3,1,420,1,2,4,,2024-04-17 20:11
204927,20492702,25,2022,48,6,1,681,2021m3,2,392,1,2,3,2,130,2,3,3,,2024-04-17 20:11
204927,20492703,25,2022,19,3,,,,,,,1,3,1,,,,3,,2024-04-17 20:11
204928,20492801,25,2022,48,6,1,641,2000m3,1,312,1,3,3,1,500,1,2,3,,2024-04-17 20:11
204928,20492803,25,2022,20,4,,,,,,,1,3,1,,,,3,,2024-04-17 20:11
204928,20492804,25,2022,17,2,,,,,,,1,3,1,,,,3,,2024-04-17 20:11
204930,20493001,25,2022,55,5,2,292,2002m4,4,854,2,2,3,1,800,,2,2,,2024-04-17 20:11
204930,20493002,25,2022,54,6,,,,,,,2,3,2,,,,3,,2024-04-17 20:11
204930,20493003,25,2022,26,6,1,282,2022m1,1,234,1,1,3,2,350,1,2,2,,2024-04-17 20:11
204930,20493004,25,2022,23,4,,,,,,,1,3,1,,,,2,,2024-04-17 20:11
204931,20493101,25,2022,28,6,1,853,2017m3,2,314,1,1,3,2,200,2,3,3,,2024-04-17 20:11
204931,20493102,25,2022,26,6,,,,,,,1,3,2,,,,4,,2024-04-17 20:11
204933,20493301,25,2022,46,6,1,259,2016m3,1,235,1,2,3,1,450,1,3,4,,2024-04-17 20:11
204933,20493302,25,2022,45,5,1,641,2022m2,1,320,1,2,3,2,200,2,2,3,,2024-04-17 20:11
204933,20493303,25,2022,18,2,,,,,,,1,3,2,,,,3,,2024-04-17 20:11
204934,20493401,25,2022,71,6,,,,,,,2,3,1,,,,5,,2024-04-17 20:11
204934,20493402,25,2022,66,2,,,,,,,2,3,2,,,,5,,2024-04-17 20:11
204934,20493403,25,2022,96,2,,,,,,,3,3,2,,,,5,,2024-04-17 20:11
204935,20493501,25,2022,58,3,1,241,1998m4,1,743,1,2,3,1,270,1,3,4,,2024-04-17 20:11
204935,20493502,25,2022,56,3,,,,,,,2,3,2,,,,4,,2024-04-17 20:11
204937,20493701,25,2022,59,3,2,426,2006m5,4,874,2,2,3,1,500,,2,4,,2024-04-17 20:11
204937,20493702,25,2022,54,2,,,,,,,2,3,2,,,,4,,2024-04-17 20:11
204937,20493703,25,2022,30,6,1,521,2022m5,2,314,1,1,3,2,100,2,3,4,,2024-04-17 20:11
204938,20493801,25,2022,85,1,,,,,,,3,3,2,,,,4,,2024-04-17 20:11
204938,20493802,25,2022,38,3,1,472,2019m10,1,521,1,2,3,1,280,2,3,4,,2024-04-17 20:11
204938,20493803,25,2022,34,2,1,862,2021m8,1,392,1,2,3,2,180,1,3,5,,2024-04-17 20:11
204939,20493901,25,2022,56,3,1,561,2012m4,1,442,1,3,3,2,180,2,3,5,,2024-04-17 20:11
204939,20493902,25,2022,27,3,1,561,2021m2,2,710,1,1,3,2,100,2,3,4,,2024-04-17 20:11
204942,20494201,25,2022,51,6,1,181,2014m12,1,312,1,2,5,1,328,1,3,4,,2024-04-17 20:11
204942,20494202,25,2022,50,3,1,872,2021m8,1,247,1,2,5,2,244,1,3,4,,2024-04-17 20:11
204943,20494301,25,2022,48,6,2,259,2014m2,4,274,2,2,5,1,2000,,2,4,,2024-04-17 20:11
204943,20494302,25,2022,46,6,,,,,,,2,5,2,,,,4,,2024-04-17 20:11
204943,20494303,25,2022,19,4,,,,,,,1,5,1,,,,4,,2024-04-17 20:11
204943,20494304,25,2022,16,2,,,,,,,1,5,1,,,,4,,2024-04-17 20:11
204944,20494401,25,2022,54,6,2,682,2021m2,4,274,2,2,5,1,600,,3,4,,2024-04-17 20:11
204944,20494402,25,2022,52,6,2,682,2015m1,4,274,2,2,5,2,300,,3,4,,2024-04-17 20:11
204947,20494702,25,2022,41,6,1,582,2022m3,1,224,1,2,5,2,380,1,3,3,,2024-04-17 20:11
204948,20494801,25,2022,45,3,1,562,2004m10,2,442,1,1,5,2,300,2,3,5,,2024-04-17 20:11
204948,20494803,25,2022,68,2,,,,,,,2,5,2,,,,5,,2024-04-17 20:11
204949,20494902,25,2022,38,6,2,855,2020m9,4,254,2,2,5,2,100,,2,4,,2024-04-17 20:11
204950,20495002,25,2022,39,5,1,451,2017m4,1,313,1,3,5,2,383,1,2,4,,2024-04-17 20:11
204950,20495004,25,2022,62,2,1,856,2021m2,1,941,1,3,5,2,198,1,2,4,,2024-04-17 20:11
204951,20495101,25,2022,37,3,1,753,2010m2,1,412,1,2,5,1,370,1,2,5,,2024-04-17 20:11
204951,20495102,25,2022,35,3,,,,,,,2,5,2,,,,5,,2024-04-17 20:11
204952,20495201,25,2022,54,3,1,493,1991m2,1,753,1,2,5,1,380,1,2,4,,2024-04-17 20:11
204952,20495202,25,2022,54,3,2,422,,4,141,2,2,5,2,230,,2,4,,2024-04-17 20:11
210152,20495203,25,2022,29,5,1,478,2015m11,1,521,1,2,5,2,270,1,1,4,,2024-04-17 20:11
204953,20495301,25,2022,38,5,1,108,2010m12,1,312,1,2,5,1,400,1,2,4,,2024-04-17 20:11
204953,20495302,25,2022,38,3,,,,,,,2,5,2,,,,4,,2024-04-17 20:11
204954,20495401,25,2022,47,3,1,291,2022m1,1,743,1,2,8,1,290,1,3,5,,2024-04-17 20:11
204954,20495402,25,2022,47,3,1,902,2021m9,2,282,1,2,8,2,98,2,3,5,,2024-04-17 20:11
210298,20495403,25,2022,25,6,1,471,2021m12,2,521,1,1,5,1,79,2,4,6,,2024-04-17 20:11
204955,20495502,25,2022,38,6,,,,,,,2,5,2,,,,4,,2024-04-17 20:11
204956,20495601,25,2022,38,6,1,468,2021m8,1,274,1,2,5,1,532,1,2,4,,2024-04-17 20:11
204956,20495602,25,2022,36,3,1,562,2022m5,1,521,1,2,5,2,50,2,2,4,,2024-04-17 20:11
204957,20495701,25,2022,70,2,,,,,,,3,4,2,,,,6,,2024-04-17 20:11
204958,20495801,25,2022,63,2,,,,,,,3,4,2,,,,6,,2024-04-17 20:11
204959,20495901,25,2022,40,6,1,465,2015m3,1,521,1,2,4,1,460,1,2,4,,2024-04-17 20:11
204959,20495902,25,2022,41,6,1,682,2022m5,1,313,1,2,4,2,227,1,2,4,,2024-04-17 20:11
204960,20496001,25,2022,50,5,1,682,2021m9,1,313,1,3,4,2,190,1,2,5,,2024-04-17 20:11
210069,20496002,25,2022,29,5,1,961,2019m8,1,422,1,1,1,1,150,1,4,5,,2024-04-17 20:11
210299,20496003,25,2022,19,3,1,204,2022m1,1,313,1,1,4,2,190,1,2,6,,2024-04-17 20:11
204961,20496101,25,2022,51,6,1,411,2001m2,1,312,1,2,4,1,520,1,2,4,,2024-04-17 20:11
204961,20496102,25,2022,50,6,1,871,2017m9,2,421,1,2,4,2,110,2,2,4,,2024-04-17 20:11
204961,20496103,25,2022,22,4,,,,,,,1,4,1,,,,4,,2024-04-17 20:11
204961,20496104,25,2022,19,4,,,,,,,1,4,1,,,,4,,2024-04-17 20:11
204961,20496105,25,2022,16,2,,,,,,,1,4,2,,,,4,,2024-04-17 20:11
204962,20496201,25,2022,50,3,1,463,2019m9,1,873,1,2,4,1,280,2,2,5,,2024-04-17 20:11
204962,20496202,25,2022,54,3,1,471,2016m1,1,532,1,2,4,2,150,2,2,5,,2024-04-17 20:11
204964,20496401,25,2022,49,3,1,424,2003m3,3,783,1,3,4,1,300,2,3,4,,2024-04-17 20:11
204964,20496402,25,2022,84,2,,,,,,,3,4,2,,,,4,,2024-04-17 20:11
204965,20496501,25,2022,65,6,1,969,2019m9,3,873,1,2,4,1,150,2,3,6,,2024-04-17 20:11
204965,20496502,25,2022,64,5,1,841,2022m3,2,941,1,2,4,2,160,2,2,6,,2024-04-17 20:11
204966,20496601,25,2022,41,5,1,271,2022m5,1,245,1,2,4,1,315,1,2,4,,2024-04-17 20:11
204966,20496602,25,2022,42,3,,,,,,,2,4,2,,,,4,,2024-04-17 20:11
204967,20496701,25,2022,45,2,1,562,2021m11,1,441,1,1,4,2,115,2,3,6,,2024-04-17 20:11
204968,20496801,25,2022,50,3,2,463,2006m1,4,521,2,2,4,1,300,,4,5,,2024-04-17 20:11
204968,20496802,25,2022,44,3,,,,,,,2,4,2,,,,5,,2024-04-17 20:11
204969,20496901,25,2022,54,3,2,969,2018m3,4,429,2,3,4,2,200,,1,4,,2024-04-17 20:11
204970,20497001,25,2022,65,2,1,493,2006m1,1,873,1,2,4,1,300,2,2,4,,2024-04-17 20:11
204970,20497002,25,2022,64,2,,,,,,,2,4,2,,,,4,,2024-04-17 20:11
204971,20497101,25,2022,37,3,1,478,2020m3,1,313,1,2,4,1,295,1,2,4,,2024-04-17 20:11
204971,20497102,25,2022,37,4,,,,,,,2,4,2,,,,4,,2024-04-17 20:11
204972,20497201,25,2022,49,3,1,492,2011m3,1,873,1,2,4,1,330,1,3,4,,2024-04-17 20:11
204972,20497202,25,2022,40,3,1,651,2012m3,1,510,1,2,4,2,80,2,2,4,,2024-04-17 20:11
204972,20497203,25,2022,16,2,,,,,,,1,4,2,,,,4,,2024-04-17 20:11
204973,20497301,25,2022,63,3,1,471,2013m3,1,941,1,2,4,1,170,2,2,4,,2024-04-17 20:11
204973,20497302,25,2022,65,3,,,,,,,2,4,2,,,,4,,2024-04-17 20:11
204975,20497501,25,2022,78,2,,,,,,,2,4,1,,,,5,,2024-04-17 20:11
204975,20497502,25,2022,78,2,,,,,,,2,4,2,,,,4,,2024-04-17 20:11
204976,20497601,25,2022,50,5,1,649,2003m3,1,320,1,2,4,1,500,2,2,4,,2024-04-17 20:11
204976,20497602,25,2022,43,3,1,841,2022m3,2,391,1,2,4,2,200,2,2,4,,2024-04-17 20:11
204976,20497603,25,2022,19,4,,,,,,,1,4,2,,,,4,,2024-04-17 20:11
204976,20497604,25,2022,17,2,,,,,,,1,4,1,,,,4,,2024-04-17 20:11
204976,20497606,25,2022,76,2,1,872,2021m6,2,421,1,3,4,2,250,2,2,4,,2024-04-17 20:11
204977,20497701,25,2022,60,2,,,,,,,1,4,1,,,,5,,2024-04-17 20:11
204978,20497801,25,2022,56,3,1,422,2022m3,2,910,1,1,4,1,250,2,2,6,,2024-04-17 20:11
204980,20498001,25,2022,47,3,1,493,2019m6,1,873,1,2,4,1,350,1,3,4,,2024-04-17 20:11
204980,20498002,25,2022,46,3,1,861,2015m2,1,246,1,2,4,2,230,2,3,4,,2024-04-17 20:11
204980,20498003,25,2022,20,3,1,582,2021m2,1,222,1,1,4,2,220,1,2,4,,2024-04-17 20:11
204982,20498201,25,2022,66,2,,,,,,,3,4,1,,,,6,,2024-04-17 20:11
204982,20498202,25,2022,34,2,,,,,,,1,4,1,,,,6,,2024-04-17 20:11
204982,20498203,25,2022,106,1,,,,,,,3,4,2,,,,6,,2024-04-17 20:11
204984,20498401,25,2022,57,3,1,471,2001m10,1,441,1,3,4,2,200,2,3,5,,2024-04-17 20:11
204984,20498402,25,2022,31,3,1,453,2018m1,1,314,1,1,4,2,100,1,4,5,,2024-04-17 20:11
204985,20498501,25,2022,57,3,1,421,1985m3,3,781,1,2,4,1,180,2,3,4,,2024-04-17 20:11
204985,20498502,25,2022,54,3,,,,,,,2,4,2,,,,4,,2024-04-17 20:11
204985,20498503,25,2022,27,5,1,561,2018m8,2,521,1,1,4,2,180,2,2,4,,2024-04-17 20:11
204985,20498504,25,2022,26,5,1,612,2022m6,1,399,1,1,4,2,175,2,3,4,,2024-04-17 20:11
204986,20498601,25,2022,59,3,1,464,1990m5,1,274,1,3,4,1,315,1,3,4,,2024-04-17 20:11
204987,20498701,25,2022,28,6,,,,,,,2,4,1,,,,4,,2024-04-17 20:11
204987,20498702,25,2022,28,6,1,872,2021m4,1,312,1,2,4,2,210,2,3,4,,2024-04-17 20:11
204989,20498901,25,2022,54,3,1,181,2010m6,1,799,1,3,4,1,290,1,2,4,,2024-04-17 20:11
204990,20499001,25,2022,32,5,1,111,2021m10,1,812,1,2,4,1,270,1,3,4,,2024-04-17 20:11
204990,20499002,25,2022,32,3,,,,,,,2,4,2,,,,4,,2024-04-17 20:11
204991,20499101,25,2022,39,6,1,852,2021m3,1,252,1,2,4,1,390,2,2,3,,2024-04-17 20:11
204991,20499102,25,2022,36,6,,,,,,,2,4,2,,,,3,,2024-04-17 20:11
204992,20499201,25,2022,68,5,2,465,2001m3,4,521,2,2,4,1,,,2,5,,2024-04-17 20:11
204992,20499202,25,2022,68,2,,,,,,,2,4,2,,,,5,,2024-04-17 20:11
204992,20499203,25,2022,40,5,1,423,2017m7,1,772,1,1,4,1,230,1,3,4,,2024-04-17 20:11
204993,20499301,25,2022,52,5,1,741,2021m9,2,862,1,2,4,1,205,2,3,4,,2024-04-17 20:11
204993,20499302,25,2022,47,5,1,271,2019m2,1,832,1,2,4,2,200,2,2,4,,2024-04-17 20:11
204994,20499401,25,2022,72,2,1,742,2015m3,2,941,1,3,4,2,100,2,2,6,,2024-04-17 20:11
204994,20499402,25,2022,52,3,1,872,2021m10,2,421,1,1,4,1,50,2,2,6,,2024-04-17 20:11
204995,20499501,25,2022,54,3,1,492,1999m10,1,873,1,2,4,1,330,1,2,4,,2024-04-17 20:11
204995,20499502,25,2022,58,2,1,742,2021m3,2,941,1,2,4,2,70,2,3,4,,2024-04-17 20:11
204995,20499503,25,2022,20,4,,,,,,,1,4,1,,,,4,,2024-04-17 20:11
204996,20499601,25,2022,58,6,1,701,2009m3,1,131,1,2,4,1,230,1,3,5,,2024-04-17 20:11
204996,20499602,25,2022,61,3,,,,,,,2,4,2,,,,5,,2024-04-17 20:11
210153,20499603,25,2022,29,4,1,264,2022m2,1,864,1,1,4,1,197,1,3,4,,2024-04-17 20:11
204997,20499701,25,2022,50,5,1,292,2009m3,1,854,1,2,4,1,270,1,3,4,,2024-04-17 20:11
204997,20499702,25,2022,49,5,1,862,2021m4,1,241,1,2,4,2,150,2,2,4,,2024-04-17 20:11
204997,20499704,25,2022,16,2,,,,,,,1,4,1,,,,4,,2024-04-17 20:11
204998,20499801,25,2022,69,2,2,492,2010m3,4,873,2,2,4,1,200,,2,5,,2024-04-17 20:11
204998,20499802,25,2022,64,2,,,,,,,2,4,2,,,,5,,2024-04-17 20:11
210027,20499803,25,2022,39,5,,,,,,,2,4,2,,,,3,,2024-04-17 20:11
205000,20500001,25,2022,65,3,2,492,2008m3,4,873,2,2,4,1,150,,2,5,,2024-04-17 20:11
205000,20500002,25,2022,64,2,,,,,,,2,4,2,,,,5,,2024-04-17 20:11
210028,20500003,25,2022,34,5,1,464,2013m5,1,274,1,1,4,1,300,1,3,4,,2024-04-17 20:11
205001,20500101,25,2022,59,5,2,492,2006m4,4,873,2,2,4,1,400,,3,4,,2024-04-17 20:11
205001,20500102,25,2022,53,3,,,,,,,2,4,2,,,,4,,2024-04-17 20:11
210035,20500103,25,2022,29,5,1,661,2020m4,1,272,1,2,8,1,650,2,2,4,,2024-04-17 20:11
210189,20500104,25,2022,23,3,1,721,2021m5,1,237,1,1,10,1,210,1,2,4,,2024-04-17 20:11
205002,20500201,25,2022,37,6,1,521,2011m1,1,312,1,2,8,1,300,1,3,5,,2024-04-17 20:11
205002,20500202,25,2022,35,5,1,852,2021m9,1,313,1,2,8,2,220,1,2,4,,2024-04-17 20:11
205003,20500301,25,2022,38,5,2,424,2020m4,4,782,2,2,8,1,350,,3,5,,2024-04-17 20:11
205003,20500302,25,2022,35,5,,,,,,,2,8,2,,,,5,,2024-04-17 20:11
205004,20500401,25,2022,51,3,1,492,2009m10,1,873,1,1,8,1,340,1,3,5,,2024-04-17 20:11
205005,20500501,25,2022,62,2,1,871,2020m9,2,421,1,3,8,2,200,2,3,5,,2024-04-17 20:11
205006,20500601,25,2022,60,5,,,,,,,2,13,1,,,,4,,2024-04-17 20:11
205007,20500701,25,2022,70,3,1,492,2010m2,2,873,1,2,8,1,220,2,3,5,,2024-04-17 20:11
205007,20500702,25,2022,65,2,1,872,2015m6,2,421,1,2,8,2,88,2,4,5,,2024-04-17 20:11
205008,20500801,25,2022,50,3,2,463,2019m6,4,873,2,2,8,1,250,,3,5,,2024-04-17 20:11
205008,20500802,25,2022,47,3,,,,,,,2,8,2,,,,5,,2024-04-17 20:11
205009,20500901,25,2022,58,5,1,729,2016m2,1,234,1,2,8,1,400,1,3,5,,2024-04-17 20:11
205009,20500902,25,2022,51,3,1,729,2021m8,3,245,1,2,8,2,28,2,3,4,,2024-04-17 20:11
205009,20500903,25,2022,26,6,,,,,,,1,8,2,,,,4,,2024-04-17 20:11
205009,20500904,25,2022,24,4,,,,,,,1,8,2,,,,5,,2024-04-17 20:11
205010,20501001,25,2022,79,1,,,,,,,3,8,2,,,,4,,2024-04-17 20:11
205011,20501101,25,2022,85,1,,,,,,,3,8,2,,,,4,,2024-04-17 20:11
205012,20501201,25,2022,67,2,,,,,,,2,11,2,,,,5,,2024-04-17 20:11
205012,20501202,25,2022,75,2,,,,,,,2,11,1,,,,5,,2024-04-17 20:11
205013,20501301,25,2022,29,3,1,303,2016m6,1,312,1,2,8,1,210,1,2,4,,2024-04-17 20:11
205013,20501302,25,2022,30,6,1,303,2021m9,2,312,1,2,8,2,180,2,2,4,,2024-04-17 20:11
205014,20501401,25,2022,53,3,1,872,2021m8,1,247,1,2,8,2,220,1,2,4,,2024-04-17 20:11
205014,20501402,25,2022,57,3,1,463,2013m3,1,510,1,2,8,1,200,1,2,4,,2024-04-17 20:11
210251,20501403,25,2022,28,6,1,713,2022m4,1,285,1,1,1,2,230,1,3,5,,2024-04-17 20:11
205015,20501501,25,2022,43,3,1,911,2005m7,1,286,1,2,8,1,190,1,2,4,,2024-04-17 20:11
205016,20501601,25,2022,38,6,1,141,2008m7,1,285,1,2,8,1,300,1,2,4,,2024-04-17 20:11
205016,20501602,25,2022,37,6,1,872,2021m1,1,312,1,2,8,2,,1,2,4,,2024-04-17 20:11
205017,20501701,25,2022,48,3,2,222,2010m6,4,832,2,2,8,1,550,,2,4,,2024-04-17 20:11
205017,20501702,25,2022,53,3,,,,,,,2,8,2,,,,3,,2024-04-17 20:11
205017,20501703,25,2022,20,4,,,,,,,1,8,1,,,,3,,2024-04-17 20:11
205017,20501704,25,2022,18,2,,,,,,,1,8,2,,,,3,,2024-04-17 20:11
205018,20501801,25,2022,50,6,1,711,2005m3,1,330,1,2,8,1,450,1,3,3,,2024-04-17 20:11
205018,20501802,25,2022,50,6,,,,,,,2,8,2,,,,3,,2024-04-17 20:11
205018,20501803,25,2022,22,4,,,,,,,1,8,2,,,,3,,2024-04-17 20:11
205018,20501804,25,2022,21,4,,,,,,,1,8,1,,,,5,,2024-04-17 20:11
205019,20501901,25,2022,56,3,2,424,2008m9,4,782,2,2,8,1,400,,3,4,,2024-04-17 20:11
205019,20501902,25,2022,54,3,,,,,,,2,8,2,,,,4,,2024-04-17 20:11
205019,20501903,25,2022,27,4,,,,,,,1,8,1,,,,4,,2024-04-17 20:11
205019,20501904,25,2022,23,6,,,,,,,1,8,2,,,,4,,2024-04-17 20:11
205020,20502001,25,2022,50,3,1,841,2015m3,1,783,1,2,8,1,350,1,2,4,,2024-04-17 20:11
205020,20502002,25,2022,50,5,,,,,,,2,8,2,,,,4,,2024-04-17 20:11
205020,20502003,25,2022,23,5,1,872,2020m3,1,247,1,1,8,2,240,1,2,3,,2024-04-17 20:11
205020,20502004,25,2022,22,4,,,,,,,1,8,2,,,,3,,2024-04-17 20:11
205020,20502005,25,2022,15,2,,,,,,,1,8,1,,,,4,,2024-04-17 20:11
205021,20502101,25,2022,52,5,1,561,1996m9,1,312,1,2,1,1,500,1,3,5,,2024-04-17 20:11
205022,20502201,25,2022,53,3,1,752,1995m5,1,273,1,2,8,1,500,1,2,3,,2024-04-17 20:11
205022,20502202,25,2022,49,3,,,,,,,2,8,2,,,,3,,2024-04-17 20:11
205022,20502203,25,2022,21,4,,,,,,,1,8,1,,,,3,,2024-04-17 20:11
205022,20502204,25,2022,19,4,,,,,,,1,8,1,,,,3,,2024-04-17 20:11
205023,20502301,25,2022,78,1,,,,,,,3,8,2,,,,5,,2024-04-17 20:11
205023,20502302,25,2022,58,3,1,902,2018m2,1,521,1,3,8,2,250,1,2,5,,2024-04-17 20:11
205024,20502401,25,2022,43,3,1,473,2003m4,1,531,1,2,8,1,500,1,3,4,,2024-04-17 20:11
205024,20502402,25,2022,44,3,,,,,,,2,8,2,,,,4,,2024-04-17 20:11
205024,20502403,25,2022,15,2,,,,,,,1,8,1,,,,3,,2024-04-17 20:11
205025,20502501,25,2022,64,3,1,682,2021m12,2,941,1,3,8,2,140,2,3,5,,2024-04-17 20:11
205027,20502701,25,2022,48,3,1,952,2010m5,1,751,1,2,8,1,600,1,3,3,,2024-04-17 20:11
205027,20502702,25,2022,48,3,,,,,,,2,8,2,,,,3,,2024-04-17 20:11
205027,20502703,25,2022,15,2,,,,,,,1,8,1,,,,3,,2024-04-17 20:11
205028,20502801,25,2022,43,5,,,,,,,3,8,2,,,,5,,2024-04-17 20:11
205031,20503101,25,2022,83,3,,,,,,,2,8,1,,,,5,,2024-04-17 20:11
205031,20503102,25,2022,74,2,,,,,,,2,8,2,,,,5,,2024-04-17 20:11
205032,20503201,25,2022,86,1,,,,,,,3,8,2,,,,5,,2024-04-17 20:11
205033,20503301,25,2022,65,2,1,320,2013m10,1,730,1,2,8,1,245,1,3,5,,2024-04-17 20:11
205033,20503302,25,2022,65,2,1,742,2019m1,1,941,1,2,8,2,130,1,3,5,,2024-04-17 20:11
205034,20503401,25,2022,80,1,,,,,,,2,8,2,,,,5,,2024-04-17 20:11
205035,20503501,25,2022,79,2,,,,,,,3,8,1,,,,5,,2024-04-17 20:11
205036,20503601,25,2022,81,1,,,,,,,3,8,2,,,,5,,2024-04-17 20:11
205037,20503701,25,2022,88,1,,,,,,,3,8,2,,,,5,,2024-04-17 20:11
205039,20503901,25,2022,70,2,2,251,1990m3,4,783,2,2,8,1,200,,3,4,,2024-04-17 20:11
205039,20503902,25,2022,68,2,3,251,,5,783,2,2,8,2,,,3,4,,2024-04-17 20:11
205040,20504001,25,2022,80,2,,,,,,,3,8,2,,,,5,,2024-04-17 20:11
205041,20504101,25,2022,73,2,,,,,,,3,8,2,,,,5,,2024-04-17 20:11
205041,20504102,25,2022,47,4,,,,,,,1,8,1,,,,5,,2024-04-17 20:11
205042,20504201,25,2022,79,2,2,11,,4,611,2,2,8,1,50,,3,5,,2024-04-17 20:11
205042,20504202,25,2022,77,2,3,11,,5,611,2,2,8,2,,,3,5,,2024-04-17 20:11
205043,20504301,25,2022,78,2,,,,,,,2,8,1,,,,5,,2024-04-17 20:11
205043,20504302,25,2022,78,2,,,,,,,2,8,2,,,,5,,2024-04-17 20:11
205044,20504402,25,2022,76,2,,,,,,,2,8,2,,,,5,,2024-04-17 20:11
210001,21000102,25,2022,39,3,1,582,2009m5,1,222,1,2,1,1,500,1,3,4,,2024-04-17 20:11
210002,21000202,25,2022,33,6,1,423,2020m10,1,762,1,2,6,1,350,1,3,5,,2024-04-17 20:11
210003,21000302,25,2022,34,5,,,,,,,2,14,2,,,,4,,2024-04-17 20:11
210005,21000502,25,2022,38,6,1,291,2011m3,1,851,1,2,2,1,350,1,3,5,,2024-04-17 20:11
210006,21000602,25,2022,32,6,1,949,2017m3,1,248,1,2,2,1,250,1,2,5,,2024-04-17 20:11
210019,21001902,25,2022,31,3,1,452,2014m5,1,521,1,2,8,1,290,1,3,5,,2024-04-17 20:11
210021,21002102,25,2022,32,3,,,,,,,2,8,2,,,,5,,2024-04-17 20:11
210024,21002402,25,2022,33,5,1,303,2013m3,1,854,1,2,2,1,270,1,3,5,,2024-04-17 20:11
210025,21002502,25,2022,32,6,1,861,2018m4,1,245,1,2,2,1,330,1,2,4,,2024-04-17 20:11
210027,21002702,25,2022,39,6,1,412,2013m3,1,792,1,2,4,1,300,1,2,3,,2024-04-17 20:11
210057,21005702,25,2022,41,5,,,,,,,2,1,1,,,,5,,2024-04-17 20:11
210071,21007102,25,2022,33,6,1,471,2015m2,1,953,1,2,13,1,300,1,3,5,,2024-04-17 20:11
210073,21007302,25,2022,27,5,,,,,,,2,12,2,,,,4,,2024-04-17 20:11
210074,21007402,25,2022,34,6,1,641,2021m9,1,320,1,2,3,2,500,1,2,3,,2024-04-17 20:11
210075,21007502,25,2022,25,3,,,,,,,2,3,2,,,,4,,2024-04-17 20:11
210078,21007802,25,2022,28,6,,,,,,,2,1,2,,,,3,,2024-04-17 20:11
210080,21008002,25,2022,34,6,1,682,2020m3,1,274,1,2,1,1,450,1,3,4,,2024-04-17 20:11
210081,21008102,25,2022,43,5,2,759,2010m3,4,761,2,2,14,1,300,,3,4,,2024-04-17 20:11
210088,21008803,25,2022,35,6,2,856,2017m3,4,254,2,2,2,2,200,,2,4,,2024-04-17 20:11
210100,21010002,25,2022,44,3,1,311,2011m3,2,922,1,2,13,1,260,2,3,5,,2024-04-17 20:11
210101,21010102,25,2022,32,6,1,872,2020m2,1,247,1,2,6,1,180,2,2,5,,2024-04-17 20:11
210152,21015202,25,2022,33,5,1,422,2015m6,1,753,1,2,5,1,400,1,2,4,,2024-04-17 20:11
210154,21015402,25,2022,38,5,1,529,2016m11,1,313,1,2,1,1,300,1,3,4,,2024-04-17 20:11
210160,21016002,25,2022,26,6,1,620,2016m6,1,222,1,2,10,1,540,1,2,3,,2024-04-17 20:11
210164,21016402,25,2022,37,6,,,,,,,2,6,2,,,,4,,2024-04-17 20:11
210170,21017002,25,2022,52,2,,,,,,,2,12,2,,,,5,,2024-04-17 20:11
210173,21017302,25,2022,31,6,1,291,2018m5,1,753,1,2,10,1,284,1,3,4,,2024-04-17 20:11
210174,21017402,25,2022,32,6,1,713,2013m3,1,313,1,2,13,2,270,1,2,5,,2024-04-17 20:11
210176,21017602,25,2022,48,3,2,561,2020m11,4,442,2,2,10,2,400,,3,4,,2024-04-17 20:11
210178,21017802,25,2022,41,6,1,641,2007m9,1,320,1,2,9,1,300,1,2,4,,2024-04-17 20:11
210185,21018502,25,2022,28,5,1,451,2022m1,2,510,1,2,1,2,185,2,2,4,,2024-04-17 20:11
210186,21018602,25,2022,38,6,1,712,2020m10,1,271,1,2,1,1,450,1,2,3,,2024-04-17 20:11
210187,21018702,25,2022,27,3,1,465,2021m2,1,313,1,2,11,2,197,1,3,4,,2024-04-17 20:11
210253,21025302,25,2022,34,6,1,682,2015m3,1,312,1,2,13,2,200,1,2,5,,2024-04-17 20:11
210258,21025802,25,2022,39,3,1,561,2022m2,1,521,1,2,2,2,250,1,3,5,,2024-04-17 20:11
210262,21026202,25,2022,31,6,1,861,2017m3,1,243,1,2,3,2,300,1,2,3,,2024-04-17 20:11
210263,21026302,25,2022,29,6,1,311,2018m3,1,235,1,2,7,1,400,1,2,5,,2024-04-17 20:11
210264,21026402,25,2022,34,6,1,262,2015m3,1,234,1,2,11,1,450,1,2,3,,2024-04-17 20:11
210274,21027402,25,2022,29,6,1,872,2017m3,1,312,1,2,2,2,210,1,2,4,,2024-04-17 20:11
210276,21027602,25,2022,37,4,1,351,2016m3,1,412,1,2,14,1,250,1,3,4,,2024-04-17 20:11
210278,21027802,25,2022,37,6,1,262,2014m5,1,234,1,2,1,1,500,1,2,3,,2024-04-17 20:11
210279,21027902,25,2022,39,5,,,,,,,2,9,2,,,,4,,2024-04-17 20:11
210291,21029102,25,2022,30,5,1,241,2019m3,1,312,1,2,7,1,460,1,2,5,,2024-04-17 20:11
210293,21029302,25,2022,34,6,1,641,2011m3,1,320,1,2,15,2,350,1,3,5,,2024-04-17 20:11
210300,21030002,25,2022,31,6,1,952,2018m3,1,751,1,2,6,1,250,1,3,5,,2024-04-17 20:11
